Discharge Time (s),Decrement 3.6-3.4V (s),Max. Voltage Dischar. (V),Min. Voltage Charg. (V),Time at 4.15V (s),Time constant current (s),Charging time (s),Voltage_Range,Delta_SOH,Rolling_DischargeTime,Rolling_SOH
2595.3,1151.4885,3.67,3.211,5460.001,6755.01,10777.82,0.4590000000000001,,2595.3,1.0
2566.08,1161.9829999999995,3.667,3.214,5452.992000000001,6740.99,10938.33,0.4529999999999998,0.9955035971223022,132182.69199999998,0.2001798561151079
2590.98,1154.976,3.667,3.224,5452.991999999999,6727.01,10819.42,0.4429999999999996,0.9955035971223022,137864.52,0.2001798561151079
2590.02,1189.984,3.664,3.226,5404.001,6706.02,10909.09,0.4380000000000001,0.9991007194244604,191120.714,0.2008992805755395
2576.0,1197.024,3.663,3.223,5418.016,6712.99,10815.74,0.4399999999999999,0.9955035971223022,137367.93199999997,0.2001798561151079
2652.99,1364.991,3.652,3.233,5340.992999999999,6664.0,11018.02,0.419,0.9955035971223022,135330.882,0.2001798561151079
2565.31,1186.4965,3.664,3.221,5439.007,6740.99,10999.07,0.443,0.9955035971223022,190696.232,0.2001798561151079
2562.02,1140.991,3.666,3.219,5452.993,6740.99,10836.0,0.447,0.9955035971223022,138629.682,0.2001798561151079
2604.0,1186.4955,3.666,3.213,5424.991,6706.02,10772.99,0.4529999999999998,0.9955035971223022,136932.88199999998,0.2001798561151079
2590.02,1239.007,3.66,3.225,5376.0,6678.01,10821.98,0.435,1.018884892086331,190921.208,0.2048561151079136
2590.02,1274.016,3.657,3.23,5355.008000000002,6664.0,10864.0,0.427,1.0008992805755397,134587.83999999997,0.2012589928057554
2590.5,1169.024,3.667,3.206,5446.016,6734.02,10759.26,0.4609999999999998,0.9928057553956836,192636.58599999995,0.1996402877697841
2609.47,1371.9999999999998,3.65,3.228,5348.0,6678.02,11078.56,0.4219999999999997,0.9910071942446044,137492.514,0.1992805755395683
2587.94,1231.999,3.661,3.223,5383.009,6678.02,10856.83,0.4380000000000001,0.9955035971223022,136932.786,0.2001798561151079
7326.91,1161.9839999999967,4.243,3.225,5480.991999999995,6720.0,10620.32,1.0180000000000002,-0.000899281,133459.636,0.3985611510791367
7408.64,1172.5125000000007,4.246,3.22,5508.991999999998,6762.02,10500.35,1.0260000000000002,-0.000899281,5001.97,0.9995503597122302
7333.44,1196.992000000002,4.24,3.227,5480.991999999995,6740.99,10683.97,1.0130000000000003,-0.000899281,191973.32,0.3985611510791367
7340.51,1143.328000000001,4.245,3.228,5480.991999999995,6720.0,10520.99,1.017,-0.000899281,139931.908,0.3985611510791367
7371.01,1232.0,4.239,3.234,5460.0,6712.99,10500.0,1.005,-0.000899281,138666.93399999998,0.3985611510791367
7384.99,1228.4959999999992,4.242,3.221,5488.0,6727.01,10492.99,1.021,-0.000899281,138224.83,0.3985611510791367
7330.72,1164.319999999996,4.242,3.231,5474.014999999999,6712.99,10511.29,1.011,-0.000899281,139173.40199999997,0.3985611510791367
7342.94,1284.4960000000028,4.237,3.242,5424.991000000002,6678.02,10543.36,0.995,-0.000899281,192205.472,0.4079136690647482
7356.99,1386.0169999999998,4.231,3.247,5368.991999999998,6643.01,10766.02,0.984,-0.000899281,136608.63,0.3985611510791367
7356.99,1232.0,4.24,3.239,5446.016000000003,6699.01,10598.02,1.0010000000000003,-0.000899281,192411.036,0.4
7387.45,1204.0,4.242,3.213,5505.503999999997,6755.01,10449.44,1.029,-0.000899281,193961.476,0.3974820143884892
7378.01,1326.5114999999969,4.232,3.234,5411.008000000005,6671.01,10576.99,0.9980000000000002,-0.000899281,135863.82999999996,0.4007194244604316
7380.38,1435.0080000000053,4.228,3.242,5418.017000000004,6684.99,10792.29,0.9859999999999998,-0.000899281,138798.202,0.3967625899280575
7364.06,1271.680666666667,4.235,3.235,5432.0,6678.02,10564.77,1.0000000000000004,-0.000899281,138240.33599999998,0.3985611510791367
7343.91,1341.6640000000043,4.231,3.253,5396.991999999998,6664.0,10664.9,0.9779999999999998,-0.000899281,140096.584,0.5942446043165467
7302.5,1133.984000000004,4.242,3.232,5460.0,6720.0,10579.1,1.0099999999999998,-0.000899281,193246.62,0.5969424460431655
7393.76,1112.991999999991,4.249,3.224,5508.993000000002,6762.02,10420.38,1.0249999999999997,-0.000899281,5799.233333333334,0.9991007194244604
7314.4,1102.4800000000032,4.245,3.233,5467.008000000002,6712.99,10443.3,1.012,-0.000899281,140479.206,0.5969424460431655
7293.63,1092.0,4.245,3.232,5452.991999999998,6699.01,10481.69,1.013,-0.000899281,134731.124,0.5969424460431655
7329.02,1152.651333333335,4.243,3.243,5431.999999999993,6684.99,10479.01,1.0000000000000004,-0.000899281,193869.964,0.5991007194244604
7336.0,1295.0079999999944,4.232,3.251,5355.008000000002,6628.99,10612.0,0.9810000000000004,-0.000899281,137882.418,0.5969424460431655
7309.44,1201.674666666666,4.239,3.248,5411.008000000002,6656.99,10471.59,0.9909999999999995,-0.000899281,193483.536,0.6109712230215828
7356.99,1246.015999999996,4.235,3.239,5404.0,6656.99,10479.01,0.9960000000000004,-0.000899281,137135.55199999997,0.6001798561151079
7343.01,1148.0,4.241,3.24,5439.008000000002,6692.0,10402.02,1.0009999999999994,-0.000899281,139960.33599999998,0.5969424460431655
7361.89,1140.991999999991,4.245,3.217,5495.008000000002,6740.99,10401.15,1.028,-0.000899281,195281.992,0.5953237410071942
7315.01,1081.4879999999976,4.248,3.23,5467.007000000005,6712.99,10408.99,1.0180000000000002,-0.000899281,141228.86000000002,0.5969424460431655
7364.0,1165.5190000000002,4.244,3.225,5480.989000000001,6720.0,10367.01,1.0189999999999997,-0.000899281,139513.58,0.5969424460431655
7344.54,1200.4959999999992,4.237,3.237,5424.989000000001,6671.01,10456.58,1.0,-0.000899281,139544.694,0.5969424460431655
7312.0,1081.4879999999976,4.246,3.23,5467.0039999999935,6712.99,10380.74,1.0160000000000005,-0.000899281,141784.78199999998,0.7953237410071943
7334.56,1166.6549999999916,4.238,3.238,5418.015999999996,6671.01,10371.2,1.0000000000000004,-0.000899281,140850.24399999998,0.7953237410071943
7328.99,1260.0,4.233,3.253,5348.0,6628.99,10576.99,0.9799999999999996,-0.000899281,139154.254,0.7953237410071943
7385.5,1080.3206666666665,4.25,3.225,5502.015999999996,6762.02,10322.81,1.025,-0.000899281,6195.8,0.9986510791366908
7356.38,1110.6666666666642,4.246,3.223,5495.007999999994,6748.0,10335.71,1.0230000000000006,-0.000899281,196603.318,0.7931654676258992
7343.01,1215.6789999999964,4.236,3.24,5404.0039999999935,6657.0,10409.0,0.9959999999999996,-0.000899281,138404.07799999998,0.7996402877697842
7343.01,1123.5040000000008,4.243,3.241,5446.015999999996,6699.01,10363.48,1.0020000000000002,-0.000899281,141251.82599999997,0.7953237410071943
7298.15,1168.9930000000022,4.241,3.251,5404.000000000007,6650.02,10320.89,0.9899999999999998,-0.000899281,194760.354,0.8140287769784174
7308.0,1053.4880000000048,4.249,3.233,5467.011000000006,6713.0,10318.02,1.0159999999999996,-0.000899281,142527.498,0.7953237410071943
7325.25,1294.975999999995,4.232,3.254,5383.008000000009,6650.02,10587.33,0.9780000000000002,-0.000899281,141389.322,0.7917266187050359
7322.01,1127.007000000005,4.244,3.241,5439.004000000001,6692.0,10395.0,1.0029999999999997,-0.000899281,195152.742,0.7982014388489208
7356.99,1141.027000000002,4.246,3.227,5481.026999999995,6720.0,10311.01,1.0190000000000006,-0.000899281,140803.59,0.7953237410071943
7300.03,1099.0079999999944,4.244,3.234,5467.004000000001,6720.0,10483.52,1.0099999999999998,-0.000899281,194517.026,0.7953237410071943
7288.38,1068.671999999999,4.247,3.235,5459.995999999992,6706.01,10405.73,1.012,-0.000899281,136002.9,0.7953237410071943
64974.56,1143.3286666666536,4.288,3.389,5460.0,53233.86,56789.86,0.8990000000000005,-0.001798561,17936.908,0.9935251798561152
64837.43,1127.0080000000016,4.288,3.246,5432.0,107572.09,107572.09,1.0420000000000005,-0.001798561,17887.093999999975,0.9971223021582734
65032.8,1284.5120000000024,4.283,3.261,5340.991999999998,107900.27,107900.27,1.0220000000000002,-0.001798561,17941.55399999998,0.9935251798561152
64547.56,1075.658667,4.288,3.241,5452.992000000013,107277.51,107277.51,1.0470000000000002,-0.001798561,17804.512,0.9935251798561152
64881.41,1172.4959999999992,4.284,3.244,5411.008000000002,107634.62,107634.62,1.0399999999999996,-0.001798561,17902.50199999998,0.9935251798561152
64835.52,1116.4959999999992,4.288,3.239,5467.008000000002,107695.78,107695.78,1.0490000000000004,-0.001798561,17867.359999999975,0.9935251798561152
64978.47,1221.4879999999976,4.284,3.246,5397.024000000005,107732.31,107732.31,1.0379999999999998,-0.001798561,17929.299999999977,0.9989208633093526
64760.13,1092.0,4.288,3.236,5467.008000000002,107472.07,107472.07,1.052,-0.001798561,17861.645999999975,0.9935251798561152
65022.75,29813.487,4.29,3.398,5480.992000000013,53213.54,56699.65,0.8919999999999999,-0.001798561,17961.19,0.998021583
64950.02,1291.5040000000008,4.282,3.261,5383.014999999999,107847.48,107847.48,1.021,-0.001798561,17921.806,0.9890287769784172
64732.97,1176.0,4.286,3.253,5396.993000000002,107396.87,107396.87,1.0329999999999997,-0.001798561,17854.703999999998,1.016906474820144
64889.99,1130.5109999999986,4.287,3.247,5439.008000000002,107552.49,107552.49,1.04,-0.001798561,17904.603999999974,0.9935251798561152
64805.89,1103.658667,4.288,3.232,5488.0,107482.4,107482.4,1.056,-0.001798561,17900.421999999977,0.9908273381294964
64791.61,1064.0,4.289,3.411,5446.015999999989,53156.1,56684.1,0.8779999999999997,-0.001798561,17863.43,0.9935251798561152
3329.98,996.4194285714184,3.699,3.481,5136.413714285736,6029.98,6029.98,0.2179999999999999,-0.000899281,18048.317999999977,0.9897482014388488
3333.09,986.7790000000095,3.699,3.485,5095.374153846147,6026.37,6026.37,0.2139999999999999,-0.000899281,18017.644,0.9924460431654676
3240.0,1019.1016551724168,3.699,3.485,5123.062153846142,6029.98,6029.98,0.2139999999999999,-0.000899281,18032.91399999998,0.9924460431654676
3329.98,1046.255999999994,3.694,3.492,5081.545384615398,6023.65,6023.65,0.2019999999999999,-0.000899281,18076.951999999976,0.9924460431654676
756268.51,3982.5,4.363,3.022,245101.117,781675.05,781675.05,1.3410000000000006,-0.000899281,168622.79199999996,0.996043165
3349.92,968.1726060606017,3.702,3.479,5109.218230769242,6040.42,6040.42,0.2229999999999998,-0.000899281,17961.28,0.9924460431654676
3240.0,1017.2489808429092,3.698,3.485,5142.8708571429015,6077.57,6077.57,0.213,-0.000899281,18047.912,0.9879496402877695
3324.32,992.7116896551744,3.698,3.482,5123.092615384667,6057.06,6057.06,0.2159999999999997,-0.000899281,18019.16199999997,0.9924460431654676
3330.02,1059.0513439153438,3.698,3.481,5116.140307692316,6056.51,6056.51,0.217,-0.000899281,18077.299999999977,0.9978417266187052
3324.58,1013.3345185185316,3.7,3.481,5143.832461538492,6080.19,6080.19,0.2190000000000003,-0.000899281,18008.365999999976,0.9924460431654676
3301.18,1194.2350769230688,3.674,3.504,5023.6336363636365,5977.38,5977.38,0.1699999999999999,-0.000899281,18102.366,0.9969424460431656
3332.61,1118.3318518518645,3.685,3.502,5032.498583333334,5983.55,5983.55,0.1830000000000002,-0.000899281,18055.92599999997,0.9924460431654676
3328.29,1150.7197857142892,3.687,3.498,5024.996499999979,5970.88,5970.88,0.1889999999999996,-0.000899281,18081.766,0.9924460431654676
3329.98,1026.9617142857169,3.698,3.485,5074.621154,5940.0,5940.0,0.213,-0.000899281,18002.696,1.0158273381294964
6029.99,1060.7174999999988,4.036,3.482,5088.453461538476,6018.43,6018.43,0.5539999999999994,-0.000899281,17811.551999999978,0.99136690647482
6029.98,1032.5808571428645,4.046,3.475,5129.984000000026,6029.98,6029.98,0.5710000000000002,-0.000899281,17766.097999999976,0.99136690647482
6029.98,1027.632168103446,4.047,3.472,5149.273142857128,6029.98,6029.98,0.5749999999999997,-0.000899281,17776.823999999975,0.9886690647482016
6029.98,1009.4951833333472,4.046,3.473,5136.414642857155,6058.08,6058.08,0.5730000000000004,-0.000899281,17758.469999999976,0.99136690647482
6029.98,1055.4864419642836,4.044,3.478,5081.530615384632,5940.0,5940.0,0.5659999999999994,-0.000899281,17740.104,1.014748201438849
6102.62,977.6000000000058,4.051,3.471,5116.140307692345,6035.49,6035.49,0.5800000000000001,-0.000899281,17716.422,0.99136690647482
6049.12,1050.8306944444485,4.044,3.473,5116.139615384629,6046.65,6046.65,0.5709999999999997,-0.000899281,17811.521999999975,0.9967625899280576
6044.13,1041.6580555555702,4.047,3.476,5149.273928571405,6075.29,6075.29,0.5709999999999997,-0.000899281,17780.662,0.9868705035971224
6069.54,1032.1789999999746,4.048,3.47,5157.6802307692415,6084.57,6084.57,0.5779999999999998,-0.000899281,17756.129999999976,0.99136690647482
7164.58,1091.614967741887,4.205,3.495,4988.562285714317,5919.55,5919.55,0.71,-0.000899281,168584.30999999997,0.9949640287769784
5955.3,1220.1353285714576,4.013,3.501,5017.494999999995,5967.55,5967.55,0.512,-0.000899281,17811.697999999997,0.995863309
6086.08,997.7599137930956,4.047,3.473,5109.218692307681,6032.86,6032.86,0.5739999999999998,-0.000899281,17766.758,0.99136690647482
6026.4,1190.3641904761898,4.024,3.489,5040.0,5974.37,5974.37,0.5350000000000001,-0.000899281,17810.048,0.99136690647482
6002.59,1140.5228103448171,4.02,3.496,5032.498666666681,5975.52,5975.52,0.5239999999999996,-0.000899281,17782.241999999977,0.99136690647482
5999.9,1149.318793103419,4.021,3.498,5017.497999999992,5957.89,5957.89,0.5229999999999997,-0.000899281,17513.619999999974,0.9902877697841724
5951.2,1220.1353285714576,4.014,3.501,5017.496000000014,5962.21,5962.21,0.5130000000000003,-0.000899281,17523.185999999998,0.9947841726618704
6072.77,1033.1766411290446,4.05,3.473,5142.846285714273,6066.98,6066.98,0.577,-0.000899281,17507.803999999975,0.9902877697841724
6030.05,1193.5779047618853,4.026,3.491,5024.997333333333,5955.68,5955.68,0.5349999999999997,-0.000899281,17543.257999999998,0.9902877697841724
5941.98,994.6560000000754,4.05,3.496,4962.841714,5889.54,5889.54,0.5539999999999998,-0.000899281,168306.90199999997,0.9938848920863308
6029.98,1057.787766233785,4.046,3.479,5065.710000000021,5940.0,5940.0,0.5670000000000002,-0.000899281,17484.212,1.0136690647482014
6088.19,1000.8640000000014,4.049,3.474,5097.867428571422,6017.47,6017.47,0.5750000000000002,-0.000899281,17521.393999999997,0.9902877697841724
6103.87,977.6017241379304,4.053,3.473,5102.296615384606,6017.44,6017.44,0.5800000000000001,-0.000899281,17478.47,0.9902877697841724
6031.42,1063.9314285714354,4.037,3.485,5072.137500000012,5999.23,5999.23,0.552,-0.000899281,17550.635999999977,0.9902877697841724
6029.99,1039.4737662338011,4.047,3.477,5116.140307692316,6029.98,6029.98,0.5699999999999998,-0.000899281,17503.187999999976,0.9902877697841724
6049.02,1044.9890000000014,4.05,3.477,5136.415714285715,6058.21,6058.21,0.573,-0.000899281,17521.684,0.9857913669064748
6043.9,1052.6794285714277,4.046,3.477,5102.298615384643,6024.29,6024.29,0.5690000000000004,-0.000899281,17548.903999999973,0.99568345323741
6029.98,1027.6318318965496,4.05,3.474,5129.983000000007,6029.98,6029.98,0.5759999999999996,-0.000899281,17510.441999999977,0.987589928
6080.93,1009.4954666666744,4.048,3.475,5123.060153846134,6041.41,6041.41,0.573,-0.000899281,17514.155999999977,0.9902877697841724
5920.38,1020.8466285715112,4.048,3.502,4943.587357,5875.2,5875.2,0.5460000000000003,-0.000899281,168026.57599999994,0.9928057553956836
6051.91,1041.657481481467,4.048,3.476,5129.984999999986,6053.76,6053.76,0.5720000000000001,-0.000899281,17255.785999999975,0.9892086330935252
5940.0,1075.567290640407,4.035,3.489,5060.765538461536,5989.47,5989.47,0.5460000000000003,-0.000899281,17272.837999999978,0.9892086330935252
6029.99,1033.5406451612944,4.047,3.478,5123.059384615393,6029.98,6029.98,0.5689999999999995,-0.000899281,17245.163999999975,0.9865107913669064
6029.98,1070.0017777777684,4.044,3.483,5052.8550000000105,5940.0,5940.0,0.5609999999999995,-0.000899281,17230.577999999998,1.012589928057554
6069.12,1006.1619907834393,4.047,3.478,5088.453461538447,6006.72,6006.72,0.5689999999999995,-0.000899281,17273.618000000002,0.9892086330935252
6060.22,1026.5530000000144,4.046,3.477,5109.219230769231,6028.8,6028.8,0.5690000000000004,-0.000899281,17266.193999999978,0.9892086330935252
6029.44,1061.3824137930933,4.047,3.481,5123.058461538458,6029.98,6029.98,0.5659999999999998,-0.000899281,17262.522,0.9847122302158274
6029.98,1052.679374999978,4.045,3.481,5102.293846153829,5940.0,5940.0,0.5640000000000001,-0.000899281,17242.271999999975,0.9892086330935252
6023.56,1063.9312499999942,4.043,3.48,5091.419428571448,6015.97,6015.97,0.5630000000000002,-0.000899281,17285.013999999977,0.9946043165467626
6086.82,994.0024888888876,4.051,3.477,5091.419428571418,6005.5,6005.5,0.5740000000000003,-0.000899281,17238.158,0.9892086330935252
6007.93,1209.319356321881,4.024,3.495,5009.994666666666,5940.23,5940.23,0.5289999999999999,-0.000899281,17273.446,0.9892086330935252
5980.35,1168.3430555555387,4.019,3.5,5015.450454545469,5940.0,5940.0,0.5190000000000001,-0.000899281,17241.087999999978,0.9892086330935252
5945.44,1216.920914285729,4.014,3.501,5009.993666666647,5954.91,5954.91,0.5130000000000003,-0.000899281,17235.174,0.9937050359712232
423039.2,250320.39,4.269,3.136,220809.887,429173.01,429173.01,1.133,-0.000899281,88936.486,0.9883093525179856
423018.97,3960.0,4.269,3.123,220326.3670000001,429677.93,429677.93,1.146,-0.000899281,88887.77799999999,1.0116906474820144
425336.62,250805.43700000003,4.267,3.103,221138.76900000003,87344.19,432558.17,1.164,-0.000899281,89345.858,0.9883093525179856
5911.52,1024.704457142856,4.047,3.503,4937.130000000005,5870.72,5870.72,0.5439999999999996,-0.000899281,156241.39399999997,0.991906474820144
426207.68,254565.797,4.269,3.126,222054.844,87429.84,433662.03,1.1430000000000002,-0.000899281,89507.81399999998,0.9883093525179856
423224.85,170899.92099999997,4.269,3.119,219484.532,87463.88,430308.91,1.15,-0.000899281,88910.95999999998,0.9883093525179856
423483.05,3780.0,4.27,3.117,219417.422,2727.44,430754.52,1.1529999999999996,-0.000899281,88985.92999999998,0.9937050359712232
425208.02,170505.9219999999,4.269,3.103,221636.758,87340.97,432095.76,1.166,-0.000899281,89325.58999999998,0.9856115107913668
426521.08,256022.141,4.267,3.119,221199.231,434588.26,434588.26,1.148,-0.000899281,89567.30599999998,0.9883093525179856
423785.66,3869.984999999986,4.269,3.127,220236.243,2726.19,430651.12,1.1420000000000003,-0.000899281,89056.22199999998,0.9883093525179856
424979.45,84914.59399999992,4.27,3.12,221120.933,87407.69,431876.65,1.1499999999999997,-0.000899281,89299.64999999998,0.9883093525179856
416887.45,245908.9070000001,4.269,3.13,219153.226,423295.63,423295.63,1.1390000000000002,-0.000899281,87692.786,0.9883093525179856
435251.49,263086.078,4.267,3.086,269.98399999999674,443700.02,443700.02,1.1810000000000005,-0.000899281,91280.922,0.9928057553956836
425621.48,173423.625,4.27,3.119,221423.477,432817.94,432817.94,1.1509999999999994,-0.000899281,89396.81399999998,0.983812949640288
2261.02,878.3989999999758,4.04,3.9,1968.3199999999488,2934.34,6238.34,0.1400000000000001,-0.000899281,88715.16399999998,0.987410072
2270.4,902.4000000000232,4.038,3.902,1947.391999999876,2913.41,6175.39,0.1360000000000001,-0.000899281,89113.67399999998,0.9847122302158272
2267.65,897.6000000000931,4.036,3.903,1954.4000000000235,2934.4,6210.91,0.1329999999999995,-0.000899281,88844.88799999998,0.987410072
2260.77,892.7999999999302,4.034,3.901,1961.4079999999376,2927.39,6245.25,0.133,-0.000899281,88772.07999999997,0.9928057553956836
2269.7,883.2000000000698,4.02,3.907,1919.456000000122,2892.45,6279.36,0.1129999999999995,-0.000899281,89295.75799999999,0.987410072
2262.69,902.4000000000232,4.039,3.9,1982.3680000000168,2962.37,6336.54,0.1389999999999998,-0.000899281,89201.35199999998,0.982913669064748
2275.2,936.0,4.043,3.901,1954.3359999998936,2927.33,6071.49,0.1420000000000003,-0.000899281,88721.542,0.987410072
418514.37,249542.547,4.271,3.129,215226.997,425033.84,425033.84,1.142,-0.000899281,88690.56599999998,0.9910071942446044
2278.75,928.8000000000466,4.036,3.903,1947.359999999986,2920.35,6058.62,0.1329999999999995,-0.000899281,87481.91799999999,0.987410072
2268.38,890.3999999999069,4.04,3.9,1982.336000000127,2969.34,6272.22,0.1400000000000001,-0.000899281,89088.40999999997,0.987410072
8414.98,888.0,4.032,3.903,1940.3519999999555,2913.34,6140.32,0.129,-0.000899281,89904.77799999999,1.0107913669064748
3228.58,1135.3493333333172,3.689,3.485,5033.075692,5969.89,5969.89,0.2040000000000001,-0.000899281,91266.402,0.991906474820144
2269.5,792.0,3.994,3.916,1870.3359999998936,2857.34,6356.1,0.078,-0.000899281,89354.68399999998,0.987410072
2250.94,760.8000000000466,3.996,3.914,1863.3279999999795,2843.33,6276.9,0.082,-0.000899281,89130.388,0.987410072
2256.58,890.4000000000233,4.036,3.369,5230.334999999963,6196.32,9534.46,0.6669999999999994,-0.000899281,88013.57199999996,0.991906474820144
2216.67,840.0,4.034,3.9,1919.3919999999923,2899.39,6164.26,0.1339999999999999,-0.000899281,87700.98399999997,0.9901079136690648
2266.98,792.0,3.995,3.41,5139.392000000109,6126.4,9694.56,0.585,-0.000899281,88607.56199999998,0.9865107913669064
2250.24,765.5999999999767,4.0,3.412,5097.343999999925,6077.34,9477.79,0.5880000000000001,-0.000899281,88375.15599999999,0.9865107913669064
2267.87,892.7989999999991,4.044,3.37,5265.344000000157,6252.32,9548.54,0.6739999999999995,-0.000899281,88328.07599999997,0.9865107913669064
6019.9,1058.2797241378576,4.045,3.475,5053.842846153886,5980.77,5980.77,0.5699999999999998,-0.000899281,91279.322,0.9910071942446044
2263.2,888.0,4.036,3.37,5202.336,6168.32,9423.33,0.6659999999999995,-0.000899281,89151.42199999999,1.0098920863309353
2273.79,933.5999999999768,4.047,3.355,5254.864,6224.35,9353.12,0.6919999999999997,-0.000899281,87955.776,0.9865107913669064
2266.15,880.798,4.022,3.38,5202.398999999976,6175.39,9591.36,0.6420000000000003,-0.000899281,88542.98999999998,0.9865107913669064
2257.09,876.0,4.042,3.375,5216.319999999949,6182.34,9514.34,0.6669999999999998,-0.000899281,87960.58599999998,0.9865107913669064
2265.6,902.4000000000232,4.042,3.367,5244.352000000072,6203.36,9430.37,0.6749999999999998,-0.000899281,88360.79799999998,0.983812949640288
2265.6,897.6010000000242,4.039,3.375,5237.344000000041,6217.34,9479.33,0.6639999999999997,-0.000899281,88092.01199999997,0.9865107913669064
2276.26,923.9670000000624,4.04,3.362,5251.391999999993,6217.41,9340.99,0.6779999999999999,-0.000899281,86719.954,0.9865107913669064
2262.21,904.801,4.043,3.365,5258.336,6238.34,9623.01,0.6779999999999999,-0.000899281,88444.968,0.9820143884892086
2264.93,878.4000000000233,4.023,3.381,5195.359000000055,6168.35,9607.65,0.6419999999999999,-0.000899281,87789.69199999998,0.9856115107913668
2272.8,919.199,4.04,3.363,5244.3539999998175,6217.38,9285.73,0.677,-0.000899281,85956.876,0.9856115107913668
2264.1,897.6009999999078,4.04,3.373,5237.344000000157,6210.34,9471.74,0.6669999999999998,-0.000899281,87328.64599999998,0.9856115107913668
2265.82,892.8009999998612,4.045,3.369,5265.375,6252.35,9545.25,0.6759999999999997,-0.000899281,87566.68599999997,0.9856115107913668
2270.11,928.8009999998612,4.047,3.355,5254.896,6224.38,9298.46,0.6919999999999997,-0.000899281,87189.024,0.9856115107913668
2260.8,885.5989999999292,4.036,3.37,5202.366999999853,6175.36,9395.36,0.6659999999999995,-0.000899281,88397.58599999998,1.0089928057553956
2253.6,873.6000000000931,4.043,3.376,5209.248000000138,6175.23,9486.24,0.6670000000000003,-0.000899281,87205.30799999999,0.9856115107913668
2253.95,888.0,4.036,3.37,5223.391999999993,6182.4,9501.31,0.6659999999999995,-0.000899281,87255.58199999997,0.9910071942446044
2260.06,902.4000000000232,4.044,3.361,5265.344000000157,6238.34,9600.77,0.6829999999999994,-0.000899281,87687.17599999999,0.9811151079136692
6026.59,1049.487844827585,4.047,3.477,5046.429500000086,5966.82,5966.82,0.5699999999999998,-0.000899281,91294.4,0.9901079136690648
2212.0,835.1990000000224,4.035,3.396,5048.384000000078,6021.41,9297.63,0.6390000000000002,-0.000899281,86954.98799999998,0.9892086330935252
2247.87,760.7989999999991,4.0,3.412,5097.407999999938,6077.41,9477.73,0.5880000000000001,-0.000899281,87618.72,0.9856115107913668
2264.64,789.6000000000931,3.996,3.409,5132.354,6119.36,9665.19,0.5870000000000002,-0.000899281,87860.50999999998,0.9856115107913668
2265.6,900.0,4.043,3.366,5237.375,6203.36,9451.36,0.677,-0.000899281,87607.92199999998,0.9829136690647482
2263.75,890.3979999999283,4.045,3.368,5258.3695,6245.38,9513.41,0.677,-0.000899281,86809.05399999997,0.9847122302158272
2258.4,880.8009999999776,4.037,3.369,5195.328,6168.32,9388.32,0.6679999999999997,-0.000899281,87643.26999999999,1.0080935251798562
2270.59,916.8009999998612,4.041,3.362,5237.375,6210.37,9282.18,0.6790000000000003,-0.000899281,85197.17000000001,0.9847122302158272
2208.54,828.0,4.035,3.399,5034.2380000001285,6007.23,9289.86,0.6360000000000001,-0.000899281,86212.61999999998,0.9883093525179856
2267.3,926.3990000000922,4.048,3.355,5244.352999999886,6217.38,9305.54,0.6930000000000001,-0.000899281,86425.12000000001,0.9847122302158272
6008.07,1065.3720591132296,4.045,3.48,5033.075769230723,5954.47,5954.47,0.565,-0.000899281,91306.926,0.9892086330935252
2262.08,787.1990000000224,3.997,3.41,5125.281000000075,6119.27,9643.3,0.5869999999999997,-0.000899281,87116.85599999999,0.9847122302158272
2262.11,878.3989999999758,4.023,3.381,5195.3589999999385,6161.38,9574.08,0.6419999999999999,-0.000899281,87054.11399999997,0.9847122302158272
2251.46,885.5979999999981,4.037,3.37,5216.353000000003,6182.37,9504.19,0.6669999999999998,-0.000899281,86501.16199999998,0.9901079136690648
2263.2,897.6019999999553,4.043,3.367,5230.304000000004,6196.29,9409.31,0.6760000000000002,-0.000899281,86854.56399999998,0.9820143884892086
2262.79,895.1990000000224,4.04,3.373,5230.366999999969,6203.36,9467.14,0.6669999999999998,-0.000899281,86569.15999999997,0.9847122302158272
2251.2,871.1999999999534,4.044,3.376,5202.238000000012,6161.25,9486.24,0.6679999999999997,-0.000899281,86449.55199999997,0.9847122302158272
2259.04,902.3980000000448,4.045,3.361,5258.337999999989,6238.34,9623.81,0.6839999999999997,-0.000899281,86933.09599999999,0.9802158273381296
2246.75,760.7999999999302,4.001,3.411,5090.398000000045,6070.4,9486.82,0.5900000000000003,-0.000899281,86866.484,0.9847122302158272
2259.64,784.8009999999776,3.997,3.41,5125.375,6112.35,9642.91,0.5869999999999997,-0.000899281,2264.567999999977,0.983812949640288
2244.99,760.8320000000531,4.002,3.41,5090.367000000086,6070.37,9490.14,0.5919999999999996,-0.000899281,2248.158,0.983812949640288
423271.35,168773.265,4.27,3.108,219923.99600000004,430028.84,430028.84,1.1619999999999997,-0.000899281,88910.898,0.9883093525179856
2248.8,868.7970000000205,4.044,3.376,5195.328,6161.34,9451.33,0.6679999999999997,-0.000899281,2254.3419999999765,0.983812949640288
2268.04,912.0,4.041,3.363,5230.336,6203.33,9270.69,0.6780000000000004,-0.000899281,2273.288,0.983812949640288
2260.86,895.1990000000224,4.041,3.372,5230.336,6203.33,9473.6,0.6690000000000005,-0.000899281,2264.1999999999766,0.983812949640288
2260.8,895.2299999999814,4.044,3.366,5226.832000000053,6189.34,9395.33,0.6779999999999995,-0.000899281,2265.1199999999767,0.9811151079136692
2249.31,880.8010000000941,4.037,3.371,5209.277999999933,6175.26,9488.38,0.6659999999999999,-0.000899281,2254.413999999977,0.9892086330935252
2259.55,873.597,4.023,3.38,5188.352000000072,6161.38,9530.3,0.6429999999999998,-0.000899281,2264.4879999999766,0.983812949640288
2265.12,921.6009999999078,4.049,3.355,5237.344000000041,6210.34,9283.52,0.6940000000000004,-0.000899281,2270.304,0.983812949640288
2256.0,880.7999999999302,4.038,3.368,5195.234000000055,6161.25,9381.25,0.6700000000000004,-0.000899281,3490.6760000000004,1.0071942446043165
2261.41,890.3979999999283,4.046,3.367,5258.371000000043,6238.37,9504.77,0.6790000000000003,-0.000899281,2265.4459999999767,0.983812949640288
2257.44,902.3980000000448,4.046,3.36,5251.359999999986,6231.36,9612.67,0.6860000000000004,-0.000899281,2260.2879999999886,0.979316547
2204.73,823.2029999997467,4.035,3.401,5027.329000000143,6000.32,9251.68,0.6340000000000003,-0.000899281,85471.26199999997,0.987410072
2202.24,818.3989999999758,4.036,3.402,5013.375,5986.37,9251.24,0.6339999999999995,-0.000899281,2208.8359999999766,0.9865107913669064
2262.65,919.1990000000224,4.049,3.357,5233.875,6203.36,9281.54,0.6920000000000002,-0.000899281,2267.794,0.9829136690647482
2244.0,864.0,4.044,3.377,5188.352000000072,6154.37,9423.36,0.6669999999999998,-0.000899281,2250.9379999999765,0.9829136690647482
2258.4,892.8050000000512,4.044,3.365,5223.328,6182.34,9360.32,0.6789999999999994,-0.000899281,2262.7199999999766,0.9802158273381296
2258.66,892.796,4.041,3.372,5225.569999999949,6198.56,9449.54,0.6690000000000005,-0.000899281,2262.401999999977,0.9829136690647482
2247.04,878.3980000000447,4.038,3.371,5202.370999999926,6168.35,9480.93,0.6670000000000003,-0.000899281,2251.667999999977,0.9883093525179856
2256.8,871.2029999999795,4.024,3.38,5181.3429999999935,6154.33,9542.33,0.6440000000000001,-0.000899281,2261.9079999999767,0.9829136690647482
2255.04,897.6019999999553,4.047,3.36,5247.824000000022,6224.32,9591.33,0.6869999999999998,-0.000899281,2258.757999999988,0.9784172661870504
2265.54,907.1959999999964,4.042,3.363,5223.390000000014,6196.38,9262.3,0.6789999999999998,-0.000899281,2270.646,0.9829136690647482
2242.37,758.3979999999283,4.002,3.41,5083.328,6063.33,9467.42,0.5919999999999996,-0.000899281,2246.444,0.9829136690647482
2257.16,780.0,3.998,3.41,5111.3589999999385,6105.38,9643.52,0.5880000000000001,-0.000899281,2262.0999999999767,0.9829136690647482
2261.34,883.1999999999534,4.038,3.901,1949.6640000001064,2922.69,6070.11,0.1370000000000004,-0.000899281,88717.45,0.987410072
2259.62,885.5709999999963,4.047,3.367,5251.389999999898,6231.39,9505.69,0.6799999999999997,-0.000899281,2263.6939999999768,0.9829136690647482
2253.6,878.403,4.039,3.368,5188.320999999996,6154.34,9353.34,0.6709999999999998,-0.000899281,2258.4,1.006294964028777
2240.0,756.0,4.003,3.41,5076.320000000065,6056.32,9448.51,0.593,-0.000899281,2244.396,0.9820143884892086
2254.05,777.6019999999553,3.998,3.41,5104.319999999949,6098.34,9620.64,0.5880000000000001,-0.000899281,2259.5139999999765,0.9820143884892086
2244.39,873.6020000000717,4.038,3.371,5195.227000000072,6161.25,9483.52,0.6670000000000003,-0.000899281,2249.229999999977,0.987410072
2251.2,876.0,4.039,3.368,5174.304999999935,6147.3,9332.29,0.6709999999999998,-0.000899281,2256.0,1.0053956834532374
2262.94,904.8049999999348,4.042,3.363,5216.351999999955,6189.38,9246.59,0.6789999999999998,-0.000899281,2267.982,0.9820143884892086
2241.6,859.2029999999795,4.045,3.376,5181.342999999877,6147.33,9430.34,0.669,-0.000899281,2247.8399999999765,0.9820143884892086
2259.91,914.3989999999758,4.049,3.356,5223.359999999986,6196.35,9255.62,0.6930000000000005,-0.000899281,2265.018,0.9820143884892086
2252.03,892.8049999999348,4.048,3.361,5244.351999999955,6217.38,9561.34,0.6869999999999998,-0.000899281,2256.7219999999884,0.9775179856115108
2256.58,883.1949999999488,4.048,3.368,5244.321000000113,6231.33,9495.65,0.6800000000000002,-0.000899281,2261.435999999977,0.9820143884892086
2259.46,883.1990000000224,4.042,3.373,5181.377000000095,6161.38,9310.98,0.6689999999999996,-0.000899281,87965.362,0.9865107913669064
2199.0,816.0,4.036,3.403,5006.368000000017,5979.36,9231.27,0.6329999999999996,-0.000899281,2205.301999999977,0.9856115107913668
2253.6,890.3979999999283,4.045,3.365,5216.319999999949,6175.33,9339.33,0.6799999999999997,-0.000899281,2260.319999999977,0.979316547
2256.41,890.3979999999283,4.042,3.371,5216.360000000102,6196.36,9459.75,0.6709999999999998,-0.000899281,2260.5639999999767,0.9820143884892086
2253.44,866.3989999999758,4.024,3.381,5174.397999999928,6140.38,9490.72,0.6430000000000002,-0.000899281,2259.365999999977,0.9820143884892086
2251.07,772.7970000000205,3.998,3.41,5097.375,6084.38,9583.91,0.5880000000000001,-0.000899281,2256.7999999999765,0.9811151079136692
2253.79,878.3979999999283,4.048,3.368,5237.375,6217.38,9498.82,0.6800000000000002,-0.000899281,2259.029999999977,0.9811151079136692
2256.61,878.3999999999069,4.042,3.374,5181.375,6154.37,9296.64,0.6679999999999997,-0.000899281,87211.366,0.9856115107913668
2196.61,813.6019999999553,4.036,3.404,4999.328,5972.32,9220.42,0.6319999999999997,-0.000899281,2202.2239999999765,0.9847122302158274
2257.31,912.0,4.049,3.356,5216.351999999955,6189.38,9265.79,0.6930000000000005,-0.000899281,2262.458,0.9811151079136692
2251.17,864.0,4.024,3.381,5160.351000000024,6133.34,9515.48,0.6430000000000002,-0.000899281,2256.613999999977,0.9811151079136692
2249.51,890.3979999999283,4.048,3.361,5230.335999999894,6210.34,9563.33,0.6869999999999998,-0.000899281,2254.6119999999883,0.9766187050359711
2237.34,753.6010000000242,4.002,3.41,5069.343999999925,6049.34,9456.7,0.5919999999999996,-0.000899281,2242.29,0.9811151079136692
2251.2,888.0,4.045,3.366,5209.344000000041,6168.32,9381.34,0.6789999999999998,-0.000899281,2257.4399999999764,0.9784172661870504
2242.11,873.6020000000717,4.038,3.372,5188.257999999914,6154.27,9465.92,0.6660000000000004,-0.000899281,2246.861999999977,0.9865107913669064
2253.63,885.6010000000242,4.042,3.371,5209.375,6182.37,9446.27,0.6709999999999998,-0.000899281,2258.4699999999766,0.9811151079136692
2259.65,902.406,4.042,3.364,5209.383000000031,6175.37,9217.19,0.6779999999999999,-0.000899281,2265.3520000000003,0.9811151079136692
2246.4,871.2029999999795,4.039,3.368,5167.327999999863,6140.32,9360.32,0.6709999999999998,-0.000899281,2253.12,1.0044964028776977
2239.2,859.2029999999795,4.045,3.378,5174.491999999969,6133.5,9416.48,0.6669999999999998,-0.000899281,2244.9599999999764,0.9811151079136692
2254.62,907.204,4.049,3.357,5209.25,6182.24,9240.35,0.6920000000000002,-0.000899281,2259.922,0.9802158273381296
2248.71,770.3989999999758,3.998,3.411,5083.327999999863,6077.34,9601.53,0.5870000000000002,-0.000899281,2254.125999999977,0.9802158273381296
2257.6,897.5929999999935,4.042,3.365,5202.367000000086,6168.35,9220.38,0.6769999999999996,-0.000899281,2262.754,0.9802158273381296
2244.0,866.3979999999283,4.039,3.369,5160.352000000072,6126.37,9304.35,0.6699999999999995,-0.000899281,2250.24,1.0035971223021585
2251.2,873.6019999999553,4.048,3.368,5223.328,6210.34,9462.62,0.6800000000000002,-0.000899281,2256.519999999977,0.9802158273381296
2236.8,854.4060000000754,4.045,3.377,5167.359000000055,6126.37,9402.37,0.6680000000000001,-0.000899281,2242.0799999999767,0.9802158273381296
2193.82,813.6010000000242,4.036,3.405,4992.311999999685,5965.34,9217.24,0.6309999999999998,-0.000899281,2199.279999999977,0.983812949640288
2248.8,883.1960000001127,4.045,3.367,5195.328,6161.34,9367.33,0.6779999999999999,-0.000899281,2254.5599999999768,0.9775179856115108
2247.68,885.6009999999078,4.049,3.361,5223.358999999822,6203.36,9629.34,0.6880000000000002,-0.000899281,2252.3399999999883,0.9757194244604316
2250.53,880.8050000000512,4.043,3.373,5195.328,6175.33,9419.33,0.6699999999999999,-0.000899281,2256.017999999977,0.9802158273381296
2247.88,859.1949999999488,4.024,3.381,5153.343999999925,6126.34,9485.66,0.6430000000000002,-0.000899281,2253.767999999977,0.9802158273381296
2234.47,748.7970000000205,4.003,3.411,5062.335999999894,6035.33,9437.15,0.5920000000000001,-0.000899281,2239.834,0.9802158273381296
2252.83,873.6010000000242,4.043,3.374,5174.334000000032,6147.33,9243.58,0.669,-0.000899281,86460.318,0.9847122302158272
2239.36,871.1950000000652,4.038,3.372,5181.406000000075,6147.39,9454.08,0.6660000000000004,-0.000899281,2244.4419999999764,0.9856115107913668
2244.2,880.7969999999041,4.049,3.362,5216.352000000072,6189.38,9553.92,0.6870000000000003,-0.000899281,2249.691999999988,0.974820143884892
2232.1,746.3990000000922,4.003,3.412,5055.389999999898,6028.38,9464.16,0.5910000000000002,-0.000899281,2237.2560000000003,0.979316547
2248.6,871.1960000001127,4.049,3.369,5216.319999999949,6196.32,9480.48,0.6800000000000002,-0.000899281,2253.957999999977,0.979316547
2191.36,808.8040000000037,4.035,3.405,4985.375,5958.37,9193.28,0.6300000000000003,-0.000899281,2196.6059999999766,0.982913669064748
2245.79,856.7969999999041,4.024,3.382,5146.367000000086,6119.36,9511.36,0.6419999999999999,-0.000899281,2251.015999999977,0.979316547
2245.76,768.0,3.998,3.412,5076.320000000065,6063.33,9591.97,0.5860000000000003,-0.000899281,2251.3499999999767,0.979316547
2236.87,866.3979999999283,4.038,3.372,5174.335999999894,6133.34,9450.24,0.6660000000000004,-0.000899281,2241.953999999977,0.9847122302158274
2247.46,876.0,4.043,3.373,5188.320999999996,6168.32,9413.09,0.6699999999999999,-0.000899281,2253.337999999977,0.979316547
2255.23,892.7970000000205,4.042,3.365,5195.3589999999385,6161.38,9218.4,0.6769999999999996,-0.000899281,2260.192,0.979316547
2246.4,880.7970000000205,4.045,3.367,5188.350999999908,6154.37,9346.37,0.6779999999999999,-0.000899281,2251.6799999999766,0.9766187050359714
2250.62,868.8009999999776,4.044,3.374,5160.289000000106,6140.29,9245.53,0.6699999999999995,-0.000899281,2256.172,0.983812949640288
2234.4,849.6009999999078,4.045,3.378,5153.343999999925,6119.33,9416.32,0.6669999999999998,-0.000899281,2239.1999999999766,0.979316547
2241.6,866.3990000000922,4.039,3.369,5153.280999999959,6119.27,9332.26,0.6699999999999995,-0.000899281,2247.36,1.0026978417266188
2252.45,904.7970000000204,4.049,3.358,5202.304000000004,6175.3,9250.82,0.6910000000000003,-0.000899281,2257.388,0.979316547
2234.62,864.0,4.038,3.374,5167.454000000143,6126.46,9436.92,0.6640000000000001,-0.000899281,2239.4699999999766,0.983812949640288
2243.27,852.0,4.024,3.382,5139.359000000055,6105.38,9488.58,0.6419999999999999,-0.000899281,2248.3099999999768,0.9784172661870504
2248.6,868.7969999997877,4.044,3.375,5160.320999999763,6133.34,9248.32,0.6689999999999996,-0.000899281,2253.624,0.9829136690647482
2239.2,864.0,4.039,3.37,5139.328,6112.32,9297.34,0.6689999999999996,-0.000899281,2244.48,1.0017985611510791
2253.28,890.4059999998426,4.042,3.365,5188.319999999949,6154.34,9213.25,0.6769999999999996,-0.000899281,2257.74,0.9784172661870504
2245.57,873.6009999999078,4.043,3.373,5181.344000000041,6154.34,9421.53,0.6699999999999999,-0.000899281,2250.7199999999766,0.9784172661870504
2244.0,878.3989999999758,4.045,3.368,5181.383000000031,6147.37,9360.36,0.677,-0.000899281,2248.7999999999765,0.9757194244604316
2232.0,849.594,4.045,3.378,5146.375,6112.35,9402.38,0.6669999999999998,-0.000899281,2236.7999999999765,0.9784172661870504
2243.62,763.2040000001434,3.998,3.412,5069.375,6056.38,9577.16,0.5860000000000003,-0.000899281,2248.6419999999766,0.9784172661870504
2242.47,878.3989999999758,4.049,3.363,5202.366999999853,6182.37,9535.36,0.6860000000000004,-0.000899281,2247.177999999988,0.9739208633093526
2228.83,744.0,4.003,3.413,5041.342999999877,6021.34,9407.94,0.5900000000000003,-0.000899281,2234.548,0.9784172661870504
2189.66,806.3980000000447,4.035,3.406,4978.367000000319,5951.36,9196.64,0.629,-0.000899281,2194.089999999977,0.9820143884892086
2246.3,868.7970000000205,4.049,3.369,5209.383000000147,6189.38,9487.68,0.6800000000000002,-0.000899281,2251.2939999999767,0.9784172661870504
2250.34,904.797,4.049,3.359,5195.359000000055,6168.35,9242.56,0.6900000000000004,-0.000899281,2254.926,0.9784172661870504
2227.2,847.2029999999795,4.045,3.38,5139.328,6105.35,9353.35,0.665,-0.000899281,2233.919999999977,0.9775179856115108
2239.2,876.0,4.046,3.368,5174.367000000086,6140.35,9325.37,0.6780000000000004,-0.000899281,2245.9199999999764,0.974820143884892
2234.41,856.7970000000205,4.039,3.371,5132.320999999996,6105.31,9292.23,0.6679999999999997,-0.000899281,2241.1220000000003,1.0008992805755397
2241.03,760.7970000000205,3.998,3.412,5062.336,6049.34,9568.6,0.5860000000000003,-0.000899281,2246.037999999977,0.9775179856115108
2243.33,871.2030000000959,4.043,3.374,5174.367000000086,6147.36,9398.75,0.669,-0.000899281,2248.1039999999766,0.9775179856115108
2247.39,890.3910000001779,4.042,3.366,5181.375,6147.36,9177.83,0.6759999999999997,-0.000899281,2254.63,0.9775179856115108
2245.25,900.0,4.049,3.359,5188.350999999908,6161.38,9244.69,0.6900000000000004,-0.000899281,2251.994,0.9775179856115108
2245.05,864.0,4.044,3.374,5153.413999999873,6126.4,9215.78,0.6699999999999995,-0.000899281,2250.742,0.9820143884892086
2240.48,876.0,4.049,3.364,5202.359000000055,6175.36,9518.5,0.6850000000000005,-0.000899281,2244.867999999989,0.973021583
2241.34,849.594,4.024,3.382,5132.3120000000345,6098.34,9503.36,0.6419999999999999,-0.000899281,2245.8899999999767,0.9775179856115108
2232.3,861.609,4.038,3.374,5160.219000000041,6119.23,9401.43,0.6640000000000001,-0.000899281,2237.051999999977,0.982913669064748
2243.83,866.3910000000615,4.049,3.37,5195.328,6182.33,9449.19,0.6790000000000003,-0.000899281,2248.7439999999765,0.9775179856115108
2226.44,739.2029999999795,4.004,3.413,5037.746000000043,6014.24,9394.82,0.5909999999999997,-0.000899281,2231.836,0.9775179856115108
2187.58,804.0,4.035,3.407,4971.36,5944.35,9174.75,0.6280000000000001,-0.000899281,2191.8059999999764,0.9811151079136692
2230.5,861.609,4.039,3.374,5153.375,6119.36,9408.61,0.6649999999999996,-0.000899281,2234.729999999977,0.9820143884892086
2241.25,868.7970000000205,4.043,3.374,5167.328,6140.31,9369.75,0.669,-0.000899281,2245.6279999999765,0.9766187050359714
2249.67,888.0,4.042,3.365,5174.375,6147.36,9185.22,0.6769999999999996,-0.000899281,2252.634,0.9766187050359714
2238.92,847.2029999999795,4.025,3.383,5121.866999999969,6091.36,9470.97,0.6420000000000003,-0.000899281,2243.439999999977,0.9766187050359714
2241.38,864.0,4.049,3.37,5188.3129999999655,6175.33,9416.03,0.6790000000000003,-0.000899281,2246.261999999977,0.9766187050359714
2238.84,758.406,3.999,3.412,5055.359999999986,6042.38,9549.61,0.5870000000000002,-0.000899281,2243.5919999999765,0.9766187050359714
2234.39,859.2029999999795,4.04,3.371,5125.25,6098.23,9283.23,0.669,-0.000899281,2238.72,1.0
2186.24,804.0,4.035,3.407,4964.351999999955,5937.38,9189.6,0.6280000000000001,-0.000899281,2189.731999999977,0.9802158273381296
2242.53,861.594,4.044,3.376,5146.368000000017,6119.36,9190.62,0.6679999999999997,-0.000899281,2247.9260000000004,0.9811151079136692
2246.45,900.0,4.05,3.36,5188.234000000055,6154.25,9207.52,0.69,-0.000899281,2249.822,0.9766187050359714
2229.61,844.7970000000205,4.046,3.379,5139.359999999986,6098.38,9360.36,0.6670000000000003,-0.000899281,2232.0019999999768,0.9766187050359714
2238.56,876.0,4.049,3.363,5195.328,6175.33,9527.52,0.6860000000000004,-0.000899281,2242.677999999988,0.9721223021582734
2241.59,873.5929999999935,4.046,3.368,5174.359000000055,6133.38,9325.38,0.6780000000000004,-0.000899281,2243.997999999977,0.9739208633093526
2225.38,739.2029999999795,4.004,3.413,5027.359000000055,6007.36,9420.7,0.5909999999999997,-0.000899281,2229.444,0.9766187050359714
2247.73,888.0,4.042,3.366,5174.344000000041,6140.33,9162.78,0.6759999999999997,-0.000899281,2250.6600000000003,0.9757194244604316
2239.5,859.2029999999795,4.049,3.371,5184.875,6168.38,9440.34,0.6780000000000004,-0.000899281,2243.921999999977,0.9757194244604316
2236.36,871.2029999999795,4.049,3.364,5188.311999999918,6168.31,9517.69,0.6850000000000005,-0.000899281,2240.4139999999884,0.9712230215827338
2184.88,801.5940000002738,4.035,3.407,4957.375,5930.36,9181.44,0.6280000000000001,-0.000899281,2187.9439999999768,0.979316547
2236.77,756.0,3.999,3.412,5048.3120000000345,6035.33,9535.33,0.5870000000000002,-0.000899281,2241.203999999977,0.9757194244604316
2234.73,856.7970000000205,4.04,3.372,5125.343999999925,6091.33,9283.33,0.6680000000000001,-0.000899281,2236.8659999999995,0.9991007194244604
2239.2,871.1870000000345,4.046,3.367,5167.328,6133.34,9283.33,0.6790000000000003,-0.000899281,2242.077999999977,0.973021583
2227.2,842.406,4.046,3.379,5132.328,6091.33,9360.33,0.6670000000000003,-0.000899281,2230.0819999999767,0.9757194244604316
2245.28,897.5929999999935,4.05,3.359,5181.375,6154.36,9221.16,0.6909999999999998,-0.000899281,2247.954,0.9757194244604316
2239.14,866.39,4.044,3.375,5160.343999999925,6140.34,9383.52,0.6689999999999996,-0.000899281,2243.3499999999767,0.9757194244604316
2235.72,844.8120000000345,4.025,3.383,5118.375,6084.36,9412.73,0.6420000000000003,-0.000899281,2241.0079999999766,0.9757194244604316
2239.56,859.1960000002291,4.044,3.377,5139.368000000017,6112.36,9179.43,0.6669999999999998,-0.000899281,2245.272,0.9802158273381296
2222.94,734.406,4.004,3.414,5020.3129999999655,6000.31,9387.17,0.5899999999999994,-0.000899281,2227.138,0.9757194244604316
2228.61,856.7970000000205,4.039,3.374,5146.359999999986,6112.34,9394.66,0.6649999999999996,-0.000899281,2232.579999999977,0.9811151079136692
2226.22,856.7970000000205,4.038,3.375,5139.2970000000205,6105.31,9387.45,0.6630000000000003,-0.000899281,2230.4499999999766,0.9802158273381296
2233.12,842.406,4.024,3.384,5104.328,6077.34,9407.2,0.6400000000000001,-0.000899281,2238.4739999999765,0.974820143884892
2236.52,864.0,4.044,3.375,5153.375,6126.38,9348.94,0.6689999999999996,-0.000899281,2241.1619999999766,0.974820143884892
2236.86,859.2029999999795,4.049,3.371,5174.3429999999935,6161.34,9409.77,0.6780000000000004,-0.000899281,2241.573999999977,0.974820143884892
2232.0,854.406,4.04,3.372,5118.3120000000345,6084.3,9262.31,0.6680000000000001,-0.000899281,2234.946,0.9982014388489208
2236.8,866.4060000000754,4.046,3.368,5160.344000000041,6119.36,9311.36,0.6780000000000004,-0.000899281,2240.1579999999767,0.9721223021582734
2183.72,801.5939999998081,4.035,3.407,4957.344000000041,5930.34,9186.59,0.6280000000000001,-0.000899281,2186.4159999999765,0.9784172661870504
2224.8,840.0,4.045,3.379,5125.375,6084.34,9325.38,0.6659999999999999,-0.000899281,2228.1619999999766,0.974820143884892
2234.02,868.8120000000345,4.049,3.364,5181.343999999925,6161.34,9502.47,0.6850000000000005,-0.000899281,2238.3779999999883,0.9703237410071942
2243.02,895.2029999999795,4.05,3.359,5174.375,6147.36,9199.48,0.6909999999999998,-0.000899281,2246.068,0.974820143884892
2234.5,751.2029999999795,3.998,3.413,5041.4679999999935,6028.45,9538.2,0.5850000000000004,-0.000899281,2238.9519999999766,0.974820143884892
2245.59,883.2029999999795,4.043,3.366,5169.6870000000345,6135.7,9168.86,0.677,-0.000899281,2248.732,0.974820143884892
2221.09,734.39,4.004,3.413,5013.375,5993.38,9400.92,0.5909999999999997,-0.000899281,2224.936,0.974820143884892
2237.35,856.7970000000205,4.044,3.377,5132.25,6105.27,9181.21,0.6669999999999998,-0.000899281,2242.618,0.979316547
2218.02,729.6100000001024,4.004,3.414,5006.375,5986.38,9381.5,0.5899999999999994,-0.000899281,2222.774,0.9739208633093526
2222.41,835.2029999999795,4.045,3.38,5118.343999999925,6077.34,9360.33,0.665,-0.000899281,2226.243999999977,0.9739208633093526
2231.33,840.0,4.024,3.385,5097.4220000000205,6070.41,9435.23,0.6390000000000002,-0.000899281,2236.0859999999766,0.9739208633093526
2181.53,799.2030000002123,4.035,3.407,4950.375,5923.36,9160.45,0.6280000000000001,-0.000899281,2184.7899999999763,0.9775179856115108
2232.42,751.204,3.998,3.413,5034.328000000096,6021.34,9534.17,0.5850000000000004,-0.000899281,2236.711999999977,0.9739208633093526
2241.41,892.796,4.05,3.361,5167.375,6140.36,9191.81,0.6889999999999996,-0.000899281,2244.282,0.9739208633093526
2243.64,883.2029999999795,4.042,3.366,5160.342999999877,6126.36,9158.53,0.6759999999999997,-0.000899281,2246.804,0.9739208633093526
2234.78,856.7970000000205,4.049,3.371,5167.2179999999935,6154.23,9408.19,0.6780000000000004,-0.000899281,2239.269999999977,0.9739208633093526
2224.16,852.0,4.038,3.375,5132.265000000014,6098.28,9380.97,0.6630000000000003,-0.000899281,2228.357999999977,0.979316547
2236.26,856.7959999998566,4.045,3.377,5125.343999999808,6098.34,9198.3,0.6680000000000001,-0.000899281,2240.1500000000005,0.9784172661870504
2234.41,864.0,4.046,3.369,5153.2660000000615,6119.25,9311.25,0.677,-0.000899281,2238.239999999977,0.9712230215827338
2229.61,852.0,4.04,3.372,5111.328,6077.34,9276.33,0.6680000000000001,-0.000899281,2233.028,0.9973021582733812
2234.41,859.2029999999795,4.044,3.376,5146.405999999959,6119.39,9358.66,0.6679999999999997,-0.000899281,2238.9299999999766,0.9739208633093526
2232.2,866.4070000000065,4.049,3.366,5174.359999999986,6154.36,9524.61,0.6830000000000003,-0.000899281,2236.323999999988,0.9694244604316546
2232.83,859.204,4.044,3.377,5139.359999999986,6112.34,9359.11,0.6669999999999998,-0.000899281,2236.8299999999767,0.973021583
2241.89,883.2029999999795,4.042,3.366,5153.344000000157,6126.33,9125.92,0.6759999999999997,-0.000899281,2245.704,0.973021583
2229.58,748.7970000000205,3.998,3.415,5027.3910000000615,6014.41,9508.77,0.5830000000000002,-0.000899281,2234.421999999977,0.973021583
2227.19,849.61,4.04,3.372,5100.836500000092,6070.34,9234.34,0.6680000000000001,-0.000899281,2231.584,0.9964028776978416
2228.95,837.6089999999385,4.024,3.385,5090.234999999986,6063.23,9417.56,0.6390000000000002,-0.000899281,2233.6079999999765,0.973021583
2222.23,852.0,4.038,3.376,5132.328,6091.33,9374.09,0.6620000000000004,-0.000899281,2226.3439999999764,0.9784172661870504
2229.61,861.594,4.049,3.367,5167.328,6147.33,9492.58,0.6820000000000004,-0.000899281,2234.1499999999883,0.9685251798561152
2232.25,852.0,4.049,3.372,5160.3429999999935,6147.36,9376.8,0.6770000000000005,-0.000899281,2236.953999999977,0.973021583
2216.39,729.5939999999246,4.004,3.415,4999.358999999822,5979.36,9386.84,0.5889999999999995,-0.000899281,2220.764,0.973021583
2179.97,796.7970000000205,4.035,3.409,4943.360000000102,5916.38,9140.56,0.6260000000000003,-0.000899281,2183.2679999999764,0.9766187050359711
2234.38,852.0,4.045,3.378,5118.368000000017,6091.36,9176.38,0.6669999999999998,-0.000899281,2238.016,0.9775179856115108
2240.0,890.406,4.049,3.361,5160.344000000041,6133.38,9184.42,0.6880000000000002,-0.000899281,2243.232,0.973021583
2220.0,835.188,4.045,3.379,5111.328,6077.34,9318.34,0.6659999999999999,-0.000899281,2224.803999999977,0.973021583
2232.0,864.0,4.046,3.37,5146.313000000082,6112.3,9304.3,0.6760000000000002,-0.000899281,2236.7999999999765,0.9703237410071942
2230.5,854.39,4.044,3.377,5132.2970000000205,6105.31,9335.97,0.6669999999999998,-0.000899281,2234.6799999999766,0.9721223021582734
2179.0,796.7970000002533,4.035,3.408,4936.343,5909.38,9143.75,0.6270000000000002,-0.000899281,2181.8199999999765,0.9757194244604316
2227.23,746.39,3.998,3.415,5020.359000000055,6007.36,9500.06,0.5830000000000002,-0.000899281,2232.0999999999767,0.9721223021582734
2240.64,878.4059999998426,4.042,3.367,5146.280999999843,6119.26,9153.7,0.6749999999999998,-0.000899281,2243.898,0.9721223021582734
2220.48,849.594,4.038,3.376,5125.3429999999935,6084.31,9362.02,0.6620000000000004,-0.000899281,2224.3399999999765,0.9775179856115108
2227.84,861.609,4.049,3.367,5160.344000000041,6140.34,9491.16,0.6820000000000004,-0.000899281,2232.0059999999885,0.9676258992805756
2226.98,835.2029999999795,4.025,3.386,5083.375,6056.36,9435.2,0.6390000000000002,-0.000899281,2231.2199999999766,0.9721223021582734
2230.39,852.0,4.049,3.373,5153.405999999959,6140.38,9391.03,0.6760000000000002,-0.000899281,2234.7559999999767,0.9721223021582734
2213.72,724.7970000001369,4.004,3.415,4992.344000000157,5972.34,9386.08,0.5889999999999995,-0.000899281,2218.432,0.9721223021582734
2238.17,890.3910000000615,4.05,3.361,5160.390999999945,6133.41,9198.44,0.6889999999999996,-0.000899281,2241.576,0.9721223021582734
2229.59,859.2029999999795,4.046,3.371,5139.328,6098.33,9297.34,0.6750000000000003,-0.000899281,2234.399999999977,0.9694244604316546
2232.16,852.0,4.045,3.378,5111.328000000212,6084.33,9145.58,0.6669999999999998,-0.000899281,2235.942,0.9766187050359714
2224.8,844.8120000000345,4.04,3.373,5097.343999999925,6063.33,9255.33,0.6669999999999998,-0.000899281,2229.666,0.9955035971223024
2217.59,832.7970000000205,4.045,3.38,5104.405999999959,6063.42,9346.42,0.665,-0.000899281,2222.399999999977,0.9721223021582734
2212.42,722.4070000001229,4.004,3.417,4985.344000000157,5958.33,9360.03,0.5869999999999997,-0.000899281,2216.328,0.9712230215827338
2228.27,849.5929999999935,4.049,3.373,5146.359000000055,6133.38,9371.03,0.6760000000000002,-0.000899281,2232.509999999977,0.9712230215827338
2228.42,854.4070000000065,4.044,3.378,5125.344000000041,6098.33,9322.45,0.6659999999999995,-0.000899281,2232.535999999977,0.9712230215827338
2225.7,856.796,4.049,3.367,5153.344000000041,6140.31,9434.97,0.6820000000000004,-0.000899281,2229.873999999988,0.966726618705036
2237.95,876.0,4.042,3.368,5146.375,6112.36,9100.16,0.6739999999999999,-0.000899281,2241.942,0.9712230215827338
2236.52,888.0,4.05,3.361,5153.3910000000615,6126.38,9159.78,0.6889999999999996,-0.000899281,2239.824,0.9712230215827338
2225.25,741.594,3.998,3.416,5013.25,6000.22,9502.05,0.5820000000000003,-0.000899281,2229.7959999999766,0.9712230215827338
2177.59,792.0,4.035,3.408,4936.343,5909.38,9147.42,0.6270000000000002,-0.000899281,2180.3619999999764,0.974820143884892
2218.56,844.7970000000205,4.038,3.376,5118.375,6084.36,9368.25,0.6620000000000004,-0.000899281,2222.329999999977,0.9766187050359711
2229.61,859.2029999999795,4.046,3.371,5132.359000000055,6091.33,9276.36,0.6750000000000003,-0.000899281,2232.481999999977,0.9685251798561152
2222.36,842.4070000000065,4.04,3.374,5090.328,6056.31,9255.33,0.6659999999999999,-0.000899281,2227.192,0.9946043165467626
2215.2,828.0,4.045,3.381,5097.375,6063.36,9294.42,0.6640000000000001,-0.000899281,2219.999999999977,0.9712230215827338
2230.78,849.6089999999385,4.045,3.377,5111.2660000000615,6084.25,9137.28,0.6680000000000001,-0.000899281,2234.186,0.9757194244604316
2220.0,844.7970000000205,4.04,3.374,5083.328,6049.34,9234.33,0.6659999999999999,-0.000899281,2224.792,0.9937050359712232
2222.31,830.406,4.024,3.386,5076.3589999999385,6042.38,9385.22,0.6379999999999999,-0.001798561,2228.5379999999764,0.9710431654676258
2223.23,741.594,3.998,3.416,5006.328,5993.34,9498.2,0.5820000000000003,-0.000899281,2227.5419999999767,0.9703237410071942
2235.73,888.0,4.05,3.362,5146.344000000041,6119.33,9192.64,0.6879999999999997,-0.000899281,2238.366,0.9703237410071942
2212.8,828.0,4.046,3.382,5090.375,6056.36,9311.36,0.6640000000000001,-0.000899281,2217.5999999999767,0.9703237410071942
2226.8,852.0,4.044,3.379,5118.344000000041,6098.34,9311.84,0.6649999999999996,-0.000899281,2230.5919999999765,0.9703237410071942
2229.16,849.594,4.045,3.377,5104.3589999999385,6077.38,9131.56,0.6680000000000001,-0.000899281,2232.548,0.974820143884892
2227.2,859.2029999999795,4.047,3.372,5125.344000000041,6091.33,9304.33,0.6749999999999998,-0.000899281,2230.561999999977,0.9676258992805756
2237.28,876.0,4.043,3.368,5139.265999999945,6112.25,9123.39,0.6750000000000003,-0.000899281,2240.28,0.9703237410071942
2176.36,794.3899999998976,4.036,3.409,4929.375,5902.36,9152.06,0.6269999999999998,-0.000899281,2178.8899999999767,0.9739208633093526
2209.7,722.3899999998976,4.004,3.416,4978.375,5958.38,9344.7,0.5879999999999996,-0.000899281,2214.05,0.9703237410071942
2226.72,847.1879999999655,4.049,3.374,5139.234000000055,6126.25,9352.67,0.6750000000000003,-0.000899281,2230.481999999977,0.9703237410071942
2224.0,856.813,4.048,3.368,5153.375,6133.38,9443.2,0.6800000000000002,-0.000899281,2227.869999999988,0.9658273381294964
2216.73,844.7970000000205,4.038,3.377,5111.359000000055,6077.38,9335.45,0.6610000000000005,-0.000899281,2220.4319999999766,0.9757194244604316
2224.5,844.8129999999655,4.049,3.374,5139.390999999945,6126.41,9341.77,0.6750000000000003,-0.000899281,2228.4259999999767,0.9694244604316546
2224.81,856.7970000000205,4.047,3.372,5125.343999999925,6084.33,9276.33,0.6749999999999998,-0.000899281,2228.641999999977,0.9667266187050358
2220.0,840.0,4.04,3.374,5076.3129999999655,6049.34,9206.33,0.6659999999999999,-0.000899281,2222.87,0.9928057553956836
2233.47,885.609,4.05,3.361,5146.3589999999385,6112.34,9152.89,0.6889999999999996,-0.000899281,2236.778,0.9694244604316546
2208.45,720.0,4.004,3.417,4971.2970000000205,5951.3,9319.2,0.5869999999999997,-0.000899281,2212.1359999999995,0.9694244604316546
2174.97,792.0,4.035,3.409,4922.235000000102,5895.24,9144.22,0.6260000000000003,-0.000899281,2177.577999999977,0.973021583
2215.5,844.7970000000205,4.039,3.377,5111.390000000014,6070.39,9350.42,0.6619999999999999,-0.000899281,2218.6999999999766,0.974820143884892
2227.64,847.1720000002533,4.045,3.378,5097.344000000041,6077.34,9142.98,0.6669999999999998,-0.000899281,2230.824,0.9739208633093526
2212.8,825.609,4.045,3.382,5090.375,6049.38,9283.36,0.6629999999999998,-0.000899281,2215.6779999999767,0.9694244604316546
2221.31,739.188,3.997,3.416,4999.3589999999385,5986.38,9462.98,0.581,-0.000899281,2225.319999999977,0.9694244604316546
2220.61,828.0,4.024,3.387,5069.405999999959,6035.39,9389.89,0.637,-0.000899281,2226.035999999977,0.9699640287769784
2224.7,849.61,4.044,3.379,5111.2339999999385,6091.23,9301.44,0.6649999999999996,-0.000899281,2228.649999999977,0.9694244604316546
2221.75,854.406,4.048,3.369,5146.375,6126.38,9391.05,0.6789999999999998,-0.000899281,2225.7799999999884,0.9649280575539568
2235.8,873.5940000001574,4.043,3.368,5132.342999999877,6105.38,9120.64,0.6750000000000003,-0.000899281,2238.712,0.9694244604316546
2206.5,717.61,4.003,3.416,4971.328,5951.33,9322.81,0.5870000000000002,-0.000899281,2210.158,0.9685251798561152
2222.41,844.7970000000205,4.043,3.379,5104.375,6084.38,9296.73,0.6640000000000001,-0.000899281,2226.5659999999766,0.9685251798561152
2174.23,792.0,4.036,3.41,4922.359000000171,5895.36,9145.14,0.6259999999999994,-0.000899281,2176.429999999977,0.9721223021582734
2219.75,736.7970000000205,3.998,3.416,4992.2339999999385,5986.25,9499.11,0.5820000000000003,-0.000899281,2223.3539999999766,0.9685251798561152
2232.03,885.594,4.05,3.361,5139.359000000055,6112.34,9150.2,0.6889999999999996,-0.000899281,2235.184,0.9685251798561152
2220.16,852.0,4.048,3.369,5139.3589999999385,6119.36,9428.7,0.6789999999999998,-0.000899281,2223.889999999988,0.9640287769784172
2222.39,854.406,4.047,3.373,5118.375,6077.39,9234.38,0.6739999999999995,-0.000899281,2226.7199999999766,0.9658273381294964
2233.92,873.609,4.043,3.369,5132.344000000157,6098.36,9100.25,0.6739999999999999,-0.000899281,2237.118,0.9685251798561152
2213.41,842.406,4.038,3.377,5104.328000000096,6070.34,9357.19,0.6610000000000005,-0.000899281,2216.935999999977,0.9739208633093526
2217.59,840.0,4.04,3.375,5076.3120000000345,6042.33,9248.34,0.665,-0.000899281,2220.95,0.991906474820144
2222.84,844.8129999999655,4.049,3.374,5132.343999999925,6119.36,9352.52,0.6750000000000003,-0.000899281,2226.5439999999767,0.9685251798561152
2218.69,825.5929999999935,4.024,3.387,5062.375,6028.39,9375.11,0.637,-0.000899281,2223.5079999999766,0.9688848920863308
2210.41,823.2029999999795,4.045,3.381,5083.328,6042.33,9248.31,0.6640000000000001,-0.000899281,2213.759999999977,0.9685251798561152
2226.38,847.2030000002123,4.045,3.377,5090.360000000102,6070.36,9149.66,0.6680000000000001,-0.000899281,2229.224,0.973021583
2223.88,844.7970000002533,4.045,3.378,5090.312000000151,6063.3,9133.25,0.6669999999999998,-0.000899281,2227.568,0.9721223021582734
2220.47,840.0,4.049,3.375,5125.282000000007,6112.25,9348.5,0.6740000000000004,-0.000899281,2224.5599999999768,0.9676258992805756
2217.25,734.375,3.997,3.417,4985.25,5972.22,9449.16,0.5800000000000001,-0.000899281,2221.357999999977,0.9676258992805756
2173.09,792.0,4.035,3.409,4915.3589999999385,5888.39,9145.16,0.6260000000000003,-0.000899281,2175.247999999977,0.9712230215827338
2232.8,871.187,4.043,3.369,5125.375,6091.36,9122.69,0.6739999999999999,-0.000899281,2235.55,0.9676258992805756
2216.53,823.1870000000345,4.024,3.388,5055.3589999999385,6028.34,9370.2,0.6360000000000001,-0.000899281,2221.0239999999767,0.9678057553956834
2215.2,835.2029999999795,4.04,3.376,5069.3429999999935,6035.33,9220.33,0.6640000000000001,-0.000899281,2219.03,0.9910071942446044
2220.72,844.781,4.043,3.38,5104.359000000055,6077.38,9280.16,0.6630000000000003,-0.000899281,2224.6099999999765,0.9676258992805756
2217.69,849.625,4.048,3.37,5132.3129999999655,6119.33,9416.52,0.6779999999999999,-0.000899281,2221.8599999999883,0.9631294964028776
2230.84,883.234,4.05,3.362,5135.883000000031,6105.41,9170.05,0.6879999999999997,-0.000899281,2233.718,0.9676258992805756
2211.75,837.594,4.038,3.378,5097.344000000041,6063.33,9358.91,0.6600000000000001,-0.000899281,2215.189999999977,0.973021583
2208.0,820.8129999999655,4.045,3.383,5076.344000000041,6035.36,9269.38,0.6619999999999999,-0.000899281,2211.8419999999765,0.9676258992805756
2223.08,851.985,4.047,3.373,5111.296999999904,6070.31,9241.31,0.6739999999999995,-0.000899281,2225.4179999999765,0.9649280575539568
2205.0,715.1870000000345,4.004,3.417,4964.359000000055,5944.36,9320.27,0.5869999999999997,-0.000899281,2208.414,0.9676258992805756
2220.75,842.375,4.026,3.595,5071.844000000041,6048.0,9351.94,0.4309999999999996,-0.000899281,2223.0759999999764,0.9667266187050358
2221.0,837.594,4.031,3.597,5096.344000000041,6076.0,9400.31,0.4339999999999997,-0.000899281,2223.1059999999766,0.9667266187050358
2228.47,878.406,4.03,3.569,5096.344000000041,6069.0,9195.62,0.4610000000000003,-0.000899281,2232.108,0.9667266187050358
2221.0,820.7810000000754,4.008,3.603,5033.375,6006.0,9420.28,0.4049999999999998,-0.000899281,2219.827999999977,0.9667266187050358
2222.41,847.2189999999246,4.029,3.682,5071.5,6041.0,9289.0,0.347,-0.000899281,2223.9779999999764,0.9640287769784172
2230.91,864.0,4.023,3.662,5089.375,6062.34,9185.72,0.3609999999999997,-0.000899281,2234.1420000000003,0.9667266187050358
2220.28,729.594,3.981,3.611,4970.375,5950.0,9489.78,0.3699999999999996,-0.000899281,2220.363999999977,0.9667266187050358
2210.41,818.406,4.029,3.702,5047.030999999959,6013.0,9324.0,0.3269999999999999,-0.000899281,2210.883999999977,0.9667266187050358
2217.97,844.8120000000345,4.031,3.588,5103.25,6076.0,9512.62,0.4429999999999996,-0.000899281,2220.3139999999885,0.962230215827338
2214.75,840.0,4.022,3.596,5075.280999999959,6041.0,9382.72,0.4260000000000001,-0.000899281,2214.4279999999767,0.9721223021582734
2222.62,840.0,4.045,3.379,5083.3589999999385,6056.36,9112.39,0.6659999999999999,-0.000899281,2225.936,0.9712230215827338
2171.66,789.594,4.035,3.41,4915.360000000102,5881.38,9147.3,0.625,-0.000899281,2174.061999999977,0.9703237410071942
2202.78,708.0,3.986,3.627,4928.313000000198,5908.0,9353.44,0.3590000000000004,-0.000899281,2206.486,0.9667266187050358
2215.22,830.406,4.021,3.688,5026.030999999959,5999.03,9275.03,0.3329999999999997,-0.000899281,2217.602,0.9901079136690648
2221.02,842.406,4.046,3.378,5076.2660000000615,6049.28,9112.14,0.6680000000000001,-0.000899281,2224.308,0.9703237410071942
2238.22,866.4059999998426,4.039,3.652,5090.343999999925,6063.34,9201.19,0.3869999999999995,-0.000899281,2234.33,0.9658273381294964
2227.84,842.406,4.042,3.673,5076.25,6063.28,9353.69,0.3689999999999998,-0.000899281,2223.2839999999765,0.9658273381294964
2173.72,787.187,4.017,3.629,4886.25,5859.0,9187.03,0.3880000000000003,-0.000899281,2173.533999999977,0.9694244604316546
2227.88,837.594,4.047,3.67,5111.344000000041,6098.34,9384.91,0.3769999999999998,-0.000899281,2223.337999999977,0.9658273381294964
2234.94,876.0,4.046,3.651,5097.375,6077.38,9214.34,0.3950000000000004,-0.000899281,2231.95,0.9658273381294964
2229.59,847.219,4.044,3.669,5083.406000000075,6049.41,9311.41,0.3749999999999995,-0.000899281,2224.4559999999765,0.9631294964028776
2222.38,830.406,4.038,3.676,5041.375,6014.38,9269.38,0.3620000000000001,-0.000899281,2218.078,0.9892086330935252
2226.25,823.219,4.024,3.677,5048.375,6021.38,9406.03,0.347,-0.000899281,2220.615999999977,0.9658273381294964
2215.22,820.7820000000065,4.045,3.687,5065.875,6035.38,9346.38,0.3580000000000001,-0.000899281,2211.3679999999767,0.9658273381294964
2227.06,847.188,4.047,3.667,5118.3120000000345,6105.34,9451.31,0.3799999999999999,-0.000899281,2220.925999999989,0.9613309352517986
2221.19,837.5929999999935,4.037,3.672,5090.344000000041,6056.34,9386.94,0.3649999999999997,-0.000899281,2215.3199999999765,0.9712230215827338
2226.56,734.4060000000754,3.997,3.694,4985.343999999925,5979.34,9499.88,0.3029999999999999,-0.000899281,2221.029999999977,0.9658273381294964
2209.66,712.8119999998016,4.002,3.713,4936.375,5923.38,9367.03,0.2889999999999997,-0.000899281,2206.478,0.9658273381294964
2217.47,837.625,4.038,3.378,5118.280999999959,6077.31,9390.66,0.6600000000000001,-0.000899281,2215.7139999999767,0.9703237410071942
2223.09,844.781,4.047,3.371,5153.343999999925,6133.34,9454.75,0.6759999999999997,-0.000899281,2221.1939999999886,0.960431655
2235.78,880.781,4.049,3.365,5139.375,6112.38,9176.91,0.6840000000000002,-0.000899281,2232.412,0.9649280575539568
2223.41,732.0,3.997,3.417,5006.219000000041,5993.25,9484.41,0.5800000000000001,-0.000899281,2221.4499999999766,0.9649280575539568
2220.19,840.0,4.046,3.378,5076.344000000274,6049.38,9136.16,0.6680000000000001,-0.000899281,2222.818,0.9694244604316546
2222.41,835.219,4.04,3.379,5076.311999999918,6049.34,9241.34,0.661,-0.000899281,2218.56,0.9883093525179856
2226.25,837.594,4.048,3.376,5139.3129999999655,6126.31,9378.25,0.6720000000000002,-0.000899281,2223.687999999977,0.9649280575539568
2227.22,849.5939999999246,4.046,3.373,5125.343999999925,6084.38,9269.34,0.673,-0.000899281,2224.9379999999765,0.962230215827338
2223.47,818.4070000000065,4.024,3.387,5069.343999999925,6042.34,9447.47,0.637,-0.000899281,2221.187999999977,0.9649280575539568
2212.81,818.406,4.045,3.384,5090.343999999925,6056.34,9318.34,0.661,-0.000899281,2211.3699999999767,0.9649280575539568
2207.69,712.8119999998016,4.002,3.42,4971.375,5951.38,9320.59,0.5819999999999999,-0.000899281,2206.326,0.9649280575539568
2226.03,842.406,4.043,3.382,5111.375,6091.38,9321.84,0.661,-0.000899281,2223.5499999999765,0.9649280575539568
2178.69,782.4069999998901,4.032,3.714,4901.282,5874.28,9208.09,0.318,-0.000899281,2174.2779999999766,0.9685251798561152
2239.25,871.2189999999246,4.042,3.372,5132.313000000082,6105.34,9168.41,0.6699999999999999,-0.000899281,2235.02,0.9649280575539568
2236.09,868.7810000000754,4.043,3.369,5132.343999999925,6105.38,9115.16,0.6739999999999999,-0.000899281,2235.454,0.9640287769784172
2208.0,816.0,4.045,3.383,5083.3120000000345,6049.34,9306.03,0.6619999999999999,-0.000899281,2210.8879999999767,0.9640287769784172
2219.16,818.406,4.024,3.388,5062.375,6028.38,9390.78,0.6360000000000001,-0.000899281,2221.2819999999765,0.9640287769784172
2220.0,832.7810000000754,4.04,3.376,5076.313000000082,6049.34,9248.31,0.6640000000000001,-0.000899281,2219.042,0.987410072
2218.41,837.594,4.046,3.393,5069.313000000082,6042.31,9101.06,0.6530000000000005,-0.000899281,2221.224,0.9685251798561152
2222.25,840.0,4.043,3.381,5104.218999999925,6084.22,9315.84,0.6620000000000004,-0.000899281,2223.517999999977,0.9640287769784172
2179.41,787.188,4.034,3.412,4922.343999999808,5895.34,9185.38,0.6219999999999999,-0.000899281,2175.3139999999767,0.9676258992805756
2220.25,729.625,3.996,3.418,4992.249999999884,5986.25,9482.87,0.5779999999999998,-0.000899281,2221.5499999999765,0.9640287769784172
2217.62,842.4059999997262,4.047,3.372,5139.374999999884,6119.37,9461.78,0.6749999999999998,-0.000899281,2220.6859999999883,0.9595323741007196
2233.66,878.4060000000754,4.05,3.363,5146.3120000000345,6112.28,9192.72,0.6869999999999998,-0.000899281,2232.7380000000003,0.9640287769784172
2224.81,844.8130000003148,4.046,3.372,5118.3129999999655,6084.31,9262.31,0.6740000000000004,-0.000899281,2225.421999999977,0.9613309352517986
2213.53,832.812,4.038,3.378,5104.375,6070.38,9390.56,0.6600000000000001,-0.000899281,2215.7379999999766,0.9694244604316546
2222.84,835.1869999996852,4.048,3.375,5132.2179999999935,6119.22,9371.69,0.673,-0.000899281,2223.687999999977,0.9640287769784172
2204.69,710.406,4.003,3.419,4964.311999999802,5944.31,9316.19,0.5840000000000001,-0.000899281,2205.964,0.9640287769784172
2219.5,832.8119999996852,4.048,3.377,5125.25,6112.25,9348.28,0.6710000000000003,-0.000899281,2223.493999999977,0.9631294964028776
2201.41,708.0,4.002,3.42,4957.342999999877,5937.34,9302.78,0.5819999999999999,-0.000899281,2205.246,0.9631294964028776
2217.47,729.594,3.996,3.418,4985.375,5972.34,9484.03,0.5779999999999998,-0.000899281,2221.5939999999764,0.9631294964028776
2230.59,876.0,4.049,3.364,5132.313000000198,6105.34,9164.84,0.6850000000000005,-0.000899281,2232.688,0.9631294964028776
2215.19,828.0,4.04,3.377,5069.342999999877,6035.34,9227.34,0.6630000000000003,-0.000899281,2219.04,0.9865107913669064
2205.59,811.2179999998771,4.045,3.385,5069.375,6035.34,9297.38,0.6600000000000001,-0.000899281,2210.4059999999768,0.9631294964028776
2215.78,840.0,4.047,3.373,5128.765500000212,6112.25,9403.25,0.6739999999999995,-0.000899281,2220.3039999999883,0.9586330935251798
2222.41,847.188,4.046,3.374,5104.313000000315,6070.34,9262.34,0.6720000000000002,-0.000899281,2225.287999999977,0.960431655
2216.22,813.5940000002738,4.023,3.389,5048.342999999877,6021.38,9388.5,0.6339999999999999,-0.000899281,2221.2199999999766,0.9631294964028776
2176.31,787.2189999998081,4.034,3.41,4929.375,5895.34,9203.88,0.6239999999999997,-0.000899281,2175.957999999977,0.966726618705036
2210.19,830.406,4.038,3.38,5097.344000000041,6056.34,9343.78,0.6580000000000004,-0.000899281,2215.4259999999767,0.9685251798561152
2219.31,840.0,4.043,3.382,5097.344000000041,6077.34,9289.28,0.661,-0.000899281,2223.2359999999767,0.9631294964028776
2233.72,864.0,4.042,3.37,5125.281000000075,6098.28,9138.0,0.6719999999999997,-0.000899281,2235.638,0.9631294964028776
2216.89,835.2029999997467,4.046,3.379,5062.375,6035.36,9112.24,0.6670000000000003,-0.000899281,2219.826,0.9676258992805756
2216.72,830.4059999997262,4.047,3.378,5114.875,6098.38,9330.0,0.6689999999999996,-0.000899281,2222.6379999999767,0.962230215827338
2217.62,844.7820000001229,4.046,3.374,5097.375,6063.38,9250.94,0.6720000000000002,-0.000899281,2224.3299999999767,0.9595323741007196
2216.56,832.7820000001229,4.043,3.383,5090.344000000041,6070.34,9317.62,0.6600000000000001,-0.000899281,2222.397999999977,0.962230215827338
2212.72,813.6560000001919,4.023,3.39,5041.375,6014.38,9343.59,0.6329999999999996,-0.000899281,2219.5639999999767,0.962230215827338
2212.78,828.0,4.04,3.378,5055.343999999808,6028.34,9227.34,0.6619999999999999,-0.000899281,2218.552,0.985611511
2203.22,811.1880000003148,4.045,3.385,5062.344000000274,6028.34,9290.34,0.6600000000000001,-0.000899281,2208.9679999999767,0.962230215827338
2172.69,784.8129999998491,4.034,3.41,4915.282,5888.28,9167.44,0.6239999999999997,-0.000899281,2176.163999999977,0.9658273381294964
2207.38,830.406,4.038,3.38,5083.311999999918,6049.34,9343.56,0.6580000000000004,-0.000899281,2213.9519999999766,0.9676258992805756
2211.94,837.625,4.046,3.374,5118.375,6098.38,9370.75,0.6720000000000002,-0.000899281,2219.0979999999886,0.9577338129496404
2231.09,864.0,4.042,3.37,5118.344000000041,6084.31,9125.53,0.6719999999999997,-0.000899281,2235.674,0.962230215827338
2214.97,825.594,4.025,3.604,5026.311999999685,5999.0,9212.78,0.4210000000000002,-0.000899281,2218.296,0.9667266187050358
2198.25,705.594,4.002,3.421,4943.25,5923.25,9312.19,0.581,-0.000899281,2204.34,0.962230215827338
2228.0,873.5939999998081,4.049,3.364,5125.375,6098.38,9160.84,0.6850000000000005,-0.000899281,2232.594,0.962230215827338
2214.59,727.188,3.996,3.419,4978.375,5965.41,9455.28,0.577,-0.000899281,2220.4559999999765,0.962230215827338
2210.41,823.2190000002738,4.04,3.378,5048.311999999685,6014.34,9213.34,0.6619999999999999,-0.000899281,2216.1580000000004,0.9847122302158272
2228.62,861.594,4.042,3.371,5104.311999999918,6077.34,9097.72,0.6709999999999998,-0.000899281,2233.754,0.9613309352517986
2213.81,835.2179999998771,4.042,3.385,5076.25,6056.25,9238.78,0.657,-0.000899281,2219.591999999977,0.9613309352517986
2170.38,780.0,4.034,3.411,4908.375,5874.38,9187.38,0.6229999999999998,-0.000899281,2175.4959999999764,0.9649280575539568
2200.81,808.8130000003148,4.045,3.386,5055.375,6014.38,9283.38,0.6589999999999998,-0.000899281,2206.0859999999766,0.9613309352517986
2225.19,873.625,4.049,3.366,5118.375,6091.38,9146.94,0.6830000000000003,-0.000899281,2230.644,0.9613309352517986
2204.84,828.0,4.038,3.382,5076.219000000041,6035.19,9320.16,0.6560000000000001,-0.000899281,2210.6819999999766,0.966726618705036
2196.12,705.5929999998771,4.002,3.422,4936.25,5916.25,9305.22,0.5799999999999996,-0.000899281,2201.632,0.9613309352517986
2213.09,727.1869999996852,3.996,3.419,4971.375,5958.41,9451.69,0.577,-0.000899281,2217.7619999999765,0.9613309352517986
2215.22,842.375,4.046,3.376,5090.375,6049.41,9234.38,0.6700000000000004,-0.000899281,2221.4559999999765,0.9586330935251798
2211.5,811.2179999998771,4.023,3.391,5034.343999999808,6000.31,9391.59,0.6319999999999997,-0.000899281,2216.613999999977,0.9613309352517986
2210.78,837.5940000002738,4.047,3.375,5111.344000000274,6091.34,9374.19,0.6719999999999997,-0.000899281,2215.8419999999883,0.9568345323741008
2219.75,828.0,4.041,3.686,5020.311999999685,6000.31,9174.41,0.3550000000000004,-0.000899281,2218.042,0.9658273381294964
2214.41,828.0,4.047,3.379,5104.375,6091.41,9309.66,0.6679999999999997,-0.000899281,2219.9439999999768,0.9613309352517986
2227.06,861.625,4.042,3.371,5100.828,6077.34,9097.5,0.6709999999999998,-0.000899281,2231.316,0.960431655
2167.03,780.0,4.033,3.412,4894.313000000082,5867.31,9156.94,0.6210000000000004,-0.000899281,2173.163999999977,0.9640287769784172
2208.0,823.188,4.04,3.379,5041.186999999918,6007.19,9192.19,0.661,-0.000899281,2213.2760000000003,0.983812949640288
2211.22,724.781,3.996,3.42,4964.344000000274,5951.38,9454.0,0.5760000000000001,-0.000899281,2215.3239999999764,0.960431655
2209.0,808.813,4.023,3.391,5027.344000000274,6000.31,9351.41,0.6319999999999997,-0.000899281,2213.7199999999766,0.960431655
2212.31,830.4070000001229,4.042,3.386,5076.342999999877,6049.38,9282.81,0.6559999999999997,-0.000899281,2216.8479999999768,0.960431655
2193.84,703.188,4.002,3.422,4929.280999999959,5909.28,9282.28,0.5799999999999996,-0.000899281,2198.862,0.960431655
2212.41,828.0,4.047,3.379,5104.375,6084.38,9325.16,0.6679999999999997,-0.000899281,2217.1759999999767,0.960431655
2208.31,837.5940000002738,4.047,3.375,5104.405999999959,6084.41,9339.41,0.6719999999999997,-0.000899281,2212.8859999999886,0.9559352517985612
2223.62,871.188,4.049,3.366,5111.375,6084.38,9146.94,0.6830000000000003,-0.000899281,2228.212,0.960431655
2203.38,828.0,4.038,3.382,5069.280999999959,6028.25,9317.72,0.6560000000000001,-0.000899281,2207.863999999977,0.9658273381294964
2222.5,835.1880000003148,4.045,3.382,5058.797000000253,6035.28,9125.16,0.6629999999999998,-0.000899281,2218.504,0.9649280575539568
2212.81,840.0,4.046,3.377,5083.344000000274,6049.38,9206.38,0.6690000000000005,-0.000899281,2218.5739999999764,0.9577338129496404
2198.41,808.812,4.045,3.386,5048.342999999877,6014.38,9248.34,0.6589999999999998,-0.000899281,2203.2059999999765,0.960431655
2165.72,780.0,4.033,3.412,4887.375,5860.38,9151.25,0.6210000000000004,-0.000899281,2170.4259999999767,0.9631294964028776
2198.59,806.406,4.045,3.387,5043.593999999808,6009.56,9271.59,0.6579999999999999,-0.000899281,2201.3239999999764,0.9595323741007196
2208.69,722.4070000001229,3.996,3.419,4957.344000000041,5944.31,9429.44,0.577,-0.000899281,2213.0119999999765,0.9595323741007196
2191.59,700.813,4.002,3.422,4929.280999999959,5909.28,9265.94,0.5799999999999996,-0.000899281,2196.242,0.9595323741007196
2225.34,861.5929999998771,4.042,3.371,5097.311999999918,6070.31,9081.41,0.6709999999999998,-0.000899281,2229.166,0.9595323741007196
2208.0,823.1880000003148,4.04,3.379,5034.343999999808,6007.31,9192.31,0.661,-0.000899281,2210.876,0.9829136690647482
2212.41,837.594,4.046,3.376,5076.217999999877,6042.25,9192.22,0.6700000000000004,-0.000899281,2216.0939999999764,0.9568345323741008
2207.25,806.4060000001919,4.023,3.392,5020.311999999918,5993.34,9371.75,0.6309999999999998,-0.000899281,2211.3379999999765,0.9595323741007196
2221.56,871.2190000002738,4.049,3.366,5104.342999999877,6077.38,9123.84,0.6830000000000003,-0.000899281,2225.792,0.9595323741007196
2210.16,825.5940000002738,4.047,3.38,5097.375,6077.38,9295.0,0.6669999999999998,-0.000899281,2214.6399999999767,0.9595323741007196
2220.53,832.8130000003148,4.045,3.379,5069.375,6049.38,9155.72,0.6659999999999999,-0.000899281,2218.928,0.9640287769784172
2200.66,823.2179999998771,4.038,3.382,5062.344000000041,6021.38,9311.25,0.6560000000000001,-0.000899281,2205.2899999999768,0.9649280575539568
2206.56,835.187,4.046,3.375,5097.219000000274,6077.22,9336.88,0.6710000000000003,-0.000899281,2210.6739999999886,0.9550359712230216
2209.31,830.406,4.042,3.385,5069.375,6049.38,9239.81,0.657,-0.000899281,2214.259999999977,0.9595323741007196
2208.06,828.0,4.042,3.385,5062.344000000041,6042.34,9261.41,0.657,-0.000899281,2212.009999999977,0.9586330935251798
2164.19,777.5930000001099,4.034,3.413,4887.375,5853.38,9162.38,0.621,-0.000899281,2168.0019999999768,0.962230215827338
2206.28,720.0,3.996,3.42,4950.344000000041,5937.34,9436.06,0.5760000000000001,-0.000899281,2210.7739999999767,0.9586330935251798
2205.59,820.813,4.04,3.38,5027.375,6000.38,9171.38,0.6600000000000001,-0.000899281,2208.956,0.9820143884892086
2210.41,837.5940000002738,4.046,3.377,5069.280999999726,6035.25,9227.25,0.6690000000000005,-0.000899281,2213.6939999999768,0.9559352517985612
2189.66,700.812,4.002,3.423,4915.311999999918,5895.31,9238.84,0.5789999999999997,-0.000899281,2193.8920000000003,0.9586330935251798
2204.75,835.188,4.046,3.375,5093.843999999808,6077.34,9377.75,0.6710000000000003,-0.000899281,2208.4679999999885,0.954136690647482
2196.0,806.4070000001229,4.045,3.387,5034.344000000274,6000.31,9227.34,0.6579999999999999,-0.000899281,2199.4059999999763,0.9586330935251798
2223.66,861.594,4.042,3.371,5090.344000000041,6063.34,9112.91,0.6709999999999998,-0.000899281,2227.154,0.9586330935251798
2204.72,804.0,4.023,3.393,5013.342999999877,5986.34,9359.06,0.6299999999999999,-0.000899281,2209.037999999977,0.9586330935251798
2208.59,823.1559999997262,4.047,3.38,5090.375,6070.38,9303.25,0.6669999999999998,-0.000899281,2212.4579999999764,0.9586330935251798
2198.25,823.187,4.038,3.384,5055.344000000041,6021.34,9285.12,0.6540000000000004,-0.000899281,2202.901999999977,0.9640287769784172
2217.28,830.4070000003558,4.045,3.379,5062.375,6035.38,9115.94,0.6659999999999999,-0.000899281,2219.0060000000003,0.9631294964028776
2220.12,868.813,4.049,3.366,5097.343999999808,6070.34,9128.28,0.6830000000000003,-0.000899281,2223.698,0.9586330935251798
2214.66,828.0,4.045,3.381,5048.342999999644,6028.34,9122.81,0.6640000000000001,-0.000899281,2218.944,0.962230215827338
2203.19,818.375,4.04,3.381,5020.344000000041,5993.38,9157.38,0.6590000000000003,-0.000899281,2207.038,0.9811151079136692
2218.28,868.813,4.049,3.367,5090.313000000082,6063.28,9129.06,0.6820000000000004,-0.000899281,2221.754,0.9577338129496404
2193.59,801.594,4.045,3.387,5027.343999999808,5986.38,9262.38,0.6579999999999999,-0.000899281,2197.479999999977,0.9577338129496404
2205.69,825.594,4.042,3.386,5055.342999999877,6035.34,9251.62,0.6559999999999997,-0.000899281,2209.8359999999766,0.9577338129496404
2161.75,775.2189999998081,4.033,3.413,4880.344000000041,5846.38,9131.47,0.6200000000000006,-0.000899281,2165.8139999999767,0.9613309352517986
2195.56,820.813,4.037,3.384,5048.344000000041,6007.34,9273.0,0.653,-0.000899281,2200.5379999999764,0.9631294964028776
2202.28,801.5929999998771,4.023,3.393,5006.375,5972.34,9323.56,0.6299999999999999,-0.000899281,2206.9499999999766,0.9577338129496404
2202.75,830.4060000001919,4.045,3.376,5086.875,6070.38,9371.53,0.669,-0.000899281,2206.6299999999887,0.9532374100719424
2203.22,717.594,3.996,3.421,4943.311999999918,5930.34,9427.47,0.5750000000000002,-0.000899281,2208.499999999977,0.9577338129496404
2187.84,696.0,4.002,3.424,4915.311999999918,5895.31,9255.22,0.5779999999999998,-0.000899281,2191.8100000000004,0.9577338129496404
2206.09,820.8119999996852,4.047,3.38,5083.375,6063.38,9296.16,0.6669999999999998,-0.000899281,2210.3319999999767,0.9577338129496404
2208.0,835.219,4.046,3.378,5062.344000000041,6028.34,9171.31,0.6680000000000001,-0.000899281,2211.769999999977,0.9550359712230216
2220.0,856.812,4.042,3.372,5083.344000000041,6056.34,9090.0,0.6699999999999999,-0.000899281,2224.936,0.9577338129496404
2191.19,801.5929999998771,4.045,3.388,5020.344000000274,5979.38,9220.34,0.657,-0.000899281,2195.555999999977,0.9568345323741008
2211.25,828.0,4.044,3.381,5041.25,6021.25,9074.06,0.6629999999999998,-0.000899281,2217.244,0.9613309352517986
2219.84,856.7820000001229,4.041,3.373,5076.342999999877,6049.34,9080.44,0.6680000000000001,-0.000899281,2223.18,0.9568345323741008
2201.91,715.2179999998771,3.996,3.422,4936.186999999918,5923.22,9424.97,0.5739999999999998,-0.000899281,2206.2639999999765,0.9568345323741008
2159.78,775.187,4.033,3.413,4873.312000000151,5839.31,9136.31,0.6200000000000006,-0.000899281,2163.6939999999768,0.960431655
2203.34,823.188,4.041,3.387,5048.342999999877,6028.34,9260.5,0.6540000000000004,-0.000899281,2207.7419999999765,0.9568345323741008
2193.5,818.375,4.037,3.385,5041.375,6000.34,9294.34,0.6520000000000001,-0.000899281,2198.2699999999763,0.962230215827338
2205.62,835.219,4.045,3.377,5055.342999999877,6021.38,9199.34,0.6680000000000001,-0.000899281,2209.8499999999767,0.954136690647482
2203.88,820.781,4.047,3.382,5076.344000000274,6056.34,9294.78,0.6649999999999996,-0.000899281,2208.225999999977,0.9568345323741008
2185.34,696.0,4.002,3.423,4908.344000000041,5888.34,9264.03,0.5789999999999997,-0.000899281,2189.654,0.9568345323741008
2215.88,866.406,4.049,3.367,5083.344000000274,6056.38,9108.91,0.6820000000000004,-0.000899281,2219.892,0.9568345323741008
2200.41,799.187,4.022,3.394,4999.344000000041,5972.34,9330.91,0.6280000000000001,-0.000899281,2204.731999999977,0.9568345323741008
2200.81,816.0,4.039,3.381,5013.375,5986.38,9171.38,0.6579999999999999,-0.000899281,2205.118,0.9802158273381296
2157.59,772.781,4.033,3.414,4866.375,5832.38,9134.5,0.6190000000000002,-0.000899281,2161.8059999999764,0.9595323741007196
2200.28,820.781,4.041,3.388,5041.375,6021.38,9192.66,0.6530000000000005,-0.000899281,2205.3359999999766,0.9559352517985612
2191.25,816.0,4.037,3.385,5034.375,5993.38,9276.84,0.6520000000000001,-0.000899281,2195.843999999977,0.9613309352517986
2214.19,864.0,4.049,3.368,5076.313000000315,6049.34,9101.56,0.6810000000000005,-0.000899281,2218.0060000000003,0.9559352517985612
2198.56,796.7820000001229,4.022,3.394,4992.344000000041,5965.34,9330.56,0.6280000000000001,-0.000899281,2202.643999999977,0.9559352517985612
2217.59,854.375,4.041,3.374,5069.280999999959,6042.28,9069.31,0.6670000000000003,-0.000899281,2221.286,0.9559352517985612
2201.84,816.0,4.046,3.383,5069.344000000274,6049.34,9309.66,0.6630000000000003,-0.000899281,2206.111999999977,0.9559352517985612
2198.97,828.0,4.045,3.377,5072.734500000253,6049.25,9367.59,0.6680000000000001,-0.001798561,2204.267999999988,0.9521582733812948
2203.22,830.406,4.045,3.378,5048.186999999685,6014.22,9192.19,0.6669999999999998,-0.000899281,2207.9319999999766,0.9532374100719424
2199.97,715.188,3.995,3.423,4929.280999999726,5916.25,9420.84,0.5720000000000001,-0.000899281,2204.0139999999765,0.9559352517985612
2188.78,796.8119999996852,4.044,3.389,5013.313000000315,5972.31,9234.31,0.6549999999999998,-0.000899281,2193.629999999977,0.9559352517985612
2210.59,828.0,4.045,3.381,5034.375,6014.38,9118.03,0.6640000000000001,-0.000899281,2214.862,0.960431655
2198.41,813.594,4.039,3.382,5006.313000000082,5979.28,9122.31,0.6569999999999996,-0.000899281,2203.2,0.979316547
2182.81,693.594,4.001,3.424,4901.342999999877,5874.31,9248.09,0.5770000000000004,-0.000899281,2187.448,0.9559352517985612
2212.53,861.625,4.048,3.369,5069.438000000315,6042.44,9101.44,0.6789999999999998,-0.000899281,2216.2000000000003,0.9550359712230216
2199.88,813.594,4.046,3.384,5062.344000000041,6042.34,9304.66,0.6620000000000004,-0.000899281,2204.055999999977,0.9550359712230216
2200.81,830.4059999997262,4.045,3.379,5041.343999999808,6007.34,9178.34,0.6659999999999999,-0.000899281,2205.6119999999764,0.9523381294964028
2189.28,813.625,4.037,3.385,5027.311999999918,5986.31,9274.72,0.6520000000000001,-0.000899281,2193.567999999977,0.960431655
2215.47,849.594,4.041,3.374,5062.375,6035.38,9061.62,0.6670000000000003,-0.000899281,2219.312,0.9550359712230216
2198.94,712.813,3.995,3.423,4922.343999999808,5909.38,9418.84,0.5720000000000001,-0.000899281,2202.0639999999767,0.9550359712230216
2196.0,828.0,4.045,3.378,5069.343999999808,6049.34,9324.59,0.6669999999999998,-0.000899281,2201.805999999988,0.9510791366906476
2196.0,813.625,4.039,3.383,4999.375,5972.34,9164.34,0.6559999999999997,-0.000899281,2200.8,0.9784172661870504
2156.19,770.406,4.033,3.415,4859.344000000041,5825.34,9141.66,0.6180000000000003,-0.000899281,2159.899999999977,0.9586330935251798
2198.72,818.406,4.041,3.389,5034.342999999877,6014.34,9225.72,0.6520000000000006,-0.000899281,2203.2179999999767,0.9550359712230216
2208.56,825.594,4.045,3.382,5030.7339999999385,6007.22,9098.56,0.6629999999999998,-0.000899281,2212.468,0.9595323741007196
2181.41,691.188,4.001,3.425,4887.342999999877,5867.34,9246.31,0.5760000000000005,-0.000899281,2185.412,0.9550359712230216
2196.75,796.7810000001919,4.022,3.395,4985.343999999808,5958.34,9304.25,0.6270000000000002,-0.000899281,2200.543999999977,0.9550359712230216
2186.41,799.1869999996852,4.044,3.391,5006.375,5965.38,9241.38,0.6529999999999996,-0.000899281,2191.1939999999768,0.9550359712230216
2200.78,828.0,4.045,3.38,5034.342999999877,6000.31,9171.34,0.665,-0.000899281,2203.685999999977,0.9514388489208632
2196.28,828.0,4.045,3.379,5062.343999999808,6042.34,9311.34,0.6659999999999999,-0.000899281,2199.749999999988,0.95
2197.31,710.4059999997262,3.995,3.423,4915.342999999877,5909.38,9405.81,0.5720000000000001,-0.000899281,2200.2699999999763,0.954136690647482
2206.88,823.219,4.045,3.382,5027.280999999959,6000.25,9091.78,0.6629999999999998,-0.000899281,2210.388,0.9586330935251798
2197.56,818.406,4.041,3.389,5027.280999999959,6007.28,9202.91,0.6520000000000006,-0.000899281,2201.1179999999767,0.954136690647482
2211.03,861.594,4.048,3.369,5062.405999999959,6042.41,9101.28,0.6789999999999998,-0.000899281,2214.382,0.954136690647482
2186.38,796.8130000003148,4.045,3.39,4999.343999999808,5965.34,9192.31,0.6549999999999998,-0.000899281,2189.269999999977,0.954136690647482
2193.59,811.2189999998081,4.039,3.385,4992.342999999877,5965.38,9136.34,0.6539999999999999,-0.000899281,2198.4,0.9775179856115108
2179.72,691.219,4.001,3.426,4887.375,5867.38,9218.34,0.5750000000000002,-0.000899281,2183.424,0.954136690647482
2214.22,849.5929999998771,4.041,3.375,5062.344000000041,6028.31,9063.56,0.6660000000000004,-0.000899281,2217.424,0.954136690647482
2188.22,813.625,4.037,3.386,5020.375,5979.38,9268.28,0.6509999999999998,-0.000899281,2191.561999999977,0.9595323741007196
2195.12,794.406,4.022,3.396,4985.375,5951.34,9310.31,0.6260000000000003,-0.000899281,2198.6239999999766,0.954136690647482
2198.59,813.594,4.046,3.385,5055.343999999808,6035.34,9264.97,0.6610000000000005,-0.000899281,2202.055999999977,0.954136690647482
2196.38,708.0,3.995,3.423,4915.344000000274,5902.38,9400.69,0.5720000000000001,-0.000899281,2198.901999999977,0.9532374100719424
2186.34,813.594,4.037,3.386,5013.375,5979.34,9264.22,0.6509999999999998,-0.000899281,2189.7179999999767,0.9586330935251798
2193.75,794.4060000001919,4.022,3.396,4978.311999999918,5944.31,9296.69,0.6260000000000003,-0.000899281,2196.917999999977,0.9532374100719424
2213.06,847.219,4.041,3.375,5055.375,6028.34,9074.31,0.6660000000000004,-0.000899281,2216.036,0.9532374100719424
2195.72,816.0,4.041,3.39,5027.280999999959,6000.25,9179.84,0.6510000000000002,-0.000899281,2199.123999999977,0.9532374100719424
2209.88,861.5940000002738,4.048,3.369,5062.375,6035.34,9092.22,0.6789999999999998,-0.000899281,2212.702,0.9532374100719424
2198.41,825.625,4.045,3.38,5034.375,6000.38,9150.38,0.665,-0.000899281,2201.767999999977,0.9505395683453236
2152.91,768.0,4.032,3.415,4852.219000000041,5818.22,9118.38,0.617,-0.001798561,2157.6439999999766,0.9575539568345324
2177.88,691.219,4.001,3.426,4880.217999999877,5860.22,9223.19,0.5750000000000002,-0.000899281,2181.432,0.9532374100719424
2193.59,808.813,4.039,3.383,4992.344000000041,5958.38,9150.38,0.6559999999999997,-0.000899281,2196.48,0.9766187050359714
2184.0,794.4060000001919,4.045,3.391,4999.344000000041,5958.34,9192.31,0.6539999999999999,-0.000899281,2187.3519999999767,0.9532374100719424
2196.94,811.188,4.046,3.385,5048.375,6035.38,9262.84,0.6610000000000005,-0.000899281,2200.225999999977,0.9532374100719424
2195.34,828.0,4.045,3.378,5062.375,6042.38,9337.31,0.6669999999999998,-0.000899281,2197.867999999989,0.9489208633093524
2203.19,820.8119999996852,4.045,3.383,5020.375,5993.38,9083.59,0.6619999999999999,-0.000899281,2208.094,0.9577338129496404
2181.59,794.4060000001919,4.045,3.391,4992.342999999877,5951.34,9178.34,0.6539999999999999,-0.000899281,2185.4319999999766,0.9523381294964028
2191.19,811.219,4.039,3.384,4985.405999999959,5958.41,9136.38,0.6549999999999998,-0.000899281,2194.556,0.9757194244604316
2176.31,691.187,4.001,3.427,4880.405999999959,5860.41,9202.78,0.5740000000000003,-0.000899281,2179.626,0.9523381294964028
2208.41,859.156,4.048,3.37,5058.875,6035.38,9085.34,0.6779999999999999,-0.000899281,2211.208,0.9523381294964028
2193.62,825.5940000002738,4.045,3.379,5055.280999999959,6035.28,9322.97,0.6659999999999999,-0.000899281,2196.041999999988,0.9478417266187048
2194.62,708.0,3.995,3.424,4908.375,5895.38,9375.53,0.5710000000000002,-0.000899281,2197.4439999999768,0.9523381294964028
2184.03,811.2179999998771,4.037,3.387,5006.405999999959,5972.41,9234.72,0.6499999999999999,-0.000899281,2187.8239999999764,0.9577338129496404
2211.09,847.2179999998771,4.041,3.375,5048.344000000041,6021.34,9045.84,0.6660000000000004,-0.000899281,2214.286,0.9523381294964028
2196.0,825.5940000002738,4.045,3.38,5027.342999999877,5993.34,9157.34,0.665,-0.000899281,2199.843999999977,0.9496402877697842
2192.69,792.0,4.022,3.396,4971.343999999808,5944.31,9316.34,0.6260000000000003,-0.000899281,2195.373999999977,0.9523381294964028
2202.53,820.7820000003558,4.045,3.384,5013.375,5986.38,9089.47,0.661,-0.000899281,2206.35,0.9568345323741008
2195.53,808.7809999997262,4.046,3.385,5044.875,6028.38,9276.03,0.6610000000000005,-0.000899281,2198.555999999977,0.9523381294964028
2151.59,768.0,4.032,3.415,4845.375,5811.34,9112.22,0.617,-0.000899281,2155.6119999999764,0.95647482
2193.91,816.0,4.041,3.39,5020.344000000041,6000.34,9169.44,0.6510000000000002,-0.000899281,2197.2379999999766,0.9523381294964028
2150.12,765.594,4.032,3.416,4845.344000000041,5811.34,9112.78,0.6160000000000001,-0.000899281,2153.6799999999766,0.9553956834532372
2209.62,847.2179999998771,4.041,3.376,5048.375,6014.41,9042.44,0.6650000000000005,-0.000899281,2212.692,0.9514388489208632
2182.06,808.813,4.037,3.387,4999.344000000041,5965.34,9236.12,0.6499999999999999,-0.000899281,2185.9859999999767,0.9568345323741008
2193.59,825.594,4.045,3.381,5023.780999999959,5986.28,9122.28,0.6640000000000001,-0.000899281,2197.917999999977,0.9487410071942446
2191.22,708.0,3.995,3.424,4908.344000000274,5895.34,9361.91,0.5710000000000002,-0.000899281,2195.6939999999768,0.9514388489208632
2200.34,816.0,4.044,3.386,5006.344000000041,5979.34,9089.41,0.6579999999999995,-0.000899281,2204.3,0.9559352517985612
2190.69,789.5939999998081,4.022,3.397,4971.311999999685,5937.34,9285.78,0.6250000000000004,-0.000899281,2193.7999999999765,0.9514388489208632
2174.53,688.781,4.001,3.427,4873.375,5853.38,9197.47,0.5740000000000003,-0.000899281,2177.9700000000003,0.9514388489208632
2179.19,794.4059999997262,4.045,3.391,4985.375,5944.34,9199.34,0.6539999999999999,-0.000899281,2183.5139999999765,0.9514388489208632
2193.75,806.406,4.046,3.385,5041.25,6021.25,9274.72,0.6610000000000005,-0.000899281,2196.937999999977,0.9514388489208632
2207.22,856.812,4.049,3.37,5055.282000000123,6028.28,9092.38,0.6790000000000003,-0.000899281,2209.814,0.9514388489208632
2192.19,813.594,4.041,3.39,5013.407000000123,5993.41,9179.09,0.6510000000000002,-0.000899281,2195.619999999976,0.9514388489208632
2191.19,825.594,4.045,3.379,5048.343999999808,6028.34,9342.97,0.6659999999999999,-0.000899281,2194.4859999999885,0.9469424460431654
2191.91,806.4060000001919,4.039,3.384,4978.311999999685,5951.31,9129.34,0.6549999999999998,-0.000899281,2193.2560000000003,0.974820143884892
2190.38,813.5929999998771,4.041,3.391,5009.844000000041,5986.34,9170.44,0.6500000000000004,-0.000899281,2193.9519999999766,0.9505395683453236
2191.5,705.5619999996852,3.994,3.426,4901.313000000315,5888.31,9377.0,0.5680000000000001,-0.000899281,2194.2059999999765,0.9505395683453236
2189.12,789.625,4.022,3.397,4964.311999999918,5930.34,9293.06,0.6250000000000004,-0.000899281,2192.2739999999767,0.9505395683453236
2188.81,806.4070000001229,4.039,3.385,4978.342999999877,5944.34,9143.34,0.6539999999999999,-0.000899281,2191.818,0.9739208633093526
2192.06,806.437,4.046,3.386,5034.342999999877,6014.34,9282.31,0.6600000000000001,-0.000899281,2195.373999999977,0.9505395683453236
2148.47,765.594,4.032,3.416,4838.344000000041,5804.34,9094.03,0.6160000000000001,-0.000899281,2151.855999999977,0.95431654676259
2176.78,789.5939999998081,4.044,3.392,4978.219000000041,5944.19,9157.22,0.6519999999999997,-0.000899281,2181.587999999977,0.9505395683453236
2193.78,820.812,4.045,3.382,5020.375,5979.38,9122.38,0.6629999999999998,-0.000899281,2196.5119999999765,0.9478417266187052
2179.81,806.375,4.036,3.388,4992.25,5958.25,9201.03,0.6479999999999997,-0.000899281,2184.091999999977,0.9559352517985612
2198.19,816.0,4.044,3.385,4999.219000000041,5972.22,9067.53,0.6589999999999998,-0.000899281,2202.226,0.9550359712230216
2172.5,684.0320000001229,4.001,3.428,4866.469000000041,5846.47,9199.84,0.5730000000000004,-0.000899281,2176.188,0.9505395683453236
2205.31,856.813,4.048,3.37,5048.311999999685,6021.34,9085.41,0.6779999999999999,-0.000899281,2208.37,0.9505395683453236
2208.0,844.7820000001229,4.041,3.376,5041.375,6014.38,9045.59,0.6650000000000005,-0.000899281,2211.198,0.9505395683453236
2190.19,820.812,4.045,3.38,5048.344000000041,6028.34,9338.59,0.665,-0.000899281,2193.3239999999887,0.946043165
2187.44,787.25,4.021,3.398,4957.313000000082,5930.31,9287.19,0.6229999999999998,-0.000899281,2190.7379999999766,0.9496402877697842
2188.62,811.188,4.041,3.391,5006.375,5979.38,9189.31,0.6500000000000004,-0.000899281,2192.163999999977,0.9496402877697842
2147.5,763.188,4.032,3.416,4831.344000000041,5797.38,9116.28,0.6160000000000001,-0.000899281,2150.1179999999767,0.9532374100719424
2177.94,806.375,4.036,3.389,4985.375,5951.31,9223.69,0.6469999999999998,-0.000899281,2182.035999999977,0.9550359712230216
2203.88,852.0,4.048,3.371,5041.313000000082,6014.31,9112.38,0.677,-0.000899281,2206.94,0.9496402877697842
2191.19,820.8119999996852,4.045,3.382,5013.375,5972.38,9122.38,0.6629999999999998,-0.000899281,2194.5939999999764,0.9469424460431654
2206.31,842.438,4.04,3.377,5034.25,6007.25,9039.94,0.6630000000000003,-0.000899281,2209.6160000000004,0.9496402877697842
2190.31,705.625,3.994,3.426,4894.438000000315,5888.44,9360.88,0.5680000000000001,-0.000899281,2192.805999999977,0.9496402877697842
2170.81,684.0,4.001,3.428,4859.313000000082,5839.31,9204.31,0.5730000000000004,-0.000899281,2174.406,0.9496402877697842
2188.56,818.438,4.044,3.381,5041.375,6021.38,9373.19,0.6629999999999998,-0.000899281,2191.7799999999884,0.9451438848920864
2190.12,804.0,4.045,3.387,5027.438000000082,6014.44,9257.44,0.6579999999999999,-0.000899281,2193.679999999977,0.9496402877697842
2186.38,804.0,4.039,3.386,4971.407000000123,5937.41,9101.41,0.6529999999999996,-0.000899281,2190.376,0.9730215827338128
2197.0,813.5929999996442,4.044,3.387,4992.25,5965.25,9074.62,0.6569999999999996,-0.000899281,2200.25,0.954136690647482
2176.81,789.625,4.044,3.393,4974.813000000082,5937.38,9178.31,0.6509999999999998,-0.000899281,2179.673999999977,0.9496402877697842
2187.31,806.375,4.04,3.392,4999.375,5972.38,9167.88,0.6480000000000001,-0.000899281,2190.481999999977,0.9487410071942446
2195.94,813.5929999996442,4.044,3.387,4988.859500000253,5965.38,9079.66,0.6569999999999996,-0.000899281,2198.8,0.9532374100719424
2188.75,818.375,4.045,3.384,5006.375,5972.31,9143.38,0.661,-0.000899281,2192.661999999977,0.946043165
2176.88,804.0,4.036,3.389,4978.311999999918,5944.31,9233.0,0.6469999999999998,-0.000899281,2180.143999999977,0.954136690647482
2145.12,763.1879999998491,4.032,3.417,4831.312000000151,5797.34,9097.94,0.6150000000000002,-0.000899281,2148.5599999999768,0.9523381294964028
2188.69,703.25,3.994,3.426,4887.313000000315,5881.31,9340.44,0.5680000000000001,-0.000899281,2191.267999999977,0.9487410071942446
2186.44,804.0,4.038,3.386,4964.375,5930.38,9122.38,0.6520000000000001,-0.000899281,2188.946,0.9721223021582734
2174.44,787.187,4.044,3.393,4971.375,5930.38,9234.38,0.6509999999999998,-0.000899281,2177.761999999977,0.9487410071942446
2186.69,818.375,4.044,3.382,5034.375,6014.38,9320.06,0.6619999999999995,-0.000899281,2190.0499999999884,0.9442446043165468
2169.56,681.563,4.001,3.429,4852.311999999918,5832.31,9191.75,0.5720000000000005,-0.000899281,2172.742,0.9487410071942446
2188.81,801.563,4.045,3.388,5020.25,6007.19,9252.06,0.657,-0.000899281,2192.053999999977,0.9487410071942446
2201.88,852.0,4.048,3.372,5036.625,6009.56,9082.62,0.6760000000000002,-0.000899281,2205.34,0.9487410071942446
2204.44,842.437,4.04,3.378,5027.375,6000.38,9041.62,0.6619999999999999,-0.000899281,2207.892,0.9487410071942446
2186.31,784.813,4.022,3.399,4950.375,5923.31,9294.81,0.6230000000000002,-0.000899281,2189.249999999977,0.9487410071942446
2167.62,681.625,4.0,3.43,4852.311999999918,5825.38,9162.25,0.5699999999999998,-0.000899281,2171.004,0.9478417266187052
2143.56,758.375,4.031,3.417,4824.375,5790.38,9104.62,0.6139999999999999,-0.000899281,2146.953999999977,0.9514388489208632
2188.0,703.1880000003148,3.994,3.426,4887.375,5881.38,9375.19,0.5680000000000001,-0.000899281,2189.9439999999768,0.9478417266187052
2202.62,840.0,4.04,3.378,5023.875,5993.38,9009.31,0.6619999999999999,-0.000899281,2206.198,0.9478417266187052
2188.81,818.375,4.044,3.384,5002.813000000315,5965.38,9136.38,0.6599999999999997,-0.000899281,2191.223999999977,0.9451438848920864
2185.62,784.812,4.022,3.399,4950.313000000082,5916.31,9301.69,0.6230000000000002,-0.000899281,2187.8359999999766,0.9478417266187052
2185.56,808.812,4.041,3.393,4992.375,5972.38,9177.56,0.6480000000000006,-0.000899281,2188.8119999999767,0.9478417266187052
2194.12,811.2190000002738,4.044,3.387,4985.344000000041,5958.34,9049.97,0.6569999999999996,-0.000899281,2197.118,0.9523381294964028
2187.81,801.562,4.045,3.388,5020.313000000082,6000.31,9267.88,0.657,-0.000899281,2190.509999999977,0.9478417266187052
2186.12,818.375,4.045,3.382,5027.313000000082,6007.31,9352.5,0.6629999999999998,-0.000899281,2188.5499999999884,0.9433453237410072
2175.31,801.563,4.036,3.389,4978.311999999918,5937.38,9247.25,0.6469999999999998,-0.000899281,2178.399999999977,0.9532374100719424
2200.44,849.625,4.048,3.373,5034.375,6007.38,9098.56,0.6749999999999998,-0.000899281,2203.746,0.9478417266187052
2174.38,787.188,4.044,3.395,4964.311999999918,5923.31,9170.5,0.6489999999999996,-0.000899281,2176.319999999977,0.9478417266187052
2184.0,801.563,4.038,3.387,4957.313000000082,5930.31,9157.31,0.6510000000000002,-0.000899281,2187.508,0.9712230215827338
2192.56,813.594,4.044,3.388,4978.280999999726,5958.28,9049.44,0.6559999999999997,-0.000899281,2195.5620000000004,0.9514388489208632
2167.0,681.625,4.0,3.43,4845.375,5825.38,9185.19,0.5699999999999998,-0.000899281,2169.498,0.9469424460431654
2186.69,804.0,4.045,3.388,5013.25,6000.19,9211.19,0.657,-0.000899281,2189.0979999999768,0.9469424460431654
2172.0,784.813,4.044,3.394,4957.311999999918,5916.25,9178.31,0.6499999999999995,-0.000899281,2174.881999999977,0.9469424460431654
2184.0,801.625,4.038,3.387,4957.375,5923.38,9115.38,0.6510000000000002,-0.000899281,2185.926,0.9703237410071942
2186.56,703.25,3.994,3.427,4887.375,5874.38,9353.12,0.5670000000000002,-0.000899281,2189.0119999999765,0.9469424460431654
2183.56,784.75,4.022,3.399,4943.313000000082,5916.31,9283.69,0.6230000000000002,-0.000899281,2186.4099999999767,0.9469424460431654
2142.06,760.8120000001509,4.031,3.418,4817.375,5783.38,9081.12,0.6129999999999995,-0.000899281,2145.3419999999765,0.9505395683453236
2186.38,818.4380000003148,4.044,3.385,4999.313000000315,5958.31,9101.31,0.6589999999999998,-0.000899281,2189.7819999999765,0.9442446043165468
2202.06,840.0,4.04,3.379,5020.375,5993.38,9037.88,0.661,-0.000899281,2204.686,0.9469424460431654
2199.0,849.625,4.048,3.373,5027.375,6000.38,9053.06,0.6749999999999998,-0.000899281,2202.102,0.9469424460431654
2183.88,816.0,4.045,3.384,5027.375,6007.38,9270.31,0.661,-0.000899281,2187.0879999999884,0.9424460431654677
2173.75,801.562,4.036,3.39,4971.313000000082,5937.31,9227.12,0.6459999999999995,-0.000899281,2176.7379999999766,0.9523381294964028
2184.19,806.375,4.041,3.393,4985.375,5965.38,9137.88,0.6480000000000006,-0.000899281,2187.211999999977,0.9469424460431654
2190.75,811.2179999996442,4.044,3.387,4978.313000000315,5951.31,9029.53,0.6569999999999996,-0.000899281,2194.074,0.9505395683453236
2200.19,837.562,4.04,3.38,5020.311999999918,5986.31,8985.44,0.6600000000000001,-0.000899281,2203.1240000000003,0.946043165
2180.44,777.625,4.021,3.399,4943.25,5909.25,9244.88,0.6219999999999999,-0.000899281,2184.673999999977,0.946043165
2183.56,796.75,4.045,3.388,5013.25,5993.25,9251.94,0.657,-0.000899281,2187.3979999999765,0.946043165
2165.38,679.188,4.0,3.431,4838.311999999918,5818.31,9164.25,0.569,-0.000899281,2168.074,0.946043165
2181.56,799.25,4.038,3.387,4950.311999999918,5923.31,9115.31,0.6510000000000002,-0.000899281,2184.476,0.9694244604316546
2169.62,787.187,4.044,3.394,4957.311999999918,5916.31,9136.31,0.6499999999999995,-0.000899281,2173.4499999999766,0.946043165
2186.38,818.375,4.045,3.385,4992.375,5958.38,9136.38,0.6600000000000001,-0.000899281,2188.301999999977,0.9433453237410072
2182.81,698.4380000003148,3.993,3.427,4880.375,5867.38,9364.5,0.5659999999999998,-0.000899281,2187.2739999999767,0.946043165
2181.94,804.0,4.04,3.393,4985.375,5958.38,9141.88,0.6470000000000002,-0.000899281,2185.5239999999767,0.946043165
2141.19,758.4379999998491,4.031,3.418,4810.375,5776.38,9098.56,0.6129999999999995,-0.000899281,2143.885999999977,0.9496402877697842
2171.19,799.187,4.036,3.39,4971.311999999918,5930.38,9216.44,0.6459999999999995,-0.000899281,2175.0139999999765,0.9514388489208632
2177.38,804.0,4.042,3.384,5020.311999999918,6000.31,9292.81,0.6579999999999999,-0.000899281,2184.525999999988,0.941546762589928
2198.19,847.188,4.048,3.373,5027.25,6000.19,9065.19,0.6749999999999998,-0.000899281,2200.6780000000003,0.946043165
2193.81,840.0,4.028,3.599,4991.313000000082,5957.0,9084.12,0.4289999999999994,-0.000899281,2198.664,0.9451438848920864
2177.5,801.562,4.025,3.622,4970.313000000082,5950.0,9388.94,0.4030000000000004,-0.000899281,2182.3139999999885,0.9406474820143884
2179.19,789.625,4.018,3.709,4914.0,5887.0,9170.0,0.3089999999999997,-0.000899281,2183.038,0.9685251798561152
2197.5,825.625,4.02,3.682,4984.311999999918,5964.31,9111.5,0.3379999999999996,-0.000899281,2201.362,0.9451438848920864
2184.44,777.625,4.005,3.62,4914.25,5887.0,9308.5,0.3849999999999998,-0.000899281,2184.0739999999764,0.9451438848920864
2189.5,808.8130000003148,4.044,3.388,4971.375,5944.38,9049.91,0.6559999999999997,-0.000899281,2192.574,0.9496402877697842
2184.0,806.375,4.026,3.705,4956.0,5922.0,9142.0,0.3209999999999997,-0.000899281,2186.863999999977,0.9424460431654677
2169.56,782.438,4.027,3.725,4928.0,5894.0,9198.0,0.302,-0.000899281,2171.999999999977,0.9451438848920864
2172.69,799.187,4.019,3.629,4942.313000000082,5908.0,9240.44,0.3900000000000001,-0.000899281,2173.963999999977,0.9505395683453236
2140.19,758.375,4.031,3.419,4810.312000000151,5776.31,9088.38,0.6119999999999997,-0.000899281,2142.4239999999763,0.9487410071942446
2183.62,792.0,4.028,3.625,4970.188000000082,5950.06,9297.5,0.4029999999999996,-0.000899281,2186.0979999999763,0.9451438848920864
2161.69,672.0,3.981,3.643,4802.375,5775.0,9236.38,0.3380000000000001,-0.000899281,2166.25,0.9451438848920864
2186.44,693.5619999996852,3.977,3.63,4858.25,5838.0,9390.38,0.347,-0.000899281,2186.499999999977,0.9451438848920864
2180.62,799.187,4.023,3.623,4949.375,5922.0,9193.81,0.3999999999999994,-0.000899281,2183.923999999977,0.9451438848920864
205151.23,2849.967999999644,4.272,3.178,74009.98200000008,85860.0,85860.0,1.0940000000000003,-0.000899281,42767.35799999998,0.9442446043165468
207013.99,-98271.841,4.272,3.159,73349.97999999998,85080.0,85080.0,1.1130000000000004,-0.000899281,43151.911999999975,0.9415467625899282
205460.61,2910.016000000061,4.269,3.172,74939.998,86920.7,86920.7,1.097,-0.000899281,42840.88399999998,0.9442446043165468
2141.06,756.0,4.013,3.639,4781.25,5754.0,9139.0,0.3740000000000001,-0.000899281,2141.611999999977,0.9478417266187048
207014.94,2949.994666666724,4.271,3.18,73949.98300000024,85841.86,85841.86,1.0909999999999995,-0.000899281,43149.79999999997,0.9442446043165468
2188.19,806.4369999996852,4.044,3.389,4964.313000000315,5937.31,9059.31,0.6549999999999998,-0.000899281,2191.024,0.9487410071942446
205671.93,2887.503999999957,4.271,3.179,73800.00399999996,85598.4,85598.4,1.092,-0.000899281,42880.847999999976,0.9442446043165468
206762.91,406703.7680001794,4.272,3.164,74219.99599999981,86148.77,86148.77,1.108,-0.000899281,43100.917999999976,0.9442446043165468
206327.42,203610.37100000004,4.269,3.179,70799.998,82120.83,82120.83,1.0900000000000003,-0.000899281,42997.822,0.9442446043165468
204684.61,-397645.908,4.272,3.179,75179.99800000014,87266.47,87266.47,1.0930000000000004,-0.000899281,42675.50999999997,0.9496402877697842
205853.38,3080.0100000000093,4.271,3.17,71099.99900000007,82440.0,82440.0,1.101,-0.000899281,42916.426,0.9676258992805756
206093.41,2969.9839999999385,4.272,3.173,70920.00400000019,82211.23,82211.23,1.0990000000000002,-0.000899281,42976.97,0.9442446043165468
204315.37,-97169.2615,4.271,3.169,71129.985,82495.56,82495.56,1.102,-0.000899281,42623.548,0.9442446043165468
206845.79,204638.51333333345,4.272,3.178,76619.99599999981,88862.05,88862.05,1.0940000000000003,-0.000899281,43114.13399999999,0.9397482014388492
2194.53,842.0,4.009,3.423,5228.351999999955,6200.35,9438.5,0.5860000000000003,-0.000899281,42975.788,0.9433453237410072
2198.75,829.6000000000931,4.002,3.419,5223.488000000361,6202.69,9383.52,0.5829999999999997,-0.000899281,42622.774,0.9433453237410072
2172.0,794.3999999999069,3.998,3.398,5207.007,6164.61,9548.61,0.6000000000000001,-0.000899281,42914.026,0.9667266187050358
2172.0,779.9844999997877,4.008,3.388,5258.320000000065,6236.32,9611.17,0.6200000000000001,-0.000899281,42766.881999999976,0.9433453237410072
2164.99,663.6000000000931,3.959,3.385,5141.951999999816,6128.35,9697.09,0.5740000000000003,-0.000899281,42997.296,0.9433453237410072
2190.69,696.0,3.958,3.41,5156.415999999968,6164.42,9810.34,0.548,-0.000899281,42841.42199999998,0.9433453237410072
2180.99,795.1999999999534,4.002,3.399,5235.424,6200.22,9614.43,0.6029999999999998,-0.000899281,42879.93399999997,0.9433453237410072
2174.75,792.0,4.0,3.397,5242.752000000095,6200.35,9688.9,0.6030000000000002,-0.000899281,42675.39799999997,0.9487410071942446
2188.26,780.0,3.985,3.405,5217.056000000099,6203.46,9739.01,0.5800000000000001,-0.000899281,43150.32799999998,0.9433453237410072
11755.36,807.0,4.005,3.38,5250.0800000000745,6200.48,9556.67,0.625,-0.000899281,45065.22199999997,0.9406474820143886
2186.25,806.4380000003148,4.043,3.391,4960.843499999959,5937.38,9027.75,0.6520000000000001,-0.000899281,2189.45,0.9478417266187052
2185.89,798.3999999999069,4.005,3.389,5271.553000000073,6272.35,9710.3,0.6160000000000001,-0.000899281,43100.53399999998,0.9433453237410072
2182.37,807.6000000000931,4.004,3.399,5264.384000000078,6236.38,9773.89,0.6049999999999995,-0.000899281,43113.38399999999,0.9388489208633096
2141.73,750.0,3.993,3.432,5098.751999999862,6092.35,9571.78,0.5609999999999999,-0.001798561,2141.2459999999764,0.9467625899280576
2182.56,804.0,4.004,3.397,4990.751999999862,5948.35,9253.12,0.6069999999999998,-0.000899281,42879.60799999997,0.9424460431654677
2186.37,804.8000000000466,4.008,3.392,5030.318999999668,5984.32,9326.01,0.6160000000000001,-0.000899281,43100.46999999998,0.9424460431654677
2172.0,816.0,4.006,3.386,5036.318999999901,5984.32,9413.98,0.6200000000000001,-0.000899281,43111.00799999999,0.9379496402877698
2172.67,798.0,4.0,3.408,4990.784999999916,5948.39,9318.59,0.5920000000000001,-0.000899281,42675.18199999998,0.9478417266187048
2189.66,702.0,3.959,3.429,4918.719000000041,5876.32,9503.33,0.5300000000000002,-0.000899281,42842.04199999997,0.9424460431654677
2165.34,674.3999999999069,3.963,3.436,4856.193,5804.19,9288.58,0.5270000000000001,-0.000899281,42996.964,0.9424460431654677
2198.24,831.0,4.005,3.383,5030.353000000119,5984.35,9103.14,0.6219999999999999,-0.000899281,42622.01,0.9424460431654677
2172.0,784.8000000000466,4.008,3.398,4988.319999999832,5948.32,9260.32,0.6099999999999999,-0.000899281,42766.881999999976,0.9424460431654677
2184.0,814.3999999999069,4.008,3.389,5012.353000000119,5948.35,9188.35,0.6190000000000002,-0.000899281,45064.74599999997,0.9397482014388489
2172.0,796.8000000000466,4.0,3.393,4976.479999999981,5912.48,9188.48,0.6070000000000002,-0.000899281,42911.626,0.9658273381294964
2185.56,806.375,4.043,3.39,4957.375,5930.38,9015.12,0.653,-0.000899281,2188.05,0.9469424460431654
2194.49,846.0159999998286,4.012,3.377,5033.920999999857,5984.32,9142.69,0.6349999999999998,-0.000899281,42974.886,0.9424460431654677
2185.86,786.0,3.985,3.4,4976.351999999955,5948.35,9364.32,0.585,-0.000899281,43150.78799999998,0.9424460431654677
2170.08,795.6000000000931,4.0,3.393,4983.551999999909,5948.35,9323.71,0.6070000000000002,-0.000899281,42674.95999999998,0.9469424460431654
2160.0,784.8000000000466,4.008,3.398,4976.320000000065,5912.32,9252.74,0.6099999999999999,-0.000899281,42764.95799999998,0.9415467625899282
2195.04,830.9760000000242,4.005,3.382,5026.751999999862,5984.35,9076.03,0.6229999999999998,-0.000899281,42620.98,0.9415467625899282
2172.0,795.0,4.001,3.391,4976.319999999832,5912.32,9188.32,0.6100000000000003,-0.000899281,42909.714,0.9649280575539568
2185.12,806.4380000003148,4.043,3.39,4957.375,5930.38,9051.06,0.653,-0.000899281,2186.924,0.946043165
2183.68,786.0,3.986,3.401,4970.352000000188,5912.35,9339.3,0.5850000000000004,-0.000899281,43151.43599999997,0.9415467625899282
2183.74,816.0,4.009,3.388,5012.318,5948.32,9188.32,0.6210000000000004,-0.000899281,45064.21799999998,0.9388489208633096
2138.94,750.0154999997467,3.993,3.428,4832.319999999832,5768.32,9170.14,0.565,-0.000899281,2140.6219999999767,0.94568345323741
2191.71,843.6000000000931,4.012,3.376,5033.856000000145,5984.26,9117.54,0.6359999999999997,-0.000899281,42973.59,0.9415467625899282
2180.1,807.0,4.005,3.396,4994.320000000065,5948.32,9238.27,0.609,-0.000899281,42879.239999999976,0.9415467625899282
2180.16,819.0,4.007,3.385,5036.353000000119,5984.35,9368.35,0.6219999999999999,-0.000899281,43111.56399999999,0.9370503597122304
2185.53,810.3999999999069,4.009,3.39,5033.9199999999255,5984.32,9340.29,0.6190000000000002,-0.000899281,43100.86399999998,0.9415467625899282
2187.1,701.6000000000931,3.959,3.429,4911.550999999978,5876.35,9460.67,0.5300000000000002,-0.000899281,42842.89999999998,0.9415467625899282
2163.43,672.0,3.963,3.435,4861.089000000153,5804.29,9263.11,0.528,-0.000899281,42996.57400000001,0.9415467625899282
2184.48,705.6000000000931,3.959,3.429,4904.350999999791,5876.35,9444.86,0.5300000000000002,-0.000899281,42842.50799999997,0.9406474820143886
2179.06,789.5619999996852,4.022,3.625,4921.375,5894.0,9069.94,0.3970000000000002,-0.000899281,2184.836,0.9451438848920864
2172.0,795.0,4.001,3.392,4969.183000000194,5912.38,9152.38,0.6090000000000004,-0.000899281,42908.276,0.9640287769784172
2172.0,816.0,4.009,3.389,5005.152000000235,5948.35,9192.9,0.6200000000000006,-0.000899281,45061.81799999998,0.9379496402877698
2192.9,830.3999999999069,4.006,3.383,5019.649999999907,5984.45,9074.27,0.6230000000000002,-0.000899281,42620.06,0.9406474820143886
2160.0,784.8000000000466,4.008,3.399,4970.316000000108,5912.32,9224.32,0.609,-0.000899281,42763.04599999998,0.9406474820143886
2181.02,786.0,3.986,3.402,4964.289000000106,5912.29,9317.82,0.5840000000000001,-0.000899281,43150.75199999998,0.9406474820143886
2135.59,750.0,3.993,3.428,4825.119999999646,5768.32,9158.75,0.565,-0.000899281,2139.5019999999768,0.9446043165467624
2189.12,841.0,4.013,3.377,5024.352000000188,5984.35,9097.7,0.6360000000000001,-0.000899281,42972.652,0.9406474820143886
2161.82,672.0,3.964,3.436,4853.921000000089,5804.32,9257.22,0.528,-0.000899281,42996.6,0.9406474820143886
2177.57,807.0,4.005,3.395,4988.352000000188,5948.35,9233.15,0.6099999999999999,-0.000899281,42878.629999999976,0.9406474820143886
2183.17,810.0155000002123,4.009,3.39,5026.720999999903,5984.32,9306.91,0.6190000000000002,-0.000899281,43100.773999999976,0.9406474820143886
2167.27,795.6000000000931,4.0,3.394,4976.383000000147,5912.35,9292.77,0.6059999999999999,-0.000899281,42673.875999999975,0.946043165
2178.78,822.0,4.009,3.384,5030.350999999791,5984.35,9403.74,0.6250000000000004,-0.000899281,43111.81999999999,0.9361510791366908
2132.54,747.6000000000931,3.994,3.429,4814.285000000149,5768.29,9156.51,0.5650000000000004,-0.000899281,2137.971999999977,0.9435251798561152
2186.4,836.9922499998938,4.013,3.378,5018.351999999955,5984.35,9099.9,0.6349999999999998,-0.000899281,2191.25,0.9397482014388489
2172.0,795.0,4.001,3.393,4961.952000000048,5912.35,9152.35,0.6080000000000005,-0.000899281,2172.0,0.9631294964028776
2174.72,805.0,4.005,3.396,4982.320000000065,5948.32,9212.38,0.609,-0.000899281,2179.1879999999765,0.9397482014388489
2181.19,807.6000000000931,4.01,3.39,5024.351000000024,5984.35,9318.98,0.6199999999999997,-0.000899281,2184.4299999999766,0.9397482014388489
2159.3,672.0,3.964,3.435,4850.351000000024,5804.35,9238.53,0.5289999999999999,-0.000899281,2162.976,0.9397482014388489
2172.0,816.8000000000466,4.009,3.386,5024.386999999872,5984.39,9379.94,0.6230000000000002,-0.000899281,2177.061999999988,0.9352517985611508
2164.12,796.0,4.0,3.394,4969.054000000237,5912.25,9266.43,0.6059999999999999,-0.000899281,2169.7779999999766,0.9451438848920864
206007.26,-64192.716,4.271,3.166,72809.98200000008,84474.65,84474.65,1.105,-0.000899281,42948.65,0.9442446043165468
2190.47,830.3999999999069,4.006,3.383,5012.3519999997225,5948.35,9068.7,0.6230000000000002,-0.000899281,2195.08,0.9397482014388489
2182.34,705.0,3.959,3.429,4897.183000000194,5876.38,9471.04,0.5300000000000002,-0.000899281,2186.8539999999766,0.9397482014388489
2179.65,786.0,3.986,3.401,4958.351999999955,5912.35,9359.93,0.5850000000000004,-0.000899281,2183.6939999999768,0.9397482014388489
2160.0,783.0,4.008,3.399,4964.382999999914,5912.38,9224.38,0.609,-0.000899281,2164.7999999999765,0.9397482014388489
2172.0,813.6000000000931,4.009,3.389,4997.917000000365,5948.32,9188.32,0.6200000000000006,-0.000899281,4093.419999999976,0.9370503597122302
2157.22,672.0,3.964,3.436,4839.587000000058,5804.39,9229.09,0.528,-0.000899281,2161.422,0.9388489208633096
2179.49,807.0,4.009,3.391,5012.383000000147,5984.38,9329.18,0.6180000000000003,-0.000899281,2183.149999999977,0.9388489208633096
2161.25,796.0,4.0,3.395,4958.320000000065,5912.32,9262.72,0.605,-0.000899281,2167.077999999977,0.9442446043165468
2172.32,801.0,4.005,3.396,4970.350999999791,5948.35,9188.0,0.609,-0.000899281,2177.453999999977,0.9388489208633096
2172.0,795.0,4.001,3.393,4952.354999999981,5912.35,9152.35,0.6080000000000005,-0.000899281,2172.0,0.962230215827338
2187.55,825.0,4.006,3.385,5005.120000000112,5948.32,9046.11,0.6210000000000004,-0.000899281,2192.84,0.9388489208633096
2172.0,812.0,4.009,3.391,4990.751999999862,5948.35,9152.35,0.6180000000000003,-0.000899281,2176.747999999977,0.9361510791366908
2182.56,793.1999999999534,4.004,3.381,5213.9199999999255,6200.32,9459.46,0.6229999999999998,-0.000899281,42947.912,0.9433453237410072
2128.93,744.0,3.993,3.43,4803.552000000142,5768.35,9153.15,0.5629999999999997,-0.000899281,2135.5459999999766,0.9424460431654677
2183.71,837.6000000000931,4.013,3.379,5008.526999999769,5950.53,9077.05,0.6339999999999999,-0.000899281,2189.086,0.9388489208633096
2177.44,783.6000000000931,3.986,3.403,4947.458000000101,5912.26,9346.47,0.5830000000000002,-0.000899281,2181.529999999977,0.9388489208633096
2180.09,699.1999999999534,3.96,3.43,4889.9199999999255,5876.32,9457.6,0.5299999999999998,-0.000899281,2184.7339999999767,0.9388489208633096
2160.0,780.8000000000466,4.008,3.401,4954.751999999862,5912.35,9224.36,0.6070000000000002,-0.000899281,2162.399999999977,0.9388489208633096
2172.0,815.0,4.01,3.386,5012.351000000257,5984.35,9401.28,0.6239999999999997,-0.000899281,2174.987999999988,0.9343525179856116
2176.51,801.0,4.01,3.391,5006.351000000257,5984.35,9306.23,0.6189999999999998,-0.000899281,2181.1779999999767,0.9379496402877698
2175.01,780.0,3.986,3.403,4940.352000000188,5912.35,9346.62,0.5830000000000002,-0.000899281,2179.3599999999765,0.9379496402877698
2172.0,810.0,4.009,3.39,4983.552000000142,5948.35,9152.35,0.6190000000000002,-0.000899281,2174.3479999999768,0.9352517985611508
2148.0,778.8000000000466,4.009,3.402,4946.320999999996,5876.32,9224.32,0.6070000000000002,-0.000899281,2157.5999999999767,0.9379496402877698
2169.02,801.6000000000931,4.005,3.397,4964.382999999914,5912.38,9192.67,0.6080000000000001,-0.000899281,2174.7459999999764,0.9379496402877698
2126.02,744.0,3.994,3.431,4796.352,5732.35,9129.41,0.5630000000000002,-0.000899281,2132.403999999977,0.9415467625899282
2182.62,798.0,4.007,3.395,4969.152000000002,5912.35,9114.85,0.6119999999999997,-0.000899281,42947.324,0.9424460431654677
2158.69,792.0,4.0,3.397,4952.320999999996,5912.32,9296.32,0.6030000000000002,-0.000899281,2164.2819999999765,0.9433453237410072
2160.0,790.8000000000466,4.001,3.394,4947.519999999786,5912.32,9116.32,0.6070000000000002,-0.000899281,2169.6,0.9613309352517986
2177.41,697.1999999999534,3.96,3.431,4882.751000000164,5840.35,9459.62,0.5289999999999999,-0.000899281,2182.283999999977,0.9379496402877698
2154.95,672.0,3.964,3.437,4832.319999999832,5804.32,9232.44,0.5270000000000001,-0.000899281,2159.344,0.9379496402877698
2170.55,811.0,4.01,3.387,5005.150999999838,5984.35,9397.76,0.6229999999999998,-0.000899281,2174.6979999999885,0.933453237410072
2180.77,836.0,4.013,3.38,4997.920000000158,5948.32,9065.77,0.633,-0.000899281,2186.342,0.9379496402877698
2184.83,823.0,4.006,3.385,4994.383000000147,5948.38,9054.62,0.6210000000000004,-0.000899281,2190.1580000000004,0.9379496402877698
2180.13,797.6000000000931,4.007,3.394,4969.178400000092,5912.35,9093.92,0.6129999999999995,-0.000899281,42946.326,0.9415467625899282
2172.0,810.0,4.009,3.392,4976.351999999955,5912.35,9152.35,0.6170000000000004,-0.000899281,2172.0,0.9343525179856116
2181.27,820.8000000000466,4.005,3.387,4988.351999999955,5948.35,9014.79,0.6179999999999999,-0.000899281,2187.4039999999995,0.9370503597122302
2160.0,790.8000000000466,4.001,3.395,4940.352000000188,5876.35,9152.35,0.6060000000000003,-0.000899281,2167.2,0.960431655
2153.02,669.6000000000931,3.964,3.437,4825.121000000043,5804.32,9243.04,0.5270000000000001,-0.000899281,2157.262,0.9370503597122302
2174.98,695.1999999999534,3.96,3.432,4874.319999999832,5840.32,9423.69,0.528,-0.000899281,2179.8599999999765,0.9370503597122302
2166.62,795.6000000000931,4.005,3.399,4958.320999999996,5912.32,9178.69,0.6059999999999999,-0.000899281,2172.0499999999765,0.9370503597122302
2168.06,807.0,4.01,3.389,4994.351999999955,5948.35,9368.42,0.621,-0.000899281,2172.2779999999884,0.9325539568345323
2172.42,780.0,3.986,3.404,4934.320999999996,5876.32,9299.84,0.5820000000000003,-0.000899281,2177.1079999999765,0.9370503597122302
2174.41,800.97075,4.011,3.393,5000.382999999914,5948.38,9306.56,0.6180000000000003,-0.000899281,2178.953999999977,0.9370503597122302
2177.86,832.0213333333377,4.013,3.381,4990.751000000164,5948.35,9031.77,0.6320000000000001,-0.000899281,2183.572,0.9370503597122302
2122.69,740.0,3.994,3.431,4784.351999999955,5732.35,9123.04,0.5630000000000002,-0.000899281,2129.153999999977,0.9406474820143886
2148.0,776.8000000000466,4.008,3.403,4940.350999999791,5876.35,9188.35,0.605,-0.000899281,2155.1999999999766,0.9370503597122302
2155.97,792.0,4.0,3.397,4940.383000000147,5876.38,9260.96,0.6030000000000002,-0.000899281,2161.4599999999764,0.9424460431654677
2173.09,693.0,3.961,3.432,4868.320000000065,5840.32,9423.75,0.5289999999999999,-0.000899281,2177.5819999999767,0.9361510791366908
2171.88,797.0,4.011,3.394,4990.720999999903,5948.32,9299.2,0.617,-0.000899281,2176.6959999999767,0.9361510791366908
2160.0,788.8000000000466,4.001,3.395,4933.089,5876.29,9116.29,0.6060000000000003,-0.000899281,2164.8,0.9595323741007192
2165.28,803.0,4.01,3.39,4988.350999999791,5948.35,9367.77,0.6199999999999997,-0.000899281,2169.5779999999886,0.9316546762589928
2170.56,780.0,3.986,3.404,4928.351999999955,5876.35,9300.9,0.5820000000000003,-0.000899281,2175.015999999977,0.9361510791366908
2152.86,788.0,4.001,3.398,4933.119999999879,5876.32,9249.95,0.6030000000000002,-0.000899281,2158.577999999977,0.941546762589928
2179.39,820.8000000000466,4.006,3.387,4982.351000000257,5948.35,9038.69,0.6190000000000002,-0.000899281,2184.702,0.9361510791366908
2160.0,808.0,4.009,3.392,4970.351999999955,5912.35,9152.35,0.6170000000000004,-0.000899281,2169.5999999999767,0.933453237410072
2148.0,772.8000000000466,4.008,3.404,4928.320000000065,5876.32,9188.32,0.6040000000000001,-0.000899281,2152.7999999999765,0.9361510791366908
2175.68,828.0,4.012,3.382,4983.550999999978,5948.35,9046.43,0.6299999999999994,-0.000899281,2180.884,0.9361510791366908
2177.34,795.0,4.008,3.394,4961.920000000158,5912.32,9058.18,0.6139999999999999,-0.000899281,42945.982,0.9406474820143886
2119.74,738.0,3.994,3.432,4774.7519999993965,5732.35,9108.83,0.5620000000000003,-0.000899281,2125.9839999999763,0.9397482014388489
2163.88,798.0,4.005,3.4,4947.583000000101,5912.38,9161.63,0.605,-0.000899281,2169.311999999977,0.9361510791366908
2150.46,672.0,3.963,3.437,4817.89,5768.29,9213.19,0.5260000000000002,-0.000899281,2154.99,0.9361510791366908
2163.33,801.0154999999795,4.011,3.391,4976.320000000065,5948.32,9379.78,0.6200000000000001,-0.000899281,2167.8439999999887,0.9307553956834532
2160.03,788.8000000000466,4.001,3.395,4928.320000000065,5876.32,9116.32,0.6060000000000003,-0.000899281,2162.406,0.9586330935251798
2150.56,788.0,4.001,3.399,4925.921000000089,5876.32,9218.21,0.6020000000000003,-0.000899281,2155.865999999977,0.9406474820143884
2169.25,773.6000000000931,3.987,3.406,4922.389999999898,5876.39,9318.66,0.581,-0.000899281,2172.935999999977,0.9352517985611508
2161.95,795.6000000000931,4.005,3.401,4940.352000000188,5912.35,9162.84,0.6040000000000001,-0.000899281,2166.7579999999766,0.9352517985611508
2149.48,669.6000000000931,3.964,3.438,4814.351999999955,5768.35,9239.07,0.5259999999999998,-0.000899281,2153.0260000000003,0.9352517985611508
2169.8,795.0,4.011,3.395,4982.351999999955,5948.35,9272.51,0.6160000000000001,-0.000899281,2174.417999999977,0.9352517985611508
2176.77,816.0,4.005,3.389,4970.351999999955,5912.35,8995.97,0.6160000000000001,-0.000899281,2181.962,0.9352517985611508
2170.94,693.6000000000931,3.961,3.434,4853.9509999998845,5840.35,9405.09,0.5269999999999997,-0.000899281,2175.301999999977,0.9352517985611508
2175.17,795.0,4.007,3.395,4954.782999999821,5912.38,9064.41,0.6119999999999997,-0.000899281,2179.564,0.9397482014388489
2116.93,736.0,3.994,3.433,4767.583000000566,5732.38,9091.04,0.5610000000000004,-0.000899281,2122.8619999999764,0.9388489208633096
2148.0,772.8000000000466,4.009,3.404,4922.311999999918,5876.31,9152.31,0.6050000000000004,-0.000899281,2150.399999999977,0.9352517985611508
2160.0,810.0,4.009,3.393,4961.952000000281,5912.35,9116.35,0.6160000000000005,-0.000899281,2167.1999999999766,0.9325539568345323
2173.66,828.0,4.012,3.383,4976.351999999955,5948.35,9053.34,0.6289999999999996,-0.000899281,2178.336,0.9352517985611508
2159.55,793.6000000000931,4.005,3.401,4934.351000000257,5876.35,9140.23,0.6040000000000001,-0.000899281,2164.203999999977,0.9343525179856116
2172.1,828.0,4.013,3.383,4970.351999999955,5912.35,9031.2,0.6299999999999999,-0.000899281,2176.014,0.9343525179856116
2173.44,793.0,4.008,3.398,4947.551000000443,5912.35,9080.74,0.6099999999999999,-0.000899281,2177.74,0.9388489208633096
2160.0,788.8000000000466,4.002,3.396,4922.319999999832,5876.32,9080.32,0.6059999999999999,-0.000899281,2160.0060000000003,0.9577338129496404
2161.12,799.0025833,4.012,3.391,4970.350999999791,5948.35,9342.05,0.6209999999999996,-0.000899281,2165.6679999999883,0.9298561151079136
2175.23,814.8000000000466,4.006,3.389,4969.151000000071,5912.35,8988.23,0.6170000000000004,-0.000899281,2179.498,0.9343525179856116
2148.0,772.8000000000466,4.009,3.405,4916.351999999955,5876.35,9152.35,0.6040000000000005,-0.000899281,2148.0,0.9343525179856116
2160.0,808.0,4.009,3.393,4958.352000000188,5912.35,9080.35,0.6160000000000005,-0.000899281,2164.7999999999765,0.9316546762589928
2115.23,736.0,3.994,3.433,4762.594000000041,5698.59,9098.98,0.5610000000000004,-0.000899281,2120.1219999999767,0.9379496402877698
2167.3,771.6000000000931,3.987,3.405,4916.350999999791,5876.35,9298.4,0.5820000000000003,-0.000899281,2170.9079999999767,0.9343525179856116
2168.45,795.0,4.012,3.395,4976.352000000188,5948.35,9293.95,0.6169999999999995,-0.000899281,2172.209999999977,0.9343525179856116
2147.68,669.6000000000931,3.965,3.439,4810.618000000017,5768.22,9237.85,0.5259999999999998,-0.000899281,2151.118,0.9343525179856116
2168.8,689.6000000000931,3.96,3.434,4850.352000000188,5840.35,9368.35,0.5259999999999998,-0.000899281,2173.0439999999767,0.9343525179856116
2148.19,786.0,4.001,3.4,4918.782999999821,5876.38,9237.31,0.6010000000000004,-0.000899281,2153.2539999999767,0.9397482014388492
2160.0,788.8000000000466,4.002,3.397,4916.320000000065,5876.32,9116.32,0.605,-0.000899281,2160.0060000000003,0.9568345323741008
2170.56,789.6000000000931,4.008,3.397,4940.320000000298,5912.32,9060.73,0.6110000000000002,-0.000899281,2175.328,0.9379496402877698
2170.2,824.0,4.013,3.383,4969.150999999838,5912.35,9027.17,0.6299999999999999,-0.000899281,2173.9,0.933453237410072
2160.0,804.0,4.009,3.394,4952.352000000188,5912.35,9080.35,0.6150000000000002,-0.000899281,2162.399999999977,0.9307553956834532
2145.62,669.6000000000931,3.965,3.439,4803.550999999978,5768.35,9213.76,0.5259999999999998,-0.000899281,2149.252,0.933453237410072
2167.76,689.6000000000931,3.961,3.434,4846.649999999907,5804.25,9403.58,0.5269999999999997,-0.000899281,2171.113999999977,0.933453237410072
2165.5,774.0,3.987,3.407,4911.591000000015,5876.39,9268.12,0.5800000000000001,-0.000899281,2169.0059999999767,0.933453237410072
2159.2,796.8000000000466,4.012,3.392,4964.351999999955,5912.35,9347.07,0.6199999999999997,-0.000899281,2163.3979999999883,0.928956835
2112.86,732.0,3.994,3.433,4754.382999999914,5696.38,9085.92,0.5610000000000004,-0.000899281,2117.4899999999766,0.9370503597122302
2147.78,772.8000000000466,4.009,3.405,4910.360000000102,5840.36,9116.36,0.6040000000000005,-0.000899281,2147.955999999977,0.933453237410072
2173.41,816.0,4.006,3.389,4961.952000000281,5912.35,8991.9,0.6170000000000004,-0.000899281,2177.214,0.933453237410072
2166.11,793.0,4.011,3.396,4970.350999999791,5948.35,9264.44,0.6150000000000002,-0.000899281,2170.129999999977,0.933453237410072
2146.27,784.0,4.001,3.4,4910.319999999832,5840.32,9230.18,0.6010000000000004,-0.000899281,2150.769999999977,0.9388489208633096
2158.01,789.6000000000931,4.005,3.402,4926.085000000196,5876.49,9155.33,0.6029999999999998,-0.000899281,2162.0019999999763,0.933453237410072
2143.14,665.6000000000931,3.965,3.439,4796.312999999849,5768.31,9193.88,0.5259999999999998,-0.000899281,2147.276,0.9325539568345323
2143.45,780.0,4.001,3.4,4904.360000000102,5840.36,9217.25,0.6010000000000004,-0.000899281,2148.265999999977,0.9379496402877698
2163.94,789.6000000000931,4.012,3.396,4964.264999999898,5912.26,9257.92,0.6159999999999997,-0.000899281,2168.035999999977,0.9325539568345323
2160.0,804.0,4.009,3.394,4947.558999999892,5876.36,9044.36,0.6150000000000002,-0.000899281,2160.0,0.9298561151079138
2110.91,732.0,3.994,3.433,4748.350999999791,5696.35,9062.88,0.5610000000000004,-0.000899281,2115.1339999999764,0.9361510791366908
2136.0,770.0,4.009,3.406,4904.3589999999385,5840.36,9152.36,0.6030000000000002,-0.000899281,2145.555999999977,0.9325539568345323
2163.42,772.0,3.987,3.406,4904.343999999808,5876.34,9273.78,0.581,-0.000899281,2167.205999999977,0.9325539568345323
2156.83,798.0,4.012,3.393,4954.711999999592,5912.31,9339.45,0.6189999999999998,-0.000899281,2161.151999999988,0.9280575539568346
2171.11,814.0,4.006,3.39,4958.328,5912.33,8953.38,0.6160000000000001,-0.000899281,2175.182,0.9325539568345323
2160.0,784.8000000000466,4.002,3.396,4911.528000000166,5876.33,9080.33,0.6059999999999999,-0.000899281,2160.0060000000003,0.9559352517985612
2168.26,789.6000000000931,4.008,3.399,4933.121,5876.32,9048.26,0.609,-0.000899281,2172.954,0.9370503597122302
2155.64,789.6000000000931,4.006,3.402,4922.360000000102,5876.36,9156.09,0.6040000000000001,-0.000899281,2159.805999999977,0.9325539568345323
2165.38,688.0,3.96,3.434,4839.543999999994,5804.34,9378.39,0.5259999999999998,-0.000899281,2169.1939999999768,0.9325539568345323
2168.09,824.0,4.013,3.383,4961.942999999737,5912.34,9018.23,0.6299999999999999,-0.000899281,2171.946,0.9325539568345323
2154.05,795.0,4.011,3.394,4947.558999999659,5912.36,9307.84,0.617,-0.000899281,2158.905999999988,0.9271582733812952
2148.0,784.8000000000466,4.002,3.397,4904.359000000171,5840.36,9080.36,0.605,-0.000899281,2157.606,0.9550359712230216
2161.76,786.0,4.011,3.397,4958.389999999898,5912.39,9272.48,0.6140000000000003,-0.000899281,2166.0119999999765,0.9316546762589928
2163.27,684.0,3.96,3.435,4832.360000000102,5804.36,9354.02,0.5249999999999999,-0.000899281,2167.229999999977,0.9316546762589928
2153.44,788.0,4.005,3.402,4916.344000000274,5876.34,9156.16,0.6029999999999998,-0.000899281,2157.7179999999767,0.9316546762589928
2141.06,663.6000000000931,3.965,3.439,4789.158999999985,5732.36,9177.59,0.5259999999999998,-0.000899281,2145.396,0.9316546762589928
2141.06,782.3999999999069,4.001,3.402,4892.344000000041,5840.34,9207.92,0.5990000000000002,-0.000899281,2145.9059999999763,0.9370503597122304
2136.0,768.0,4.009,3.407,4897.144000000088,5840.34,9116.34,0.6020000000000003,-0.000899281,2143.1559999999768,0.9316546762589928
2169.64,811.1999999999534,4.005,3.391,4952.359000000171,5912.36,8975.27,0.6139999999999999,-0.000899281,2173.232,0.9316546762589928
2165.54,788.0,4.008,3.399,4928.319999999832,5876.32,9027.49,0.609,-0.000899281,2170.594,0.9361510791366908
2160.0,800.0,4.009,3.395,4940.344000000041,5876.34,9080.34,0.6140000000000003,-0.000899281,2160.0,0.9289568345323742
2161.81,768.0,3.987,3.423,4898.360000000102,5840.36,9282.66,0.5640000000000001,-0.000899281,2165.455999999977,0.9316546762589928
2108.58,734.3999999999069,3.994,3.434,4742.375,5696.38,9074.42,0.56,-0.000899281,2112.901999999977,0.9352517985611508
2166.53,824.3999999999069,4.013,3.384,4954.758999999845,5912.36,9019.66,0.629,-0.000899281,2170.116,0.9316546762589928
2151.75,789.6000000000931,4.011,3.396,4940.3589999999385,5912.36,9283.47,0.6150000000000002,-0.000899281,2156.5899999999883,0.9262589928057554
2106.88,730.3999999999069,3.994,3.435,4736.328000000212,5696.33,9052.16,0.5590000000000002,-0.000899281,2110.891999999977,0.9343525179856116
2163.77,786.0,4.008,3.401,4918.790999999736,5876.39,9027.52,0.6070000000000002,-0.000899281,2168.314,0.9352517985611508
2136.0,767.1999999999534,4.009,3.407,4889.9590000002645,5840.36,9116.36,0.6020000000000003,-0.000899281,2140.7559999999767,0.9307553956834532
2159.39,764.0,3.987,3.408,4892.375,5840.38,9268.41,0.5790000000000002,-0.000899281,2163.4839999999763,0.9307553956834532
2148.0,780.8000000000466,4.002,3.398,4904.234000000171,5840.23,9080.23,0.6039999999999996,-0.000899281,2155.2,0.954136690647482
2164.22,823.0,4.012,3.385,4952.313000000082,5912.31,8991.73,0.6269999999999998,-0.000899281,2168.228,0.9307553956834532
2148.0,798.0,4.009,3.396,4934.389999999898,5876.39,9080.39,0.6130000000000004,-0.000899281,2157.5999999999767,0.9280575539568344
2167.81,811.1999999999534,4.005,3.391,4947.528,5912.33,8971.33,0.6139999999999999,-0.000899281,2171.44,0.9307553956834532
2139.0,663.6000000000931,3.965,3.44,4781.913000000175,5732.31,9202.91,0.5249999999999999,-0.000899281,2143.3,0.9307553956834532
2160.8,686.3999999999069,3.959,3.436,4825.033999999985,5804.23,9334.19,0.5230000000000001,-0.000899281,2165.2019999999766,0.9307553956834532
2151.22,786.0,4.006,3.403,4910.328000000212,5876.33,9139.94,0.6030000000000002,-0.000899281,2155.571999999977,0.9307553956834532
2159.23,784.0,4.012,3.398,4947.558999999892,5912.36,9216.2,0.6139999999999994,-0.000899281,2163.897999999977,0.9307553956834532
2137.95,777.0,4.001,3.402,4886.3589999999385,5840.36,9172.06,0.5990000000000002,-0.000899281,2143.383999999977,0.9361510791366908
2136.06,775.0,4.001,3.405,4875.560000000056,5804.36,9194.14,0.5960000000000005,-0.000899281,2140.9579999999764,0.9352517985611508
2162.18,783.6000000000931,4.008,3.401,4916.321000000462,5876.32,9008.32,0.6070000000000002,-0.000899281,2166.062,0.9343525179856116
2162.53,819.0,4.012,3.386,4946.311999999685,5912.31,8995.0,0.6259999999999994,-0.000899281,2166.3140000000003,0.9298561151079138
2149.42,792.0,4.011,3.396,4934.219000000274,5912.22,9265.22,0.6150000000000002,-0.000899281,2154.249999999988,0.9253597122302158
2157.28,764.3999999999069,3.987,3.409,4886.344000000041,5840.34,9232.83,0.5780000000000003,-0.000899281,2161.479999999977,0.9298561151079138
2157.86,782.3999999999069,4.012,3.4,4940.3910000000615,5912.39,9241.86,0.6119999999999997,-0.000899281,2161.779999999977,0.9298561151079138
2149.11,784.0,4.006,3.405,4904.344000000041,5876.34,9144.31,0.6010000000000004,-0.000899281,2153.483999999977,0.9298561151079138
2148.0,798.3999999999069,4.009,3.397,4928.313000000315,5876.31,9080.31,0.6120000000000005,-0.000899281,2155.1999999999766,0.9271582733812952
2104.8,731.0,3.994,3.434,4730.313000000082,5660.31,9048.86,0.56,-0.000899281,2108.8059999999764,0.933453237410072
2136.2,664.0,3.965,3.441,4774.774999999907,5732.38,9180.34,0.524,-0.000899281,2141.004,0.9298561151079138
2148.0,780.0,4.002,3.399,4892.297000000253,5840.3,9044.3,0.6029999999999998,-0.000899281,2152.8,0.9532374100719424
2166.02,809.0,4.005,3.391,4940.328,5876.33,8943.75,0.6139999999999999,-0.000899281,2169.5980000000004,0.9298561151079138
2136.0,763.1999999999534,4.008,3.408,4882.680999999866,5840.28,9149.11,0.6000000000000001,-0.000899281,2138.355999999977,0.9298561151079138
2159.42,680.3999999999069,3.959,3.437,4817.913000000408,5804.31,9332.55,0.5220000000000002,-0.000899281,2163.325999999977,0.9298561151079138
2160.17,786.0,4.008,3.401,4911.550999999978,5876.35,9000.64,0.6070000000000002,-0.000899281,2163.984,0.933453237410072
2161.25,819.0,4.012,3.387,4940.311999999685,5876.31,9000.83,0.6249999999999996,-0.000899281,2164.5240000000003,0.9289568345323742
2155.67,782.3999999999069,4.011,3.4,4934.358999999706,5912.36,9204.92,0.6110000000000002,-0.000899281,2159.691999999977,0.9289568345323742
2147.39,782.3999999999069,4.006,3.405,4892.218,5840.22,9118.05,0.6010000000000004,-0.000899281,2151.3599999999765,0.9289568345323742
2136.0,763.1999999999534,4.009,3.409,4874.344000000041,5804.34,9116.34,0.6000000000000005,-0.000899281,2136.0,0.9289568345323742
2157.19,682.8000000000466,3.959,3.437,4817.913000000408,5804.31,9288.64,0.5220000000000002,-0.000899281,2161.211999999977,0.9289568345323742
2134.91,660.0,3.965,3.442,4767.543999999994,5732.34,9180.28,0.5229999999999997,-0.000899281,2138.862,0.9289568345323742
2148.0,780.0154999999795,4.001,3.4,4889.9280000003055,5840.33,9080.33,0.6010000000000004,-0.000899281,2150.4,0.9523381294964028
2102.62,728.7999999998137,3.994,3.435,4724.453000000212,5660.45,9035.11,0.5590000000000002,-0.000899281,2106.757999999977,0.9325539568345323
2156.06,764.3999999999069,3.987,3.41,4882.618999999948,5840.22,9243.48,0.577,-0.000899281,2159.5919999999765,0.9289568345323742
2165.02,809.0,4.006,3.392,4934.25,5876.25,8983.06,0.6140000000000003,-0.000899281,2167.92,0.9289568345323742
2147.8,786.0,4.011,3.396,4928.360000000102,5876.36,9295.49,0.6150000000000002,-0.000899281,2151.9699999999884,0.9244604316546764
2133.62,772.8000000000466,4.001,3.404,4868.3589999999385,5804.36,9172.42,0.5970000000000004,-0.000899281,2138.4279999999767,0.9343525179856116
2148.0,798.3999999999069,4.009,3.398,4922.313000000315,5876.31,9080.31,0.6110000000000002,-0.000899281,2152.7999999999765,0.9262589928057554
2156.53,682.8000000000466,3.959,3.438,4810.681999999797,5768.28,9324.25,0.5209999999999999,-0.000899281,2159.4419999999764,0.9280575539568344
2158.66,784.0,4.008,3.401,4910.359000000171,5876.36,9023.48,0.6070000000000002,-0.000899281,2162.064,0.9325539568345323
2146.34,788.3999999999069,4.01,3.398,4922.343,5876.34,9248.61,0.6119999999999997,-0.000899281,2149.8719999999885,0.9235611510791368
2145.99,780.0,4.006,3.405,4886.3910000000615,5840.39,9156.03,0.6010000000000004,-0.000899281,2149.4299999999766,0.9280575539568344
2159.77,819.0,4.012,3.386,4934.328,5876.33,8998.78,0.6259999999999994,-0.000899281,2162.86,0.9280575539568344
2132.97,660.0,3.965,3.443,4760.344000000041,5732.34,9150.11,0.5219999999999998,-0.000899281,2136.828,0.9280575539568344
2148.0,778.0,4.002,3.4,4882.760000000009,5840.36,9044.36,0.6019999999999999,-0.000899281,2148.0,0.9514388489208632
2131.88,772.8000000000466,4.001,3.404,4862.360000000102,5804.36,9169.49,0.5970000000000004,-0.000899281,2136.113999999977,0.933453237410072
2154.39,779.0,4.011,3.401,4928.312999999849,5912.31,9188.06,0.6100000000000003,-0.000899281,2157.7819999999765,0.9280575539568344
2148.0,794.3999999999069,4.009,3.398,4916.311999999685,5876.31,9044.31,0.6110000000000002,-0.000899281,2150.399999999977,0.9253597122302158
2154.72,763.0,3.987,3.411,4875.559000000125,5840.36,9208.86,0.5760000000000001,-0.000899281,2157.8519999999767,0.9280575539568344
2124.0,763.1999999999534,4.009,3.409,4868.280999999959,5804.28,9116.28,0.6000000000000005,-0.000899281,2133.5999999999767,0.9280575539568344
2101.12,728.7999999998137,3.994,3.435,4717.143999999855,5660.34,9036.0,0.5590000000000002,-0.000899281,2104.7999999999765,0.9316546762589928
2163.7,807.0,4.006,3.393,4928.188000000082,5876.19,8976.34,0.6130000000000004,-0.000899281,2166.438,0.9280575539568344
2129.89,774.0,4.001,3.405,4861.158999999752,5804.36,9174.31,0.5960000000000005,-0.000899281,2133.8799999999765,0.9325539568345323
2148.0,774.0,4.002,3.4,4880.327999999747,5840.33,9044.33,0.6019999999999999,-0.000899281,2148.0,0.9505395683453236
2124.0,763.1999999999534,4.009,3.409,4868.328000000212,5804.33,9116.33,0.6000000000000005,-0.000899281,2131.1999999999766,0.9271582733812952
2099.23,728.7999999998137,3.994,3.436,4709.9590000002645,5660.36,9014.22,0.5580000000000003,-0.000899281,2102.929999999977,0.9307553956834532
2131.3,660.0,3.965,3.443,4760.3910000000615,5732.39,9163.33,0.5219999999999998,-0.000899281,2134.876,0.9271582733812952
2152.8,777.0,4.011,3.401,4928.311999999918,5912.31,9179.42,0.6100000000000003,-0.000899281,2155.989999999977,0.9271582733812952
2148.0,794.3999999999069,4.01,3.398,4911.558999999892,5840.36,9044.36,0.6119999999999997,-0.000899281,2148.0,0.9244604316546764
2155.94,780.0,4.007,3.402,4904.328000000212,5876.33,8968.09,0.6049999999999995,-0.000899281,2160.144,0.9316546762589928
2154.25,676.8000000000466,3.958,3.439,4810.619000000181,5768.22,9309.19,0.5190000000000001,-0.000899281,2157.6379999999763,0.9271582733812952
2144.73,787.0,4.01,3.397,4918.760000000009,5876.36,9285.38,0.613,-0.000899281,2148.0079999999884,0.9226618705035972
2160.0,807.0,4.006,3.393,4925.913000000175,5876.31,8926.69,0.6130000000000004,-0.000899281,2164.51,0.9271582733812952
2158.69,820.8000000000466,4.012,3.387,4933.175000000047,5876.38,8998.47,0.6249999999999996,-0.000899281,2161.292,0.9271582733812952
2153.19,759.0,3.987,3.41,4874.2660000000615,5840.27,9228.3,0.577,-0.000899281,2156.1279999999765,0.9271582733812952
2143.61,782.3999999999069,4.006,3.406,4880.358999999706,5840.36,9113.38,0.6000000000000001,-0.000899281,2147.4639999999767,0.9271582733812952
2124.0,759.0,4.009,3.41,4856.313000000315,5804.31,9080.31,0.5990000000000002,-0.000899281,2128.7999999999765,0.9262589928057554
2148.0,790.3999999999069,4.01,3.398,4910.343999999808,5840.34,9080.34,0.6119999999999997,-0.000899281,2148.0,0.9235611510791368
2156.77,818.0,4.012,3.387,4928.343,5876.34,8979.42,0.6249999999999996,-0.000899281,2159.802,0.9262589928057554
2160.3,805.6000000000931,4.005,3.393,4922.312000000151,5876.31,8922.08,0.6120000000000001,-0.000899281,2163.008,0.9262589928057554
2142.08,784.8000000000466,4.01,3.397,4916.3589999999385,5876.36,9248.61,0.613,-0.000899281,2146.0739999999887,0.9217625899280576
2154.69,782.3999999999069,4.008,3.402,4897.158999999519,5840.36,8974.28,0.6059999999999999,-0.000899281,2158.3280000000004,0.9307553956834532
2153.06,679.1999999999534,3.959,3.44,4803.528000000166,5768.33,9325.16,0.5190000000000001,-0.000899281,2156.089999999977,0.9262589928057554
2141.62,777.0,4.006,3.407,4874.311999999685,5840.31,9114.45,0.5990000000000002,-0.000899281,2145.5439999999767,0.9262589928057554
2098.59,724.7999999998137,3.994,3.437,4702.586999999825,5660.19,9028.64,0.5570000000000004,-0.000899281,2101.2719999999767,0.9298561151079138
2127.47,769.1999999999534,4.0,3.406,4850.343999999808,5804.34,9160.03,0.5939999999999999,-0.000899281,2131.783999999977,0.9316546762589928
2150.81,760.8000000000466,3.987,3.411,4868.312000000151,5804.31,9214.05,0.5760000000000001,-0.000899281,2154.411999999977,0.9262589928057554
2150.84,776.8000000000466,4.011,3.402,4922.343999999808,5876.34,9178.3,0.609,-0.000899281,2154.311999999977,0.9262589928057554
2148.0,774.0,4.002,3.4,4875.558999999892,5840.36,9116.36,0.6019999999999999,-0.000899281,2148.0,0.9496402877697842
2129.75,660.0,3.965,3.443,4753.160000000149,5696.36,9173.38,0.5219999999999998,-0.000899281,2133.0260000000003,0.9262589928057554
2139.3,783.1999999999534,4.009,3.398,4904.343999999808,5876.34,9207.89,0.6110000000000002,-0.000899281,2144.0499999999884,0.920863309352518
2148.0,789.0,4.01,3.399,4904.328000000212,5840.33,9044.33,0.6109999999999998,-0.000899281,2148.0,0.9226618705035972
2124.92,769.0,4.001,3.406,4844.360000000102,5804.36,9170.91,0.5950000000000002,-0.000899281,2129.555999999977,0.9307553956834532
2096.73,724.7999999998137,3.994,3.437,4700.344000000041,5660.34,9024.5,0.5570000000000004,-0.000899281,2099.6579999999767,0.9289568345323742
2149.03,775.1999999999534,4.011,3.402,4916.25,5876.25,9196.56,0.609,-0.000899281,2152.545999999977,0.9253597122302158
2152.42,782.3999999999069,4.008,3.403,4889.913000000175,5840.31,8965.95,0.605,-0.000899281,2156.376,0.9298561151079138
2150.62,677.0,3.958,3.439,4796.327999999747,5768.33,9289.16,0.5190000000000001,-0.000899281,2154.3299999999767,0.9253597122302158
2155.42,816.0,4.012,3.387,4922.218999999808,5876.22,8971.0,0.6249999999999996,-0.000899281,2158.38,0.9253597122302158
2159.2,801.6000000000931,4.005,3.394,4916.36,5876.36,8929.38,0.6109999999999998,-0.000899281,2161.644,0.9253597122302158
2136.0,773.0,4.001,3.402,4868.453,5804.45,9044.45,0.5990000000000002,-0.000899281,2145.6,0.9487410071942446
2124.0,757.6000000000931,4.009,3.411,4850.360000000102,5804.36,9080.36,0.5980000000000003,-0.000899281,2126.399999999977,0.9253597122302158
2149.0,756.0,3.986,3.411,4861.142999999691,5804.34,9205.31,0.5750000000000002,-0.000899281,2152.7559999999767,0.9253597122302158
2139.42,778.8000000000466,4.005,3.407,4868.311999999685,5840.31,9123.33,0.5979999999999999,-0.000899281,2143.605999999977,0.9253597122302158
2126.81,656.3999999999069,3.964,3.444,4745.944000000134,5696.34,9125.47,0.52,-0.000899281,2131.148,0.9253597122302158
2125.59,656.3999999999069,3.964,3.445,4738.758999999845,5696.36,9129.25,0.5190000000000001,-0.000899281,2129.284,0.9244604316546764
2147.17,757.1999999999534,3.986,3.413,4853.940400000196,5804.33,9207.26,0.5730000000000004,-0.000899281,2150.977999999977,0.9244604316546764
2122.75,765.6000000000931,4.0,3.407,4832.313000000315,5768.31,9144.8,0.593,-0.000899281,2127.381999999977,0.9298561151079136
2147.08,771.1999999999534,4.01,3.403,4910.328000000212,5876.33,9168.61,0.6069999999999998,-0.000899281,2150.827999999977,0.9244604316546764
2137.73,783.0,4.009,3.399,4904.360000000102,5876.36,9225.64,0.6100000000000003,-0.000899281,2142.035999999988,0.9199640287769786
2136.0,788.8000000000466,4.009,3.4,4897.127999999793,5840.33,9044.33,0.6090000000000004,-0.000899281,2145.5999999999767,0.9217625899280576
2149.06,675.6000000000931,3.958,3.44,4789.129,5768.33,9326.47,0.5180000000000002,-0.000899281,2152.703999999977,0.9244604316546764
2157.38,804.0,4.005,3.394,4911.512000000104,5876.31,8931.27,0.6109999999999998,-0.000899281,2160.116,0.9244604316546764
2137.53,774.0,4.006,3.408,4861.175000000047,5804.38,9117.56,0.5980000000000003,-0.000899281,2141.633999999977,0.9244604316546764
2124.0,753.6000000000931,4.009,3.411,4844.313000000082,5804.31,9116.31,0.5980000000000003,-0.000899281,2124.0,0.9244604316546764
2136.0,771.0,4.002,3.403,4868.3910000000615,5804.39,9044.39,0.5989999999999998,-0.000899281,2143.2,0.9478417266187048
2095.05,724.7999999998137,3.994,3.437,4694.218999999575,5624.22,9033.98,0.5570000000000004,-0.000899281,2098.1439999999766,0.9280575539568344
2151.42,782.3999999999069,4.008,3.405,4882.728000000119,5840.33,8962.08,0.6030000000000002,-0.000899281,2154.626,0.9289568345323742
2153.51,815.1999999999534,4.012,3.389,4916.344000000041,5876.34,8972.34,0.6229999999999998,-0.000899281,2156.832,0.9244604316546764
2120.11,768.0,4.0,3.408,4826.360000000102,5768.36,9114.59,0.5920000000000001,-0.000899281,2125.0279999999766,0.928956835
2144.22,765.6000000000931,4.01,3.404,4904.311999999918,5876.31,9167.51,0.6059999999999999,-0.000899281,2148.7939999999767,0.9235611510791368
2149.92,778.3999999999069,4.008,3.403,4880.342999999877,5840.34,8958.81,0.605,-0.000899281,2152.878,0.9280575539568344
2146.34,672.0,3.958,3.441,4789.158999999985,5768.36,9289.84,0.5170000000000003,-0.000899281,2150.665999999977,0.9235611510791368
2093.08,723.2000000001863,3.994,3.436,4688.328000000212,5624.33,9007.33,0.5580000000000003,-0.000899281,2096.535999999977,0.9271582733812952
2135.33,775.1876,4.006,3.408,4853.912000000244,5804.31,9110.2,0.5980000000000003,-0.000899281,2139.5019999999768,0.9235611510791368
2155.81,800.0,4.005,3.394,4904.344000000041,5840.34,8915.81,0.6109999999999998,-0.000899281,2158.538,0.9235611510791368
2124.0,756.0,4.009,3.412,4838.344000000041,5768.34,9080.34,0.5970000000000004,-0.000899281,2124.0,0.9235611510791368
2145.05,753.0,3.986,3.429,4850.375,5804.38,9227.09,0.5570000000000004,-0.000899281,2149.0439999999767,0.9235611510791368
2123.23,652.8000000000466,3.964,3.445,4731.543999999994,5696.34,9096.53,0.5190000000000001,-0.000899281,2127.336,0.9235611510791368
2136.0,769.6000000000931,4.002,3.402,4861.144000000088,5804.34,9044.34,0.5999999999999996,-0.000899281,2140.8,0.9469424460431656
2134.31,776.0,4.008,3.4,4897.158999999985,5876.36,9216.38,0.6080000000000001,-0.000899281,2139.6299999999883,0.9190647482014388
2136.0,786.0,4.009,3.401,4889.959000000032,5840.36,9044.36,0.6080000000000005,-0.000899281,2143.1999999999766,0.920863309352518
2152.3,811.1999999999534,4.012,3.388,4910.327999999747,5876.33,8975.05,0.6239999999999997,-0.000899281,2155.338,0.9235611510791368
2091.3,721.2000000001863,3.994,3.437,4681.174999999814,5624.38,9031.09,0.5570000000000004,-0.000899281,2094.949999999977,0.9262589928057554
2133.59,753.625,4.023,3.749,4809.0,5775.03,9093.0,0.2739999999999996,-0.000899281,2125.917999999977,0.9226618705035972
2129.91,763.219,4.015,3.661,4802.25,5761.0,9132.34,0.3539999999999996,-0.000899281,2125.0319999999765,0.9280575539568346
2148.48,778.3999999999069,4.008,3.404,4875.512999999803,5840.31,8930.36,0.6040000000000001,-0.000899281,2151.386,0.9271582733812952
2159.09,808.8130000003148,4.022,3.625,4872.344000000041,5838.03,9037.94,0.3970000000000002,-0.000899281,2155.418,0.9226618705035972
2163.5,794.406,4.015,3.716,4865.375,5838.38,9034.09,0.2989999999999995,-0.000899281,2159.238,0.9226618705035972
2153.16,765.625,4.024,3.643,4872.313000000315,5852.0,9243.72,0.3810000000000002,-0.000899281,2148.865999999977,0.9226618705035972
2128.75,648.0,3.976,3.666,4697.312000000151,5670.0,9171.19,0.31,-0.000899281,2126.826,0.9226618705035972
2150.41,763.2189999998081,4.013,3.731,4816.0,5789.0,9128.0,0.282,-0.000899281,2141.282,0.946043165
2142.28,775.1869999996852,4.022,3.742,4847.5,5831.0,9302.44,0.2800000000000002,-0.000899281,2139.1399999999885,0.9181654676258992
2150.41,782.406,4.021,3.732,4844.0,5810.03,9093.03,0.2889999999999997,-0.000899281,2143.6819999999766,0.9199640287769786
2157.06,753.5939999998081,4.0,3.64,4823.312000000151,5796.0,9222.31,0.3599999999999999,-0.000899281,2149.817999999977,0.9226618705035972
2142.34,768.0,4.018,3.654,4816.344000000041,5789.0,9132.44,0.3639999999999999,-0.000899281,2139.247999999977,0.9226618705035972
2158.62,669.5930000001099,3.973,3.647,4760.375,5747.0,9343.38,0.326,-0.000899281,2151.5399999999768,0.9226618705035972
2151.28,764.0,4.009,3.722,4880.344000000274,5876.34,9210.88,0.2870000000000003,-0.000899281,2148.953999999977,0.9217625899280576
2148.0,782.3999999999069,4.007,3.724,4853.944000000134,5804.34,9116.34,0.2829999999999995,-0.000899281,2143.6819999999766,0.9190647482014388
2102.03,722.375,4.007,3.665,4648.311999999918,5614.03,9062.94,0.3419999999999996,-0.000899281,2095.6379999999763,0.9253597122302158
2126.53,648.0,3.961,3.758,4688.343999999808,5660.34,9172.62,0.2029999999999998,-0.000899281,2126.182,0.9217625899280576
2148.0,760.8000000000466,3.999,3.722,4820.313000000082,5768.31,9116.31,0.2770000000000001,-0.000899281,2141.282,0.9451438848920862
2161.12,792.0,4.0,3.709,4868.344000000041,5840.34,9008.34,0.2909999999999999,-0.000899281,2159.402,0.9217625899280576
2147.39,776.3999999999069,4.008,3.404,4868.327999999747,5840.33,8962.02,0.6040000000000001,-0.000899281,2149.926,0.9262589928057554
2127.72,764.0,3.999,3.742,4808.312999999849,5768.31,9169.44,0.2570000000000001,-0.000899281,2125.0819999999767,0.9271582733812952
2155.81,806.0,4.008,3.71,4868.344000000274,5840.34,9039.94,0.298,-0.000899281,2155.226,0.9217625899280576
2155.28,676.0,3.957,3.734,4781.944000000134,5768.34,9316.44,0.2229999999999998,-0.000899281,2151.9839999999767,0.9217625899280576
2140.62,770.3999999999069,4.003,3.738,4817.943000000203,5768.34,9167.97,0.2650000000000001,-0.000899281,2139.0479999999766,0.9217625899280576
2136.0,776.3999999999069,4.007,3.732,4868.405999999959,5840.41,9243.84,0.2749999999999994,-0.000899281,2137.9239999999886,0.9172661870503598
2124.0,752.3999999999069,4.007,3.74,4817.943999999901,5768.34,9152.34,0.2669999999999994,-0.000899281,2125.917999999977,0.9217625899280576
2153.28,753.0,3.985,3.722,4839.543999999994,5804.34,9238.03,0.2629999999999999,-0.000899281,2150.3119999999767,0.9217625899280576
2124.62,764.0,4.0,3.407,4839.543000000063,5768.34,9171.72,0.593,-0.000899281,2125.0219999999763,0.9262589928057554
2150.56,753.0,3.985,3.413,4868.343,5804.34,9229.47,0.5720000000000001,-0.000899281,2150.6239999999766,0.920863309352518
2145.83,777.0,4.008,3.405,4868.265999999829,5840.27,8942.92,0.6030000000000002,-0.000899281,2148.608,0.9253597122302158
2099.31,720.0,3.991,3.753,4652.342999999877,5624.34,9063.16,0.238,-0.000899281,2096.153999999977,0.9244604316546764
2139.44,773.0,4.005,3.41,4861.143999999855,5804.34,9115.56,0.5949999999999998,-0.000899281,2139.051999999977,0.920863309352518
2152.25,671.9689999998081,3.957,3.442,4803.543999999762,5768.34,9325.47,0.5149999999999997,-0.000899281,2152.3099999999768,0.920863309352518
2124.0,752.0,4.008,3.413,4846.743999999948,5804.34,9116.34,0.5950000000000002,-0.000899281,2125.917999999977,0.920863309352518
2139.31,776.0,4.007,3.402,4904.375,5876.38,9257.56,0.6049999999999995,-0.000899281,2137.925999999988,0.916366906
2148.0,768.0,4.001,3.406,4862.311999999918,5804.31,9116.31,0.5950000000000002,-0.000899281,2143.682,0.9442446043165468
2126.25,651.1999999999534,3.963,3.448,4731.543999999994,5696.34,9169.56,0.5150000000000001,-0.000899281,2126.07,0.920863309352518
2150.06,765.6000000000931,4.01,3.406,4916.342999999644,5876.34,9206.25,0.6039999999999996,-0.000899281,2149.1599999999767,0.920863309352518
2148.0,787.1999999999534,4.009,3.404,4892.343,5840.34,9080.34,0.6050000000000004,-0.000899281,2143.6819999999766,0.9181654676258992
2162.47,798.0,4.004,3.398,4911.511999999872,5876.31,8976.47,0.6059999999999994,-0.000899281,2160.056,0.920863309352518
2157.31,813.0,4.011,3.391,4911.574999999953,5876.38,9006.69,0.6200000000000001,-0.000899281,2155.6040000000003,0.920863309352518
2135.72,774.3999999999069,4.007,3.402,4897.144000000088,5876.34,9237.19,0.6049999999999995,-0.000899281,2137.523999999988,0.9154676258992808
2097.56,721.2000000001863,3.993,3.44,4695.513000000268,5660.31,9061.41,0.5529999999999999,-0.000899281,2096.6559999999768,0.9235611510791368
2124.0,752.3999999999069,4.008,3.413,4838.312999999849,5768.31,9044.31,0.5950000000000002,-0.000899281,2125.917999999977,0.9199640287769786
2123.41,651.1999999999534,3.963,3.447,4731.543999999762,5696.34,9161.28,0.516,-0.000899281,2125.634,0.9199640287769786
2136.0,768.0,4.001,3.404,4862.311999999918,5804.31,9080.31,0.5970000000000004,-0.000899281,2143.682,0.9433453237410072
2135.94,771.6000000000931,4.004,3.41,4856.343,5804.34,9097.47,0.5939999999999994,-0.000899281,2138.7339999999767,0.9199640287769786
2136.0,783.1999999999534,4.009,3.401,4892.344000000041,5840.34,9044.34,0.6080000000000005,-0.000899281,2143.6819999999766,0.9172661870503596
2147.06,768.0,4.009,3.406,4911.542999999598,5876.34,9196.72,0.6030000000000002,-0.000899281,2149.1559999999763,0.9199640287769786
2149.41,670.3999999999069,3.957,3.443,4796.312000000151,5768.31,9344.12,0.5139999999999998,-0.000899281,2152.379999999977,0.9199640287769786
2120.41,764.3999999999069,3.999,3.408,4832.219000000041,5768.22,9127.75,0.5910000000000002,-0.000899281,2124.5539999999764,0.9253597122302158
2155.19,813.0,4.012,3.389,4916.3223333330825,5876.31,9007.97,0.6229999999999998,-0.000899281,2155.94,0.9199640287769786
2148.41,753.6000000000931,3.985,3.414,4861.112999999896,5804.31,9275.06,0.5709999999999997,-0.000899281,2150.8719999999767,0.9199640287769786
2144.58,775.0,4.008,3.404,4862.311999999918,5804.31,8963.16,0.6040000000000001,-0.000899281,2147.24,0.9244604316546764
2160.34,800.0,4.005,3.394,4916.280999999959,5876.28,8983.19,0.6109999999999998,-0.000899281,2160.648,0.9199640287769786
2120.5,649.1999999999534,3.963,3.448,4724.375,5696.38,9121.53,0.5150000000000001,-0.000899281,2125.088,0.9190647482014388
2094.12,721.6000000000931,3.993,3.439,4694.344000000041,5624.34,9048.59,0.5539999999999998,-0.000899281,2096.863999999977,0.9226618705035972
2144.41,766.3999999999069,4.009,3.408,4904.375,5876.38,9169.91,0.6010000000000004,-0.000899281,2149.1939999999768,0.9190647482014388
2146.97,670.3999999999069,3.957,3.443,4781.912000000011,5768.31,9302.94,0.5139999999999998,-0.000899281,2152.5059999999767,0.9190647482014388
2152.44,813.0,4.012,3.39,4910.311999999685,5876.31,8983.75,0.6219999999999994,-0.000899281,2155.968,0.9190647482014388
2142.5,772.7999999998137,4.008,3.405,4856.327999999747,5804.33,8947.59,0.6030000000000002,-0.000899281,2145.756,0.9235611510791368
2145.44,747.6000000000931,3.985,3.415,4850.375,5804.38,9219.19,0.5699999999999998,-0.000899281,2150.9499999999766,0.9190647482014388
2117.62,758.3999999999069,4.0,3.409,4817.943999999901,5768.34,9135.59,0.5910000000000002,-0.000899281,2124.055999999977,0.9244604316546764
2136.0,783.0,4.009,3.403,4886.343999999808,5840.34,9044.34,0.6060000000000003,-0.000899281,2143.6819999999766,0.916366906
2157.41,800.3999999999069,4.005,3.395,4910.344000000041,5876.34,8944.81,0.6099999999999999,-0.000899281,2160.968,0.9190647482014388
2136.0,764.0,4.001,3.405,4856.313000000082,5804.31,9044.31,0.5960000000000005,-0.000899281,2143.682,0.9424460431654677
2112.0,750.3999999999069,4.008,3.414,4826.311999999918,5768.31,9116.31,0.5939999999999999,-0.000899281,2123.517999999977,0.9190647482014388
2133.06,768.0,4.005,3.411,4846.774999999907,5804.38,9097.84,0.5939999999999999,-0.000899281,2138.279999999977,0.9190647482014388
2132.59,771.0,4.006,3.403,4886.313000000315,5840.31,9234.84,0.6030000000000002,-0.000899281,2137.1799999999885,0.914568345
2091.34,721.6000000000931,3.993,3.439,4680.988,5624.19,9019.94,0.5539999999999998,-0.000899281,2096.8719999999767,0.9217625899280576
2112.0,747.0,4.008,3.415,4820.344000000041,5768.34,9044.34,0.593,-0.000899281,2119.1999999999766,0.9181654676258992
2114.84,759.0,4.0,3.41,4808.311999999918,5768.31,9094.5,0.5899999999999999,-0.000899281,2121.0419999999767,0.9235611510791368
2150.47,809.0,4.012,3.39,4904.313000000315,5840.31,8985.16,0.6219999999999994,-0.000899281,2154.244,0.9181654676258992
2147.06,763.2180000003427,4.018,3.653,4816.311999999918,5788.97,9007.12,0.3649999999999997,-0.000899281,2145.472,0.9226618705035972
2142.97,750.0,3.985,3.416,4844.343,5804.34,9192.22,0.569,-0.000899281,2148.131999999977,0.9181654676258992
2145.28,668.3999999999069,3.957,3.444,4778.344000000041,5768.34,9324.0,0.5129999999999999,-0.000899281,2149.837999999977,0.9181654676258992
2155.91,798.0,4.005,3.395,4904.344000000041,5840.34,8976.78,0.6099999999999999,-0.000899281,2159.45,0.9181654676258992
2136.0,781.0,4.009,3.403,4875.574999999953,5804.38,9008.38,0.6060000000000003,-0.000899281,2140.7999999999765,0.9154676258992808
2142.0,764.3999999999069,4.009,3.408,4898.344000000041,5876.34,9137.53,0.6010000000000004,-0.000899281,2146.961999999977,0.9181654676258992
2136.0,762.0155000002123,4.002,3.405,4850.344000000041,5804.34,9044.34,0.597,-0.000899281,2140.8,0.941546762589928
2118.56,648.0,3.963,3.448,4717.175000000047,5660.38,9100.47,0.5150000000000001,-0.000899281,2123.05,0.9181654676258992
2130.72,768.0,4.005,3.412,4838.375,5804.38,9065.28,0.593,-0.000899281,2135.9559999999765,0.9181654676258992
2130.44,771.0,4.007,3.403,4880.405999999959,5840.41,9209.53,0.6039999999999996,-0.000899281,2134.811999999988,0.9136690647482014
2141.31,748.0,3.985,3.417,4838.218999999808,5804.22,9191.5,0.5680000000000001,-0.000899281,2145.7379999999766,0.9172661870503596
2145.16,766.0,4.003,3.731,4808.344000000041,5768.34,9026.06,0.2720000000000002,-0.000899281,2145.0260000000003,0.9217625899280576
2112.72,760.8000000000466,3.999,3.411,4802.375,5732.38,9088.16,0.5880000000000001,-0.000899281,2118.0419999999767,0.9226618705035972
2148.97,809.6000000000931,4.012,3.39,4897.175000000047,5840.38,8978.56,0.6219999999999994,-0.000899281,2152.876,0.9172661870503596
2112.0,747.0,4.009,3.415,4814.3285000000615,5768.31,9044.31,0.5940000000000003,-0.000899281,2116.7999999999765,0.9172661870503596
2136.0,762.0,4.001,3.406,4844.343,5804.34,9044.34,0.5950000000000002,-0.000899281,2138.4,0.9406474820143884
2128.78,768.0,4.005,3.412,4832.375,5804.38,9051.75,0.593,-0.000899281,2133.587999999977,0.9172661870503596
2089.25,717.6000000000931,3.992,3.439,4673.912000000477,5624.31,9048.47,0.5529999999999999,-0.000899281,2094.315999999977,0.920863309352518
2116.88,649.6000000000931,3.963,3.448,4709.913000000175,5660.31,9099.97,0.5150000000000001,-0.000899281,2121.12,0.9172661870503596
2136.0,781.0,4.009,3.403,4868.282,5804.28,9044.28,0.6060000000000003,-0.000899281,2138.399999999977,0.914568345
2143.12,670.8000000000466,3.956,3.445,4774.711999999825,5732.31,9317.34,0.5110000000000001,-0.000899281,2147.4059999999763,0.9172661870503596
2128.31,768.8000000000466,4.007,3.405,4874.375,5840.38,9226.62,0.6019999999999999,-0.000899281,2133.273999999988,0.912769784172662
2153.66,794.3999999999069,4.004,3.397,4897.144000000088,5840.34,8960.0,0.6069999999999998,-0.000899281,2157.958,0.9172661870503596
2140.59,764.3999999999069,4.01,3.408,4892.344000000041,5840.34,9173.0,0.6019999999999999,-0.000899281,2144.8239999999764,0.9172661870503596
2141.03,664.8000000000466,3.956,3.444,4767.449999999953,5732.25,9272.69,0.512,-0.000899281,2145.1619999999766,0.916366906
2126.53,764.0,4.005,3.412,4826.219000000041,5768.22,9063.59,0.593,-0.000899281,2131.0059999999767,0.916366906
2114.81,645.6000000000931,3.963,3.449,4702.681000000099,5660.28,9104.19,0.5140000000000002,-0.000899281,2118.832,0.916366906
2147.28,774.0,4.006,3.41,4853.944000000134,5804.34,8977.31,0.5960000000000001,-0.000899281,2145.316,0.920863309352518
2138.5,759.0,4.009,3.409,4886.313000000315,5840.31,9155.69,0.6000000000000005,-0.000899281,2142.5119999999765,0.916366906
2139.59,744.0,3.985,3.416,4832.311999999918,5804.31,9193.69,0.569,-0.000899281,2143.543999999977,0.916366906
2151.72,794.3999999999069,4.005,3.396,4889.975000000093,5840.38,8951.41,0.609,-0.000899281,2155.808,0.916366906
2136.0,777.6000000000931,4.009,3.404,4862.311999999918,5804.31,9008.31,0.6050000000000004,-0.000899281,2136.0,0.9136690647482014
2125.91,768.0,4.007,3.406,4868.311999999685,5840.31,9177.66,0.6009999999999995,-0.000899281,2130.593999999988,0.9118705035971224
2146.84,807.6000000000931,4.011,3.39,4889.944000000134,5840.34,8974.09,0.621,-0.000899281,2150.782,0.916366906
2110.78,756.8000000000466,3.999,3.411,4796.375,5732.38,9108.78,0.5880000000000001,-0.000899281,2115.2739999999767,0.9217625899280576
2087.38,720.0,3.993,3.439,4666.743999999948,5624.34,9011.0,0.5539999999999998,-0.000899281,2091.9299999999766,0.9199640287769786
2112.0,748.8000000000466,4.009,3.415,4808.219000000041,5732.22,9044.22,0.5940000000000003,-0.000899281,2114.399999999977,0.916366906
2136.0,762.3999999999069,4.001,3.406,4839.388000000035,5804.19,9044.19,0.5950000000000002,-0.000899281,2136.0,0.9397482014388492
2144.81,810.0,4.012,3.391,4882.713000000222,5840.31,8951.81,0.6209999999999996,-0.000899281,2148.706,0.9154676258992808
2145.28,772.7999999998137,4.007,3.406,4861.143999999855,5804.34,8974.09,0.6009999999999995,-0.000899281,2145.456,0.9199640287769786
2085.09,715.9896666668355,3.992,3.44,4659.575000000186,5588.38,9022.53,0.552,-0.000899281,2089.435999999977,0.9190647482014388
2124.31,764.3999999999069,4.004,3.414,4817.944000000134,5768.34,9051.59,0.5899999999999994,-0.000899281,2128.6799999999766,0.9154676258992808
2112.0,744.8000000000466,4.009,3.417,4802.344000000041,5732.34,9044.34,0.5920000000000005,-0.000899281,2112.0,0.9154676258992808
2136.0,758.3999999999069,4.001,3.406,4832.343,5768.34,9044.34,0.5950000000000002,-0.000899281,2136.0,0.9388489208633092
2124.0,780.0,4.009,3.405,4856.313000000082,5804.31,9008.31,0.6040000000000005,-0.000899281,2133.5999999999767,0.912769784172662
2123.91,763.1999999999534,4.006,3.405,4861.144000000088,5840.34,9207.09,0.6010000000000004,-0.000899281,2128.231999999988,0.9109712230215828
2137.12,746.3999999999069,3.985,3.417,4825.1130000001285,5768.31,9180.47,0.5680000000000001,-0.000899281,2141.285999999977,0.9154676258992808
2136.47,760.8000000000466,4.009,3.409,4880.344000000041,5840.34,9161.78,0.6000000000000005,-0.000899281,2140.393999999977,0.9154676258992808
2112.84,645.6000000000931,3.963,3.449,4695.543999999994,5660.34,9112.34,0.5140000000000002,-0.000899281,2116.718,0.9154676258992808
2108.41,756.0,3.999,3.411,4784.25,5732.25,9085.91,0.5880000000000001,-0.000899281,2112.873999999977,0.920863309352518
2149.53,795.0,4.005,3.397,4882.774999999907,5840.38,8905.0,0.6080000000000001,-0.000899281,2153.646,0.9154676258992808
2139.72,667.1999999999534,3.955,3.445,4760.344000000041,5732.34,9260.34,0.5100000000000002,-0.000899281,2143.2239999999765,0.9154676258992808
2134.0,757.1999999999534,4.009,3.41,4874.344000000041,5840.34,9131.06,0.5990000000000002,-0.000899281,2138.311999999977,0.914568345
2135.38,741.0,3.984,3.418,4817.944000000134,5768.34,9205.56,0.5659999999999998,-0.000899281,2139.2739999999767,0.914568345
2121.66,765.6000000000931,4.006,3.406,4850.3595000000205,5804.38,9173.06,0.6000000000000001,-0.000899281,2126.0459999999885,0.9100719424460432
2147.91,796.8000000000466,4.004,3.397,4880.219000000041,5840.22,8929.31,0.6069999999999998,-0.000899281,2151.746,0.914568345
2138.0,667.1999999999534,3.955,3.445,4753.112000000197,5732.31,9282.91,0.5100000000000002,-0.000899281,2141.4299999999766,0.914568345
2124.0,776.0,4.009,3.405,4850.311999999918,5804.31,9008.31,0.6040000000000005,-0.000899281,2131.1999999999766,0.9118705035971224
2106.41,755.1999999999534,3.999,3.413,4778.344000000041,5732.34,9088.69,0.5860000000000003,-0.000899281,2110.631999999977,0.9199640287769786
2142.75,808.0,4.011,3.392,4880.311999999685,5840.31,8925.31,0.6190000000000002,-0.000899281,2146.768,0.914568345
2124.0,760.8000000000466,4.0,3.407,4825.112999999896,5768.31,9008.31,0.593,-0.000899281,2133.6,0.9379496402877696
2083.19,714.0,3.993,3.44,4652.375,5588.38,9025.75,0.5529999999999999,-0.000899281,2087.2499999999773,0.9181654676258992
2122.19,763.0,4.004,3.414,4810.743000000017,5768.34,9026.94,0.5899999999999994,-0.000899281,2126.5059999999767,0.914568345
2112.0,744.0,4.008,3.416,4790.312000000151,5732.31,9044.31,0.5920000000000001,-0.000899281,2112.0,0.914568345
2110.44,648.0,3.962,3.45,4688.375,5660.38,9063.0,0.512,-0.000899281,2114.706,0.914568345
2143.12,774.0,4.008,3.407,4853.943000000436,5804.34,8977.41,0.601,-0.000899281,2145.5800000000004,0.9190647482014388
2140.53,770.0,4.008,3.407,4846.743999999482,5804.34,8960.47,0.601,-0.000899281,2144.274,0.9181654676258992
2103.75,753.0,3.999,3.412,4772.343,5732.34,9078.66,0.5870000000000002,-0.000899281,2108.413999999977,0.9190647482014388
2108.59,644.0,3.962,3.45,4682.311999999918,5660.31,9079.28,0.512,-0.000899281,2112.7120000000004,0.9136690647482014
2100.0,745.1999999999534,4.008,3.417,4784.344000000041,5732.34,9044.34,0.5910000000000002,-0.000899281,2109.5999999999767,0.9136690647482014
2119.88,760.8000000000466,4.004,3.414,4803.543999999762,5768.34,9023.25,0.5899999999999994,-0.000899281,2124.337999999977,0.9136690647482014
2080.44,714.3999999999069,3.992,3.44,4646.25,5588.25,9002.66,0.552,-0.000899281,2085.0699999999765,0.9172661870503596
2120.38,768.0,4.006,3.407,4844.344000000041,5804.34,9201.41,0.5990000000000002,-0.000899281,2124.0339999999883,0.9091726618705036
2146.09,792.0,4.004,3.398,4868.219000000041,5840.22,8935.59,0.6059999999999994,-0.000899281,2149.782,0.9136690647482014
2124.0,756.8000000000466,4.0,3.407,4820.343999999808,5768.34,9008.34,0.593,-0.000899281,2131.2,0.9370503597122304
2133.31,740.8000000000466,3.984,3.419,4814.344000000041,5768.34,9164.5,0.565,-0.000899281,2137.341999999977,0.9136690647482014
2141.28,806.3999999999069,4.011,3.392,4874.313000000315,5840.31,8956.31,0.6190000000000002,-0.000899281,2144.93,0.9136690647482014
2131.88,757.0,4.008,3.412,4862.280999999726,5840.28,9130.16,0.5960000000000001,-0.000899281,2136.287999999977,0.9136690647482014
2136.19,665.0,3.955,3.445,4753.050000000047,5732.25,9283.78,0.5100000000000002,-0.000899281,2139.6119999999764,0.9136690647482014
2124.0,776.3999999999069,4.008,3.406,4844.375,5804.38,9008.38,0.6019999999999999,-0.000899281,2128.7999999999765,0.9109712230215828
2106.31,642.0,3.962,3.451,4676.333666666644,5624.31,9089.97,0.5110000000000001,-0.000899281,2110.598,0.912769784172662
2138.88,770.0,4.008,3.407,4839.513000000268,5804.31,8950.19,0.601,-0.000899281,2143.018,0.9172661870503596
2135.0,665.6000000000931,3.955,3.445,4745.931599999778,5732.31,9285.91,0.5100000000000002,-0.000899281,2137.9879999999766,0.912769784172662
2118.44,762.0,4.005,3.408,4838.344000000041,5804.34,9217.75,0.597,-0.000899281,2122.059999999988,0.9082733812949642
2144.19,791.1999999999534,4.004,3.398,4868.342999999877,5804.34,8898.25,0.6059999999999994,-0.000899281,2147.888,0.912769784172662
2129.62,753.6000000000931,4.008,3.413,4856.344000000041,5840.34,9124.16,0.5950000000000002,-0.000899281,2134.093999999977,0.912769784172662
2139.09,803.0,4.011,3.394,4868.342999999644,5804.34,8940.06,0.617,-0.000899281,2142.954,0.912769784172662
2131.44,738.0,3.984,3.419,4808.311999999918,5768.31,9139.5,0.565,-0.000899281,2135.3679999999767,0.912769784172662
2124.0,756.0,4.0,3.409,4814.297000000253,5768.31,9008.31,0.5910000000000002,-0.000899281,2128.8,0.9361510791366904
2124.0,775.0,4.009,3.406,4838.311999999918,5768.31,8972.31,0.6030000000000002,-0.000899281,2126.399999999977,0.9100719424460432
2101.62,753.6000000000931,3.999,3.414,4760.343,5696.34,9078.16,0.585,-0.000899281,2106.1939999999768,0.9181654676258992
2100.0,739.1999999999534,4.008,3.417,4778.375,5732.38,9044.38,0.5910000000000002,-0.000899281,2107.1999999999766,0.912769784172662
2117.31,758.0,4.003,3.415,4796.343,5768.34,8997.78,0.5880000000000001,-0.000899281,2122.043999999977,0.912769784172662
2078.25,712.7999999998137,3.992,3.441,4637.975000000093,5588.38,9008.12,0.5510000000000002,-0.000899281,2082.869999999976,0.916366906
2075.66,708.7999999998137,3.992,3.442,4630.743999999482,5588.34,9014.06,0.5499999999999998,-0.000899281,2080.525999999977,0.9154676258992808
2099.56,749.6000000000931,3.999,3.413,4754.313000000082,5696.31,9062.0,0.5860000000000003,-0.000899281,2103.9499999999766,0.9172661870503598
2137.5,803.0,4.01,3.393,4861.175000000047,5804.38,8942.91,0.617,-0.000899281,2141.086,0.9118705035971224
2137.31,768.0,4.007,3.407,4838.375,5804.38,8971.72,0.5999999999999996,-0.000899281,2141.0240000000003,0.916366906
2133.94,669.0,3.955,3.446,4742.375,5696.38,9272.94,0.5089999999999999,-0.000899281,2136.569999999977,0.9118705035971224
2104.34,642.3999999999069,3.962,3.452,4673.912000000011,5624.31,9058.28,0.5100000000000002,-0.000899281,2108.504,0.9118705035971224
2115.94,757.1999999999534,4.003,3.416,4790.311999999918,5768.31,9032.16,0.5870000000000002,-0.000899281,2119.9259999999767,0.9118705035971224
2142.44,789.0,4.003,3.398,4861.1130000001285,5804.31,8911.03,0.605,-0.000899281,2146.032,0.9118705035971224
2100.0,741.0,4.008,3.418,4772.343999999808,5696.34,9044.34,0.5899999999999999,-0.000899281,2104.7999999999765,0.9118705035971224
2124.0,755.1999999999534,4.001,3.409,4808.343,5768.34,9008.34,0.5920000000000005,-0.000899281,2126.4,0.9352517985611511
2130.25,738.0,3.984,3.42,4803.511999999872,5768.31,9176.06,0.5640000000000001,-0.000899281,2133.499999999977,0.9118705035971224
2128.09,753.6000000000931,4.008,3.413,4850.311999999685,5804.34,9120.41,0.5950000000000002,-0.000899281,2132.011999999977,0.9118705035971224
2116.59,764.3999999999069,4.004,3.408,4832.344000000041,5804.34,9152.34,0.5959999999999996,-0.000899281,2120.195999999988,0.9073741007194244
2124.0,771.0,4.008,3.407,4826.375,5768.38,9008.38,0.601,-0.000899281,2124.0,0.9091726618705036
2136.28,801.0,4.011,3.394,4856.469000000041,5804.47,8917.78,0.617,-0.000899281,2139.38,0.9109712230215828
2132.22,665.6000000000931,3.955,3.447,4738.618999999948,5696.22,9248.75,0.508,-0.000899281,2135.069999999977,0.9109712230215828
2100.0,741.6000000000931,4.008,3.419,4766.343,5696.34,9044.34,0.589,-0.000899281,2102.399999999977,0.9109712230215828
2126.28,752.0,4.008,3.414,4844.375,5804.38,9106.12,0.5939999999999999,-0.000899281,2129.9739999999765,0.9109712230215828
2128.62,739.1999999999534,3.984,3.42,4796.343999999808,5732.34,9152.97,0.5640000000000001,-0.000899281,2131.7999999999765,0.9109712230215828
2124.0,771.0,4.008,3.408,4820.344000000041,5768.34,8972.34,0.6000000000000001,-0.000899281,2124.0,0.9082733812949642
2114.41,757.1999999999534,4.003,3.416,4784.375,5732.38,9037.66,0.5870000000000002,-0.000899281,2117.9459999999767,0.9109712230215828
2098.28,752.0,3.999,3.415,4748.344000000041,5696.34,9078.44,0.5840000000000001,-0.000899281,2101.9239999999763,0.916366906
2135.19,769.2000000001863,4.007,3.408,4832.375,5804.38,8927.5,0.5989999999999998,-0.000899281,2139.0060000000003,0.9154676258992808
2102.78,642.3999999999069,3.962,3.453,4666.712999999756,5624.31,9059.75,0.5090000000000003,-0.000899281,2106.492,0.9109712230215828
2141.81,789.0,4.004,3.399,4856.405999999959,5804.41,8914.44,0.6049999999999995,-0.000899281,2144.4880000000003,0.9109712230215828
2124.0,755.1999999999534,4.001,3.409,4802.219000000041,5768.22,9008.22,0.5920000000000005,-0.000899281,2124.0,0.9343525179856116
2073.28,708.0,3.992,3.443,4623.544000000227,5552.34,8996.97,0.5489999999999999,-0.000899281,2078.163999999977,0.914568345
2114.94,764.3999999999069,4.005,3.408,4832.188000000315,5804.19,9141.94,0.597,-0.000899281,2118.401999999988,0.9064748201438848
2140.53,789.6000000000931,4.003,3.399,4850.375,5804.38,8933.81,0.6040000000000001,-0.000899281,2143.012,0.9100719424460432
2071.91,708.0,3.992,3.442,4616.312000000384,5552.31,8971.59,0.5499999999999998,-0.000899281,2075.9079999999767,0.9136690647482014
2124.0,751.1999999999534,4.0,3.409,4796.343999999808,5768.34,9015.5,0.5910000000000002,-0.000899281,2124.0,0.9334532374100718
2096.0,750.0,3.999,3.414,4745.913000000175,5696.31,9059.12,0.585,-0.000899281,2099.8419999999765,0.9154676258992808
2112.72,759.0,4.003,3.417,4778.344000000041,5732.34,9015.44,0.5860000000000003,-0.000899281,2116.0519999999765,0.9100719424460432
2113.81,762.3999999999069,4.005,3.408,4826.364499999909,5804.31,9164.31,0.597,-0.000899281,2116.8319999999885,0.9055755395683454
2133.34,769.0,4.007,3.408,4825.143999999855,5768.34,8944.38,0.5989999999999998,-0.000899281,2137.05,0.914568345
2101.44,638.3999999999069,3.962,3.453,4659.449999999953,5624.25,9038.56,0.5090000000000003,-0.000899281,2104.692,0.9100719424460432
2124.53,750.0,4.007,3.413,4839.513000000268,5804.31,9099.88,0.5939999999999999,-0.000899281,2128.0799999999767,0.9100719424460432
2127.06,735.1999999999534,3.984,3.42,4796.343999999808,5732.34,9121.47,0.5640000000000001,-0.000899281,2130.135999999977,0.9100719424460432
2135.22,802.8000000000466,4.011,3.395,4853.975000000093,5804.38,8929.28,0.6160000000000001,-0.000899281,2137.8740000000003,0.9100719424460432
2103.12,741.6000000000931,4.008,3.419,4760.312999999849,5696.31,9044.31,0.589,-0.000899281,2100.6239999999766,0.9100719424460432
2124.0,772.8000000000466,4.009,3.408,4817.943000000203,5768.34,8972.34,0.6010000000000004,-0.000899281,2124.0,0.9073741007194244
2131.16,663.1999999999534,3.955,3.446,4731.574999999953,5696.38,9266.19,0.5089999999999999,-0.000899281,2133.7019999999766,0.9100719424460432
2094.28,748.0,3.999,3.414,4738.712999999756,5696.31,9081.31,0.585,-0.000899281,2097.9479999999767,0.914568345
2129.25,663.6000000000931,3.955,3.447,4730.375,5696.38,9269.97,0.508,-0.000899281,2132.3139999999767,0.9091726618705036
2126.0,735.0,3.983,3.422,4789.175000000047,5732.38,9171.5,0.5609999999999999,-0.000899281,2128.6739999999763,0.9091726618705036
2112.0,768.8000000000466,4.008,3.408,4810.774999999907,5768.38,8972.38,0.6000000000000001,-0.000899281,2121.5999999999767,0.9064748201438848
2112.31,763.0,4.005,3.409,4820.375,5768.38,9154.84,0.5960000000000001,-0.000899281,2115.2179999999885,0.9046762589928058
2133.88,800.8000000000466,4.011,3.394,4850.311999999685,5804.31,8953.0,0.617,-0.000899281,2136.394,0.9091726618705036
2138.28,788.0,4.003,3.4,4846.711999999825,5804.31,8891.66,0.6030000000000002,-0.000899281,2141.45,0.9091726618705036
2123.41,750.3999999999069,4.007,3.415,4838.375,5804.38,9117.97,0.5919999999999996,-0.000899281,2126.385999999977,0.9091726618705036
2100.0,737.6000000000931,4.008,3.419,4754.375,5696.38,9008.38,0.589,-0.000899281,2100.6239999999766,0.9091726618705036
2070.66,708.0,3.992,3.443,4610.311999999918,5552.31,8984.56,0.5489999999999999,-0.000899281,2073.9519999999766,0.912769784172662
2130.69,765.6000000000931,4.007,3.408,4817.944000000134,5768.34,8896.53,0.5989999999999998,-0.000899281,2135.082,0.9136690647482014
2124.0,753.0,4.0,3.411,4796.343999999808,5732.34,8972.34,0.589,-0.000899281,2124.0,0.9325539568345323
2110.84,753.0,4.003,3.417,4774.774999999907,5732.38,9006.72,0.5860000000000003,-0.000899281,2114.243999999977,0.9091726618705036
2099.97,640.0,3.962,3.453,4659.512999999803,5624.31,9064.19,0.5090000000000003,-0.000899281,2102.968,0.9091726618705036
2068.53,707.2000000001863,3.991,3.443,4609.017999999691,5552.22,8988.47,0.548,-0.000899281,2072.0079999999766,0.9118705035971224
2097.5,636.8000000000466,3.961,3.454,4652.25,5624.25,9035.22,0.5069999999999997,-0.000899281,2101.206,0.9082733812949642
2088.0,738.0,4.007,3.42,4748.375,5696.38,9008.38,0.5869999999999997,-0.000899281,2098.2239999999765,0.9082733812949642
2110.81,760.8000000000466,4.004,3.409,4814.342999999644,5768.34,9162.5,0.5949999999999998,-0.000899281,2113.6919999999886,0.9037769784172665
2108.5,756.0,4.003,3.418,4767.543000000063,5732.34,8984.06,0.585,-0.000899281,2112.481999999977,0.9082733812949642
2123.69,749.6000000000931,3.999,3.411,4791.331000000006,5734.53,8974.53,0.5880000000000001,-0.000899281,2123.938,0.9316546762589928
2091.94,746.3999999999069,3.998,3.415,4731.513000000035,5660.31,9059.28,0.5830000000000002,-0.000899281,2096.011999999977,0.9136690647482014
2121.16,747.0,4.007,3.415,4832.311999999685,5804.31,9097.0,0.5919999999999996,-0.000899281,2124.6939999999768,0.9082733812949642
2128.56,768.0,4.007,3.409,4810.743999999948,5768.34,8901.75,0.5979999999999999,-0.000899281,2133.018,0.912769784172662
2112.0,768.0,4.008,3.409,4808.218999999808,5732.22,8972.22,0.5990000000000002,-0.000899281,2119.1999999999766,0.9055755395683454
2127.09,661.6000000000931,3.955,3.447,4724.312999999849,5696.34,9258.0,0.508,-0.000899281,2130.731999999977,0.9082733812949642
2136.59,786.0,4.003,3.4,4839.574999999953,5804.38,8883.38,0.6030000000000002,-0.000899281,2139.9300000000003,0.9082733812949642
2131.72,798.0,4.01,3.395,4844.313000000315,5804.31,8909.22,0.6149999999999998,-0.000899281,2134.92,0.9082733812949642
2124.0,733.6000000000931,3.983,3.421,4781.943999999901,5732.34,9130.84,0.5620000000000003,-0.000899281,2127.185999999977,0.9082733812949642
2112.0,769.0,4.008,3.41,4796.311999999918,5732.31,8936.31,0.5979999999999999,-0.000899281,2116.7999999999765,0.9046762589928058
2130.09,799.1999999999534,4.01,3.396,4838.342999999644,5804.34,8910.28,0.6139999999999999,-0.000899281,2133.438,0.9073741007194244
2125.66,660.0,3.955,3.449,4717.112999999896,5696.31,9246.84,0.5060000000000002,-0.000899281,2129.0759999999764,0.9073741007194244
2119.66,748.8000000000466,4.006,3.416,4820.344000000274,5804.34,9094.5,0.5900000000000003,-0.000899281,2123.007999999977,0.9073741007194244
2126.97,762.0,4.006,3.41,4803.513000000268,5768.31,8899.03,0.5960000000000001,-0.000899281,2130.95,0.9118705035971224
2122.75,732.0,3.983,3.422,4778.375,5732.38,9152.38,0.5609999999999999,-0.000899281,2125.685999999977,0.9073741007194244
2107.25,752.0,4.003,3.418,4760.344000000041,5732.34,9027.31,0.585,-0.000899281,2110.743999999977,0.9073741007194244
2067.06,705.0,3.991,3.443,4601.944000000134,5552.34,8975.44,0.548,-0.000899281,2070.287999999977,0.9109712230215828
2096.12,638.0,3.961,3.454,4645.175000000047,5624.38,9057.09,0.5069999999999997,-0.000899281,2099.562,0.9073741007194244
2090.56,746.3999999999069,3.998,3.415,4724.343,5660.34,9086.09,0.5830000000000002,-0.000899281,2094.211999999977,0.912769784172662
2109.38,760.8000000000466,4.004,3.41,4810.586999999592,5768.19,9174.31,0.5939999999999994,-0.000899281,2112.249999999988,0.9028776978417266
2088.0,738.3999999999069,4.007,3.42,4742.312000000151,5696.31,9008.31,0.5869999999999997,-0.000899281,2095.8239999999764,0.9073741007194244
2112.0,750.0,4.0,3.411,4781.975000000093,5732.38,9008.38,0.589,-0.000899281,2121.538,0.9307553956834532
2134.78,786.3999999999069,4.002,3.401,4832.313000000082,5804.31,8863.78,0.601,-0.000899281,2138.398,0.9073741007194244
2088.0,734.3999999999069,4.006,3.421,4731.543999999762,5660.34,9008.34,0.5850000000000004,-0.000899281,2093.4239999999763,0.9064748201438848
2104.88,750.0,4.002,3.419,4754.343,5732.34,8991.66,0.5829999999999997,-0.000899281,2108.837999999977,0.9064748201438848
2107.88,760.8000000000466,4.004,3.41,4803.5502000001725,5768.34,9188.34,0.5939999999999994,-0.000899281,2110.8379999999884,0.901978417
2120.91,750.0,3.999,3.412,4778.375,5732.38,9008.38,0.5870000000000002,-0.000899281,2120.92,0.9298561151079136
2088.09,743.0,3.998,3.416,4718.343,5660.34,9047.16,0.5820000000000003,-0.000899281,2092.173999999977,0.9118705035971224
2095.09,636.0,3.962,3.455,4637.912999999942,5588.31,9071.66,0.5070000000000001,-0.000899281,2098.024,0.9064748201438848
2065.22,705.6000000000931,3.991,3.443,4594.712999999989,5552.31,8966.41,0.548,-0.000899281,2068.6759999999767,0.9100719424460432
2121.41,732.0,3.983,3.423,4774.680999999866,5732.28,9159.94,0.56,-0.000899281,2124.243999999977,0.9064748201438848
2133.19,783.0,4.002,3.402,4826.313000000082,5768.31,8878.72,0.5999999999999996,-0.000899281,2136.674,0.9064748201438848
2124.25,660.0,3.955,3.45,4709.912000000011,5660.31,9250.75,0.5049999999999999,-0.000899281,2127.481999999977,0.9064748201438848
2112.0,765.0,4.008,3.41,4790.312999999849,5732.31,8972.31,0.5979999999999999,-0.000899281,2114.399999999977,0.9037769784172662
2125.78,762.0,4.006,3.411,4796.313000000082,5768.31,8913.22,0.5950000000000002,-0.000899281,2129.068,0.9109712230215828
2118.38,744.8000000000466,4.006,3.416,4817.944000000134,5768.34,9103.69,0.5900000000000003,-0.000899281,2121.4279999999767,0.9064748201438848
2129.06,797.0,4.01,3.396,4832.311999999685,5768.31,8927.66,0.6139999999999999,-0.000899281,2131.994,0.9064748201438848
2112.0,765.6000000000931,4.007,3.411,4789.112000000197,5732.31,8936.31,0.5959999999999996,-0.000899281,2112.0,0.9028776978417266
2124.41,764.3999999999069,4.006,3.411,4796.375,5768.38,8916.5,0.5950000000000002,-0.000899281,2127.282,0.9100719424460432
2103.0,750.3999999999069,4.002,3.419,4748.375,5696.38,8978.28,0.5829999999999997,-0.000899281,2106.893999999977,0.9055755395683454
2116.62,745.1999999999534,4.006,3.417,4814.375,5768.38,9095.75,0.5890000000000004,-0.000899281,2119.845999999977,0.9055755395683454
2063.47,708.0,3.991,3.444,4592.342999999877,5552.34,8966.53,0.5470000000000002,-0.000899281,2066.9879999999766,0.9091726618705036
2088.0,736.8000000000466,4.006,3.421,4730.406000000192,5660.41,8972.41,0.5850000000000004,-0.000899281,2090.399999999977,0.9055755395683454
2100.0,760.7999999998137,4.004,3.411,4796.344000000041,5768.34,9192.84,0.5929999999999995,-0.000899281,2108.0759999999887,0.9010791366906474
2122.56,656.0,3.955,3.449,4702.711999999825,5660.31,9227.81,0.5060000000000002,-0.000899281,2125.7619999999765,0.9055755395683454
2120.06,732.0,3.983,3.422,4767.543999999994,5732.34,9143.84,0.5609999999999999,-0.000899281,2122.8439999999764,0.9055755395683454
2112.0,748.0,3.999,3.412,4772.343,5732.34,9008.38,0.5870000000000002,-0.000899281,2118.5199999999995,0.928956835
2131.47,780.8000000000466,4.002,3.402,4825.1130000001285,5768.31,8856.56,0.5999999999999996,-0.000899281,2134.862,0.9055755395683454
2092.69,635.1999999999534,3.961,3.455,4634.406000000192,5588.41,9047.91,0.5059999999999998,-0.000899281,2096.2740000000003,0.9055755395683454
2086.38,742.8000000000466,3.998,3.417,4712.344000000041,5660.34,9062.72,0.5810000000000004,-0.000899281,2090.249999999977,0.9109712230215828
2127.34,795.0,4.01,3.397,4826.405999999959,5768.41,8937.0,0.613,-0.000899281,2130.418,0.9055755395683454
2125.94,793.0,4.01,3.397,4820.344000000274,5768.34,8946.97,0.613,-0.000899281,2128.83,0.9046762589928058
2117.12,746.3999999999069,3.999,3.413,4767.574999999953,5732.38,8900.38,0.5860000000000003,-0.000899281,2117.144,0.9280575539568346
2112.0,761.6000000000931,4.008,3.411,4781.912000000244,5732.31,8972.31,0.597,-0.000899281,2112.0,0.901978417
2104.62,756.7999999998137,4.005,3.41,4796.311999999918,5768.31,9176.0,0.5949999999999998,-0.000899281,2106.537999999988,0.9001798561151079
2121.69,656.3999999999069,3.954,3.45,4700.375,5660.38,9244.06,0.504,-0.000899281,2124.249999999977,0.9046762589928058
2118.69,730.3999999999069,3.983,3.423,4766.188000000082,5732.19,9108.88,0.56,-0.000899281,2121.381999999977,0.9046762589928058
2091.75,635.1999999999534,3.961,3.456,4630.774999999907,5588.38,9074.5,0.5049999999999999,-0.000899281,2094.63,0.9046762589928058
2130.31,778.8000000000466,4.002,3.402,4817.912000000011,5768.31,8894.69,0.5999999999999996,-0.000899281,2133.268,0.9046762589928058
2101.38,746.3999999999069,4.002,3.421,4742.313000000082,5696.31,8979.81,0.581,-0.000899281,2105.001999999977,0.9046762589928058
2084.5,740.8000000000466,3.998,3.417,4706.375,5660.38,9047.25,0.5810000000000004,-0.000899281,2088.293999999977,0.9100719424460432
2122.03,762.3999999999069,4.005,3.411,4789.150199999567,5732.34,8875.09,0.5939999999999999,-0.000899281,2125.55,0.9091726618705036
2115.5,745.2000000001863,4.006,3.416,4808.313000000315,5768.31,9086.25,0.5900000000000003,-0.000899281,2118.2639999999765,0.9046762589928058
2088.0,732.8000000000466,4.006,3.421,4724.312999999849,5660.31,8972.31,0.5850000000000004,-0.000899281,2088.0,0.9046762589928058
2062.06,704.0,3.99,3.444,4586.312999999616,5516.31,8986.22,0.5460000000000003,-0.000899281,2065.267999999977,0.9082733812949642
2114.19,747.0,4.006,3.417,4803.513000000268,5768.31,9081.06,0.5890000000000004,-0.000899281,2116.8699999999767,0.9037769784172662
2060.19,702.0,3.991,3.445,4580.344000000041,5516.34,8941.03,0.5460000000000003,-0.000899281,2063.5999999999767,0.9073741007194244
2112.0,746.3999999999069,3.999,3.413,4766.313000000082,5732.31,8972.31,0.5860000000000003,-0.000899281,2114.806,0.9271582733812948
2124.56,793.6000000000931,4.01,3.397,4817.975000000093,5768.38,8931.25,0.613,-0.000899281,2127.398,0.9037769784172662
2118.19,730.3999999999069,3.983,3.423,4760.313000000082,5696.31,9139.06,0.56,-0.000899281,2120.2199999999766,0.9037769784172662
2112.0,759.0,4.005,3.411,4781.943000000436,5732.34,8892.59,0.5939999999999999,-0.000899281,2122.238,0.9082733812949642
2103.5,754.7999999998137,4.005,3.412,4789.111999999732,5732.31,9177.81,0.593,-0.000899281,2105.0759999999887,0.8992805755395683
2089.44,631.2000000001863,3.961,3.457,4623.512000000104,5588.31,9024.38,0.504,-0.000899281,2093.018,0.9037769784172662
2100.38,746.3999999999069,4.003,3.42,4736.375,5696.38,8990.5,0.5830000000000002,-0.000899281,2103.377999999977,0.9037769784172662
2088.0,734.0413333335891,4.006,3.422,4717.175000000047,5660.38,8972.38,0.5840000000000001,-0.000899281,2088.0,0.9037769784172662
2100.0,761.6000000000931,4.007,3.412,4778.375,5732.38,8936.38,0.5949999999999998,-0.000899281,2109.5999999999767,0.9010791366906474
2120.19,656.3999999999069,3.954,3.45,4695.513000000268,5660.31,9221.0,0.504,-0.000899281,2122.8699999999767,0.9037769784172662
2128.25,780.0,4.002,3.404,4814.375,5768.38,8851.44,0.5979999999999999,-0.000899281,2131.6,0.9037769784172662
2083.31,740.7999999998137,3.998,3.418,4702.775,5660.38,9066.88,0.5800000000000001,-0.000899281,2086.567999999977,0.9091726618705036
2129.81,656.3999999999069,3.954,3.45,4660.475000000093,5646.88,9241.94,0.504,-0.000899281,2123.6999999999766,0.9028776978417266
2096.56,747.6000000000931,3.998,3.412,4765.725000000093,5716.12,9172.12,0.5860000000000003,-0.000899281,2102.5119999999883,0.8983812949640286
5761.88,741.6000000000931,3.998,3.418,4695.575000000186,10026.69,12702.06,0.5800000000000001,-0.000899281,2820.8319999999767,0.9082733812949642
2112.0,746.3999999999069,3.999,3.413,4760.188000000082,5732.19,8972.19,0.5860000000000003,-0.000899281,2114.806,0.9262589928057554
2127.5,778.0,4.002,3.404,4808.311999999918,5768.31,8851.31,0.5979999999999999,-0.000899281,2130.144,0.9028776978417266
2112.0,735.6000000000931,3.977,3.423,4760.313000000082,5646.75,9156.38,0.5539999999999998,-0.000899281,2118.0699999999765,0.9028776978417266
2105.12,738.0,3.989,3.416,4802.311999999918,6544.69,8870.75,0.573,-0.000899281,2113.961999999977,0.9028776978417266
8541.94,-5817.313,3.961,3.456,4616.313000000082,12006.44,15479.25,0.5049999999999999,-0.000899281,3382.1820000000007,0.9028776978417266
2118.81,760.7999999998137,4.006,3.413,4774.743999999948,5732.34,8892.44,0.5930000000000004,-0.000899281,2120.606,0.9073741007194244
2058.75,702.3999999999069,3.99,3.444,4574.375,5516.38,8937.38,0.5460000000000003,-0.000899281,2061.937999999977,0.9064748201438848
2123.19,789.6000000000931,4.01,3.398,4814.311999999918,5768.31,8927.19,0.6119999999999997,-0.000899281,2126.018,0.9028776978417266
2088.0,731.2000000001863,4.006,3.423,4712.437999999616,5660.44,8936.44,0.5830000000000002,-0.000899281,2088.0,0.9028776978417266
2098.56,747.0,4.002,3.421,4731.512000000104,5696.31,8976.94,0.581,-0.000899281,2101.6399999999767,0.9028776978417266
2100.0,759.6000000000931,4.008,3.411,4772.375,5732.38,8936.38,0.597,-0.000899281,2107.1999999999766,0.9001798561151079
2117.75,780.0,4.004,3.398,4780.688000000082,5752.69,8974.81,0.6059999999999994,-0.000899281,2123.7560000000003,0.901978417
2057.31,702.3999999999069,3.991,3.445,4568.313000000082,5516.31,8941.38,0.5460000000000003,-0.000899281,2060.355999999977,0.9055755395683454
2088.0,729.0,4.005,3.423,4658.475000000093,5608.88,8956.88,0.5819999999999999,-0.000899281,2088.0,0.901978417
2105.44,743.2000000001863,4.001,3.421,4687.211999999825,5680.81,9053.31,0.5800000000000005,-0.000899281,2101.7519999999768,0.901978417
2100.0,759.0,4.006,3.412,4708.875,5644.88,8956.88,0.5940000000000003,-0.000899281,2104.7999999999765,0.8992805755395683
2120.44,774.0,3.989,3.404,4803.513000000035,5932.5,8883.81,0.585,-0.000899281,2127.594,0.901978417
2093.94,741.6000000000931,4.0,3.413,4760.375,5732.38,9196.06,0.5870000000000002,-0.000899281,2099.7239999999883,0.8974820143884893
2117.62,756.7999999998137,4.006,3.412,4767.513000000268,5732.31,8905.44,0.5940000000000003,-0.000899281,2118.974,0.9064748201438848
2123.06,651.2000000001863,3.952,3.45,4717.112999999896,5696.31,9305.56,0.5019999999999998,-0.000899281,2123.461999999977,0.901978417
2076.06,735.0,3.995,3.418,4688.312000000384,5624.31,9027.75,0.577,-0.000899281,2818.4259999999767,0.9073741007194244
2105.56,736.7999999998137,4.003,3.422,4772.375,5732.38,9033.12,0.581,-0.000899281,2111.397999999977,0.901978417
2080.06,624.0,3.957,3.458,4594.712999999989,5552.31,9048.69,0.4989999999999996,-0.000899281,3379.1760000000004,0.901978417
2112.0,742.0,3.998,3.414,4701.612999999896,5680.81,8992.81,0.5840000000000001,-0.000899281,2113.024,0.9253597122302158
2112.88,727.2000000001863,3.98,3.424,4753.049999999814,5696.25,9139.88,0.556,-0.000899281,2116.363999999977,0.901978417
2123.0,736.812,4.009,3.744,4732.0,5712.0,9079.06,0.2650000000000001,-0.000899281,2115.224,0.9244604316546764
2130.12,765.625,4.011,3.74,4753.375,5726.38,8903.88,0.2709999999999999,-0.000899281,2127.324,0.9010791366906474
2097.62,727.1870000003837,4.019,3.76,4711.0,5677.0,9037.0,0.2590000000000003,-0.000899281,2089.923999999977,0.9010791366906474
2105.5,736.812,4.013,3.67,4718.375,5691.0,9084.62,0.3429999999999999,-0.000899281,2102.2519999999768,0.9010791366906474
2112.0,751.1879999996163,4.018,3.751,4732.0,5698.0,9023.0,0.2669999999999999,-0.000899281,2104.7999999999765,0.8983812949640286
2102.5,741.625,4.015,3.669,4718.313000000082,5691.0,9212.12,0.3459999999999996,-0.000899281,2100.2239999999883,0.8965827338129497
2086.56,619.188,3.971,3.685,4543.375,5523.0,9072.94,0.286,-0.000899281,3377.95,0.9010791366906474
2130.56,650.437,3.968,3.659,4683.311999999918,5670.06,9284.31,0.3090000000000001,-0.000899281,2125.061999999977,0.9010791366906474
2125.19,727.25,3.996,3.753,4725.375,5698.38,9149.0,0.2429999999999998,-0.000899281,2117.3899999999767,0.9010791366906474
2114.94,734.438,4.017,3.665,4742.875,5726.0,9154.06,0.3520000000000003,-0.000899281,2111.0619999999767,0.9010791366906474
2115.12,757.2000000001863,4.005,3.414,4766.375,5732.38,8854.25,0.5909999999999997,-0.000899281,2117.116,0.9055755395683454
2056.25,705.0,3.984,3.445,4565.912000000011,5464.69,8997.69,0.5390000000000001,-0.000899281,2058.9119999999766,0.9046762589928058
2126.06,780.0,4.019,3.649,4760.375,5726.0,8928.62,0.3700000000000001,-0.000899281,2123.5,0.9010791366906474
202763.4,200680.99000017624,4.271,3.25,68969.98300000001,80224.67,80224.67,1.021,-0.000899281,42250.992,0.9001798561151079
202546.39,199486.39400000032,4.271,3.234,72269.97999999998,84060.0,84060.0,1.037,-0.000899281,42181.60199999998,0.9001798561151079
202900.55,2820.0,4.271,3.229,69480.00200000033,80789.99,80789.99,1.0419999999999998,-0.000899281,42271.91,0.9235611510791368
2065.25,696.0,4.003,3.684,4529.375,5495.0,9001.94,0.3189999999999999,-0.000899281,2059.5499999999765,0.9037769784172662
201293.99,100654.23800000036,4.271,3.249,69209.98699999973,80516.74,80516.74,1.0219999999999998,-0.000899281,41960.06,0.9001798561151079
203575.68,-196149.274,4.271,3.248,71940.00399999972,83788.19,83788.19,1.0229999999999997,-0.000899281,42408.78799999998,0.9001798561151079
2114.31,755.2000000001863,4.006,3.414,4760.375,5732.38,8898.38,0.5920000000000001,-0.000899281,2115.572,0.9046762589928058
203725.7,2749.994666666724,4.271,3.255,72239.99699999997,84130.08,84130.08,1.016,-0.000899281,42433.10199999998,0.9001798561151079
201945.21,198976.5496666669,4.271,3.255,73109.98200000031,85109.98,85109.98,1.016,-0.001798561,42790.19199999997,0.906294964
202101.35,2670.0159999998286,4.269,3.246,73169.986,85147.1,85147.1,1.023,-0.000899281,42120.99399999998,0.9001798561151079
203734.15,2669.984000000172,4.271,3.261,74549.98300000001,86760.0,86760.0,1.0099999999999998,-0.000899281,42426.12999999999,0.8956834532374099
203466.05,-194556.07,4.269,3.247,69029.98900000006,80359.87,80359.87,1.0220000000000002,-0.000899281,43652.81,0.9001798561151079
203939.42,-96644.701,4.271,3.24,71429.98400000017,83129.98,83129.98,1.0309999999999997,-0.000899281,42470.28399999998,0.8974820143884891
2102.5,624.0,3.952,3.409,4976.351999999955,5984.35,9633.06,0.5430000000000001,-0.000899281,43655.422,0.8992805755395683
2134.88,654.0,3.95,3.424,4997.952000000514,5984.35,9721.25,0.5260000000000002,-0.000899281,42123.93199999998,0.8992805755395683
2112.31,753.0,4.005,3.414,4753.174999999814,5696.38,8870.56,0.5909999999999997,-0.000899281,2115.634,0.9037769784172662
2101.73,737.6000000000931,3.992,3.422,5074.720000000205,6058.72,9577.95,0.5699999999999998,-0.000899281,42793.63799999998,0.9052158273381294
2132.7,730.3999999999069,3.978,3.421,5062.752000000328,6022.75,9625.34,0.5570000000000004,-0.000899281,42411.68999999998,0.8992805755395683
2100.0,732.0,4.001,3.398,5108.416000000201,6094.82,9550.82,0.6030000000000002,-0.000899281,42184.00199999998,0.8992805755395683
2137.15,792.0,4.002,3.434,5066.352000000421,6056.35,9332.35,0.5679999999999996,-0.000899281,42253.51,0.8992805755395683
2125.57,745.2000000001863,3.997,3.406,5105.952000000048,6092.35,9619.74,0.5909999999999997,-0.000899281,42435.37799999998,0.8992805755395683
2111.84,739.0,3.994,3.422,5069.984000000171,6056.38,9506.34,0.5720000000000001,-0.001798561,2104.343999999977,0.9
2112.0,756.0,3.999,3.395,5096.384000000078,6056.38,9440.38,0.6040000000000001,-0.000899281,42472.68399999998,0.8965827338129497
2124.0,741.0,3.99,3.407,5048.320000000298,6020.32,9476.32,0.5830000000000002,-0.000899281,42274.31,0.9226618705035972
2116.64,753.0,3.995,3.419,5098.720000000205,6092.32,9737.95,0.5760000000000001,-0.000899281,42428.75799999999,0.8947841726618705
2140.86,774.3999999999069,3.994,3.429,5060.351999999955,6020.38,9300.83,0.5650000000000004,-0.000899281,41962.582,0.8992805755395683
2103.49,628.7999999998137,3.954,3.459,4652.320999999996,5624.32,9148.93,0.4950000000000001,-0.000899281,42367.732,0.8983812949640286
2080.67,702.3999999999069,3.985,3.424,4940.352,5912.35,9551.9,0.5609999999999999,-0.001798561,2063.6459999999765,0.9026978417266188
2124.0,745.2000000001863,3.993,3.416,4784.353000000119,5732.35,9080.35,0.577,-0.000899281,42276.71,0.9217625899280576
2115.33,747.2000000001863,3.996,3.424,4767.520000000019,5732.32,9100.29,0.5720000000000001,-0.000899281,2107.3339999999766,0.8989208633093524
2127.55,749.6000000000931,4.0,3.42,4832.382999999914,5804.38,9210.34,0.5800000000000001,-0.000899281,42439.86399999998,0.8983812949640286
2100.0,735.0,4.001,3.425,4766.319999999832,5696.32,9116.32,0.5760000000000005,-0.000899281,42186.40199999998,0.8983812949640286
2136.61,791.0,4.005,3.4,4844.319000000134,5804.32,9000.03,0.605,-0.000899281,42256.194,0.8983812949640286
2124.0,763.0,4.002,3.413,4803.552000000142,5732.35,9044.35,0.589,-0.000899281,42477.48399999998,0.895683453
2140.0,775.2000000001863,3.997,3.405,4838.357333333232,5804.35,8937.95,0.5920000000000001,-0.000899281,41965.082,0.8983812949640286
2131.01,732.0,3.978,3.422,4796.320000000298,5732.32,9253.85,0.556,-0.000899281,42415.49199999998,0.8983812949640286
2111.19,753.0,4.005,3.414,4748.375,5696.38,8860.06,0.5909999999999997,-0.000899281,2114.11,0.9028776978417266
2102.05,743.2000000001863,3.993,3.417,4753.152999999933,5696.35,9160.54,0.5760000000000001,-0.000899281,42797.38599999998,0.904136691
2118.75,759.6000000000931,3.998,3.413,4817.952000000048,5768.35,9260.35,0.5850000000000004,-0.000899281,42433.19599999999,0.8938848920863309
2134.5,660.0,3.95,3.45,4731.552000000607,5696.35,9344.96,0.5,-0.000899281,42124.86999999998,0.8983812949640286
2132.51,661.6000000000931,3.951,3.45,4731.526200000197,5696.32,9355.74,0.5009999999999999,-0.000899281,42126.75999999998,0.8974820143884891
2099.23,739.2000000001863,3.993,3.418,4753.154000000097,5696.35,9139.68,0.5749999999999997,-0.000899281,42064.85599999998,0.9030575539568346
2128.96,732.0,3.978,3.422,4789.119999999646,5732.32,9221.47,0.556,-0.000899281,42418.70799999998,0.8974820143884891
2100.94,748.7999999998137,3.991,3.415,4745.975000000093,6147.88,8766.5,0.5760000000000001,-0.000899281,2110.7740000000003,0.901978417
2126.82,753.0,4.001,3.416,4838.289999999572,5804.29,9187.39,0.5850000000000004,-0.000899281,42444.11599999998,0.8974820143884891
2112.0,763.2000000001863,3.999,3.411,4825.151999999769,5768.35,9260.93,0.5880000000000001,-0.000899281,42436.80799999999,0.8929856115107914
2124.0,746.0019999998622,3.993,3.414,4790.350999999791,5732.35,9044.35,0.5789999999999997,-0.000899281,42279.11,0.920863309352518
2112.77,746.0,3.997,3.421,4778.319999999832,5732.32,9096.0,0.5760000000000001,-0.000899281,2110.1759999999767,0.897841727
2100.0,733.0,4.002,3.426,4760.351999999955,5696.35,9080.35,0.5759999999999996,-0.000899281,42188.80199999998,0.8974820143884891
2112.0,764.3980000000447,4.001,3.411,4810.719999999739,5768.32,9044.32,0.5900000000000003,-0.000899281,42479.88399999998,0.8947841726618705
2137.95,774.0,3.998,3.405,4838.354000000283,5768.35,8968.26,0.5930000000000004,-0.000899281,41968.584,0.8974820143884891
2077.54,702.3999999999069,3.986,3.45,4628.319999999832,5552.32,9082.78,0.536,-0.000899281,2067.403999999977,0.9016187050359712
2133.85,789.0,4.005,3.399,4844.351999999955,5804.35,8965.02,0.6059999999999999,-0.000899281,42259.414,0.8974820143884891
2102.11,630.3999999999069,3.954,3.458,4652.385000000242,5624.39,9136.03,0.496,-0.000899281,42372.142,0.8974820143884891
2109.81,739.187,4.014,3.674,4690.25,5656.0,8884.06,0.3400000000000003,-0.000899281,2109.712,0.9010791366906474
2074.53,700.0019999998622,3.986,3.451,4616.256000000518,5552.26,9078.53,0.5350000000000001,-0.000899281,2070.8479999999768,0.9005395683453237
2111.01,748.7999999998137,3.998,3.422,4767.516000000294,5732.32,9081.38,0.5760000000000001,-0.000899281,2111.2899999999768,0.8967625899280576
2112.0,744.7999999998137,3.994,3.415,4784.320000000298,5732.32,9044.32,0.5790000000000002,-0.000899281,42276.91,0.9199640287769784
2112.0,764.3999999999069,4.0,3.411,4817.857000000309,5768.26,9290.05,0.589,-0.000899281,42438.70799999999,0.8920863309352518
2125.22,756.0,4.001,3.417,4832.351999999955,5804.35,9167.52,0.5840000000000005,-0.000899281,42446.17199999998,0.8965827338129497
2100.0,729.0,4.002,3.426,4754.449000000022,5696.45,9044.45,0.5759999999999996,-0.000899281,42189.27799999998,0.8965827338129497
2112.0,764.3999999999069,4.002,3.413,4803.391000000294,5732.19,9008.19,0.589,-0.000899281,42479.88399999998,0.8938848920863309
2100.03,630.0,3.955,3.458,4652.350999999791,5624.35,9111.1,0.4969999999999999,-0.000899281,42374.836,0.8965827338129497
2129.6,661.0,3.951,3.451,4724.350999999791,5696.35,9317.05,0.5,-0.000899281,42126.56799999998,0.8965827338129497
2095.94,739.2000000001863,3.993,3.419,4742.320999999531,5696.32,9122.08,0.5739999999999998,-0.000899281,42068.83199999998,0.9019784172661872
2126.78,732.0,3.978,3.423,4784.351000000257,5732.35,9207.84,0.5550000000000002,-0.000899281,42419.025999999976,0.8965827338129497
2134.46,775.2000000001863,3.998,3.406,4826.351999999955,5768.35,8903.11,0.5920000000000001,-0.000899281,41969.452,0.8965827338129497
2131.52,788.3999999999069,4.005,3.4,4832.320000000298,5768.32,8955.07,0.605,-0.000899281,42260.506,0.8965827338129497
2108.29,744.7859999998473,3.998,3.422,4760.320000000298,5732.32,9045.41,0.5760000000000001,-0.000899281,2111.8479999999768,0.895683453
2112.0,744.7999999998137,3.994,3.416,4781.916000000201,5732.32,9008.32,0.5780000000000003,-0.000899281,2119.2,0.9190647482014388
2124.22,755.0,4.002,3.417,4826.320000000298,5804.32,9194.31,0.585,-0.000899281,2125.875999999977,0.895683453
2132.22,768.0,3.999,3.407,4820.351000000257,5768.35,8912.32,0.5920000000000001,-0.000899281,2137.098,0.895683453
2088.0,727.1875999998301,4.002,3.427,4745.952000000048,5696.35,9044.35,0.5749999999999997,-0.000899281,2097.5999999999767,0.895683453
2070.46,696.0,3.986,3.452,4609.183000000194,5552.38,9053.89,0.5340000000000003,-0.000899281,2073.689999999977,0.8994604316546763
2112.0,762.0,4.002,3.413,4796.351000000257,5732.35,9008.35,0.589,-0.000899281,2114.399999999977,0.8929856115107914
2124.0,735.6000000000931,3.979,3.424,4778.319999999832,5732.32,9233.15,0.5550000000000002,-0.000899281,2128.689999999977,0.895683453
2112.77,762.0,4.001,3.412,4810.720000000205,5768.32,9251.33,0.5890000000000004,-0.000899281,2114.4319999999884,0.8911870503597121
2097.99,630.0,3.955,3.459,4645.150999999605,5588.35,9111.88,0.496,-0.000899281,2101.224,0.895683453
2093.15,739.2000000001863,3.992,3.419,4731.550999999978,5660.35,9119.14,0.573,-0.000899281,2098.419999999977,0.9010791366906474
2128.0,660.0,3.952,3.451,4717.151999999769,5696.35,9349.6,0.5009999999999999,-0.000899281,2131.8979999999765,0.895683453
2128.74,786.3999999999069,4.005,3.402,4826.320999999996,5768.32,8959.07,0.6029999999999998,-0.000899281,2133.574,0.895683453
2125.24,656.7999999998137,3.953,3.452,4709.823000000324,5696.22,9329.06,0.5009999999999999,-0.000899281,2129.9699999999766,0.8947841726618705
2095.68,630.0,3.956,3.459,4637.9509999998845,5588.35,9101.76,0.4969999999999999,-0.000899281,2099.86,0.8947841726618705
2126.11,782.3999999999069,4.006,3.402,4820.351999999955,5768.35,8948.45,0.6040000000000001,-0.000899281,2131.366,0.8947841726618705
2112.0,735.6000000000931,3.979,3.424,4772.382999999914,5732.38,9228.67,0.5550000000000002,-0.000899281,2124.5499999999765,0.8947841726618705
2100.0,762.0,4.002,3.412,4802.320999999996,5768.32,9269.53,0.5899999999999999,-0.000899281,2111.1039999999884,0.8902877697841728
2105.38,744.7999999998137,3.998,3.423,4754.382000000216,5696.38,9047.94,0.5750000000000002,-0.000899281,2110.555999999977,0.8947841726618705
2129.66,768.0,3.999,3.408,4814.319999999832,5768.32,8922.94,0.5910000000000002,-0.000899281,2134.858,0.8947841726618705
2121.12,753.0,4.002,3.417,4825.120000000112,5768.32,9156.35,0.585,-0.000899281,2124.9859999999767,0.8947841726618705
2088.0,729.0,4.002,3.427,4736.351999999955,5660.35,9044.35,0.5749999999999997,-0.000899281,2095.1999999999766,0.8947841726618705
2112.0,760.0,4.003,3.415,4790.319999999832,5732.32,9008.32,0.5880000000000001,-0.000899281,2114.399999999977,0.8920863309352518
2112.0,744.7999999998137,3.994,3.417,4774.720999999903,5732.32,9044.32,0.5770000000000004,-0.000899281,2116.8,0.9181654676258992
2124.61,751.2000000001863,3.998,3.397,5066.256000000052,6056.26,9425.95,0.6010000000000004,-0.001798561,2111.772,0.9
2089.91,735.2000000001863,3.993,3.421,4724.222000000067,5660.22,9109.85,0.5720000000000001,-0.000899281,2096.055999999977,0.9001798561151079
2066.72,696.0,3.986,3.453,4598.350999999326,5552.35,9028.61,0.5330000000000004,-0.000899281,2073.9839999999767,0.8983812949640286
2126.72,763.2000000001863,3.999,3.408,4803.550999999978,5768.35,8932.83,0.5910000000000002,-0.000899281,2132.202,0.8938848920863309
2122.91,779.0,4.006,3.404,4810.720999999903,5768.32,8933.53,0.6020000000000003,-0.000899281,2128.626,0.8938848920863309
2101.79,742.0,3.998,3.424,4745.826,5696.23,9038.09,0.5740000000000003,-0.000899281,2107.8479999999768,0.8938848920863309
2106.84,757.6000000000931,4.002,3.413,4796.319999999832,5732.32,9286.41,0.589,-0.000899281,2108.7219999999884,0.889388489
2092.61,628.0,3.956,3.459,4630.720999999903,5588.32,9111.07,0.4969999999999999,-0.000899281,2097.684,0.8938848920863309
2112.0,742.7999999998137,3.994,3.416,4767.550999999978,5732.35,9008.35,0.5780000000000003,-0.000899281,2114.4,0.9172661870503596
2112.0,758.3999999999069,4.002,3.416,4784.382999999914,5732.38,8972.38,0.5859999999999999,-0.000899281,2112.0,0.8911870503597121
2124.16,752.0,3.999,3.415,4778.320999999996,5732.32,8951.84,0.5840000000000001,-0.000899281,2114.1420000000003,0.8989208633093524
2088.0,725.6000000000931,4.002,3.428,4724.319999999832,5660.32,9008.32,0.5739999999999998,-0.000899281,2092.7999999999765,0.8938848920863309
2122.27,652.7999999998137,3.953,3.453,4702.750999999698,5660.35,9342.08,0.5,-0.000899281,2127.5239999999767,0.8938848920863309
2063.29,694.3999999999069,3.987,3.453,4587.582999999635,5516.38,9038.82,0.5340000000000003,-0.000899281,2070.507999999977,0.8974820143884891
2118.53,751.0,4.002,3.418,4814.351000000257,5768.35,9152.32,0.5839999999999996,-0.000899281,2123.1819999999766,0.8938848920863309
2120.29,729.6000000000931,3.979,3.425,4766.352000000421,5696.35,9209.44,0.5540000000000003,-0.000899281,2122.4059999999768,0.8938848920863309
2087.05,735.0,3.993,3.421,4717.151999999769,5660.35,9118.05,0.5720000000000001,-0.000899281,2093.0559999999764,0.8992805755395683
2076.0,723.6000000000931,4.002,3.43,4717.151999999769,5660.35,9008.35,0.5719999999999996,-0.000899281,2087.999999999977,0.8929856115107914
2121.79,751.9980000001378,4.0,3.415,4781.824000000488,5732.22,8950.82,0.585,-0.000899281,2116.262,0.897841727
2103.33,756.0,4.002,3.415,4781.9509999998845,5732.35,9279.55,0.5869999999999997,-0.000899281,2106.9879999999885,0.8884892086330936
2116.48,746.3999999999069,4.003,3.419,4803.419000000227,5768.22,9178.3,0.5840000000000001,-0.000899281,2121.113999999977,0.8929856115107914
2098.02,739.2000000001863,3.998,3.425,4736.320999999996,5696.32,9018.85,0.5730000000000004,-0.000899281,2104.8979999999765,0.8929856115107914
2118.11,729.6000000000931,3.98,3.425,4754.350999999791,5696.35,9222.98,0.5550000000000002,-0.000899281,2120.2359999999767,0.8929856115107914
2112.0,742.0,3.994,3.418,4760.320000000298,5696.32,9008.32,0.5760000000000001,-0.000899281,2112.0,0.9163669064748202
2100.0,759.0,4.002,3.417,4774.689,5696.29,9008.29,0.585,-0.000899281,2109.5999999999767,0.8902877697841728
2119.97,778.7999999998137,4.005,3.404,4802.326166666113,5768.32,8923.42,0.601,-0.000899281,2125.85,0.8929856115107914
2119.84,654.0,3.953,3.454,4688.351000000257,5660.35,9330.85,0.4989999999999996,-0.000899281,2124.989999999977,0.8929856115107914
2089.82,628.0,3.955,3.46,4623.582000000402,5588.38,9114.12,0.4950000000000001,-0.000899281,2095.226,0.8929856115107914
2123.2,765.0,3.998,3.41,4796.257,5732.26,8898.15,0.5880000000000001,-0.000899281,2129.252,0.8929856115107914
2083.16,733.6000000000931,3.993,3.422,4702.711999999825,5624.31,9084.41,0.5709999999999997,-0.000899281,2089.8419999999765,0.8983812949640286
2059.11,692.3999999999069,3.986,3.454,4580.36,5516.36,8993.41,0.532,-0.000899281,2066.8219999999765,0.8965827338129497
2116.96,649.2000000001863,3.953,3.454,4681.160000000149,5660.36,9303.91,0.4989999999999996,-0.000899281,2122.461999999977,0.8920863309352518
2100.29,750.0,4.003,3.416,4767.552000000607,5732.35,9256.54,0.5870000000000002,-0.000899281,2104.6459999999884,0.887589928
2080.2,729.6000000000931,3.993,3.423,4694.39,5624.39,9080.39,0.5699999999999998,-0.000899281,2086.6939999999768,0.8974820143884891
2113.77,746.3999999999069,4.003,3.42,4796.350999999791,5768.35,9166.11,0.5830000000000002,-0.000899281,2118.823999999977,0.8920863309352518
2120.45,761.6000000000931,3.998,3.411,4789.120999999344,5732.32,8879.74,0.5870000000000002,-0.000899281,2126.45,0.8920863309352518
2112.0,742.0,3.994,3.418,4753.120000000112,5696.32,9008.32,0.5760000000000001,-0.000899281,2112.0,0.9154676258992808
2095.48,739.2000000001863,3.998,3.426,4724.350999999791,5660.35,9007.55,0.5720000000000001,-0.000899281,2101.7919999999767,0.8920863309352518
2119.97,749.6000000000931,4.001,3.417,4772.351999999955,5732.35,8959.65,0.5840000000000005,-0.000899281,2120.068,0.8967625899280576
2076.03,723.5936000002548,4.001,3.43,4706.351999999955,5660.35,9008.35,0.5710000000000002,-0.000899281,2083.205999999977,0.8920863309352518
2086.91,624.0,3.955,3.46,4616.352000000421,5552.35,9077.34,0.4950000000000001,-0.000899281,2092.602,0.8920863309352518
2115.1,725.6000000000931,3.979,3.426,4745.858000000473,5696.26,9180.7,0.5529999999999999,-0.000899281,2117.899999999977,0.8920863309352518
2116.64,774.0,4.005,3.405,4796.320999999996,5732.32,8908.93,0.6000000000000001,-0.000899281,2122.874,0.8920863309352518
2100.0,755.0,4.002,3.417,4766.227000000421,5696.23,8972.23,0.585,-0.000899281,2107.1999999999766,0.8893884892086332
2056.03,688.7999999998137,3.986,3.454,4565.952000000048,5516.35,8992.45,0.532,-0.000899281,2063.1219999999767,0.895683453
2053.09,688.7999999998137,3.986,3.455,4556.351999999955,5480.35,8987.61,0.5310000000000001,-0.000899281,2059.6479999999765,0.8947841726618705
2084.52,624.0,3.956,3.461,4601.9199999999255,5552.32,9090.37,0.4950000000000001,-0.000899281,2089.9080000000004,0.8911870503597121
2113.47,775.2000000001863,4.005,3.406,4784.351999999955,5732.35,8890.14,0.5989999999999998,-0.000899281,2119.82,0.8911870503597121
2076.0,724.0,4.002,3.431,4695.552000000142,5624.35,9008.35,0.5709999999999997,-0.000899281,2080.805999999977,0.8911870503597121
2114.88,649.6000000000931,3.953,3.455,4673.9199999999255,5624.32,9294.4,0.4979999999999998,-0.000899281,2119.837999999977,0.8911870503597121
2117.54,760.0,3.998,3.412,4781.819000000134,5732.22,8869.76,0.5860000000000003,-0.000899281,2123.514,0.8911870503597121
2077.16,729.6000000000931,3.993,3.423,4682.350999999791,5624.35,9087.97,0.5699999999999998,-0.000899281,2083.4959999999764,0.8965827338129497
2092.99,735.2000000001863,3.998,3.426,4717.151999999769,5660.35,9049.63,0.5720000000000001,-0.000899281,2098.731999999977,0.8911870503597121
2111.2,742.3999999999069,4.003,3.421,4789.150999999605,5732.35,9160.06,0.5820000000000003,-0.000899281,2116.2199999999766,0.8911870503597121
2110.17,738.0,3.994,3.419,4745.9199999999255,5696.32,9008.32,0.5750000000000002,-0.000899281,2111.634,0.914568345
2112.74,723.6000000000931,3.98,3.427,4738.719999999739,5696.32,9175.33,0.5529999999999999,-0.000899281,2115.6479999999765,0.8911870503597121
2100.0,754.7999999998137,4.002,3.418,4760.352,5696.35,8972.35,0.5839999999999996,-0.000899281,2104.7999999999765,0.8884892086330936
2097.79,748.0,4.004,3.417,4760.351999999955,5732.35,9260.35,0.5869999999999997,-0.000899281,2101.6499999999883,0.8866906474820144
2117.7,747.6000000000931,4.001,3.417,4767.552000000142,5732.35,8965.47,0.5840000000000005,-0.000899281,2121.646,0.895683453
2049.92,690.0,3.986,3.455,4550.351999999955,5480.35,8961.66,0.5310000000000001,-0.000899281,2056.287999999977,0.8938848920863309
2074.27,732.0,3.993,3.424,4673.920999999624,5624.32,9070.05,0.569,-0.000899281,2080.3679999999767,0.895683453
2115.61,760.0,3.998,3.413,4772.25,5732.25,8870.34,0.5850000000000004,-0.000899281,2120.704,0.8902877697841728
2112.39,645.6000000000931,3.953,3.456,4659.550999999978,5624.35,9286.43,0.4969999999999999,-0.000899281,2117.267999999977,0.8902877697841728
2100.0,738.0,3.994,3.419,4738.719999999739,5696.32,9008.32,0.5750000000000002,-0.000899281,2109.234,0.9136690647482014
2108.48,741.0,4.003,3.422,4778.351999999955,5732.35,9138.02,0.581,-0.000899281,2113.6919999999764,0.8902877697841728
2090.17,737.0,3.998,3.427,4706.351999999955,5660.35,9006.34,0.5710000000000002,-0.000899281,2095.6899999999764,0.8902877697841728
2094.88,746.3999999999069,4.004,3.419,4753.150999999605,5696.35,9224.35,0.5849999999999995,-0.000899281,2100.6259999999884,0.8857913669064749
2076.0,724.0,4.001,3.431,4688.319999999832,5624.32,9008.32,0.5700000000000003,-0.000899281,2078.4059999999768,0.8902877697841728
2111.74,775.2000000001863,4.005,3.407,4778.352000000421,5732.35,8911.81,0.5979999999999999,-0.000899281,2116.946,0.8902877697841728
2110.59,723.6000000000931,3.98,3.428,4731.552000000607,5696.35,9176.32,0.552,-0.000899281,2115.365999999977,0.8902877697841728
2100.0,754.7999999998137,4.002,3.418,4748.351000000257,5696.35,8936.35,0.5839999999999996,-0.000899281,2102.399999999977,0.887589928
2082.56,624.0,3.956,3.463,4594.751999999862,5552.35,9092.89,0.4929999999999999,-0.000899281,2087.284,0.8902877697841728
2114.24,747.6000000000931,4.001,3.419,4760.351999999955,5696.35,8932.74,0.5820000000000003,-0.000899281,2119.572,0.8947841726618705
2087.81,735.0,3.998,3.429,4700.351999999955,5660.35,8996.52,0.5690000000000004,-0.000899281,2092.893999999977,0.889388489
2080.09,624.0,3.956,3.463,4587.489000000525,5552.29,9067.2,0.4929999999999999,-0.000899281,2084.78,0.8893884892086332
2088.0,743.0,4.004,3.42,4738.626999999862,5696.23,9209.63,0.5839999999999996,-0.000899281,2096.8579999999884,0.8848920863309353
2088.0,752.7999999998137,4.002,3.42,4742.351999999955,5696.35,8936.35,0.5819999999999999,-0.000899281,2097.5999999999767,0.8866906474820144
2107.97,717.6000000000931,3.98,3.428,4724.257000000216,5660.26,9143.68,0.552,-0.000899281,2112.901999999977,0.8893884892086332
2109.44,771.2000000001863,4.005,3.408,4772.319999999832,5732.32,8891.33,0.597,-0.000899281,2114.252,0.8893884892086332
2113.57,756.0,3.998,3.413,4766.351000000257,5696.35,8884.92,0.5850000000000004,-0.000899281,2118.074,0.8893884892086332
2111.11,744.0,4.001,3.419,4753.151999999303,5696.35,8918.18,0.5820000000000003,-0.000899281,2116.962,0.8938848920863309
2047.9,684.7999999998137,3.986,3.456,4538.383,5480.38,8974.4,0.5300000000000002,-0.000899281,2053.209999999977,0.8929856115107914
2110.44,648.0,3.953,3.456,4652.359000000171,5624.36,9254.81,0.4969999999999999,-0.000899281,2114.901999999977,0.8893884892086332
2071.77,732.0,3.993,3.425,4666.752000000328,5588.35,9079.74,0.5680000000000001,-0.000899281,2077.311999999977,0.8947841726618705
2106.11,740.7999999998137,4.003,3.422,4772.351999999955,5732.35,9131.23,0.581,-0.000899281,2111.2079999999764,0.8893884892086332
2076.0,720.0,4.002,3.432,4681.151999999303,5624.35,9008.36,0.5699999999999998,-0.000899281,2076.0059999999767,0.8893884892086332
2100.0,738.0,3.994,3.42,4731.482000000309,5696.28,8972.29,0.5740000000000003,-0.000899281,2106.834,0.912769784172662
2107.77,644.0,3.952,3.457,4645.128000000026,5624.33,9230.08,0.4950000000000001,-0.000899281,2112.4879999999766,0.8884892086330936
2107.62,769.2000000001863,4.005,3.408,4766.359000000171,5696.36,8907.69,0.597,-0.000899281,2111.782,0.8884892086330936
2077.77,624.0,3.956,3.463,4580.375,5552.38,9077.78,0.4929999999999999,-0.000899281,2082.37,0.8884892086330936
2106.2,720.0,3.981,3.43,4717.158999999985,5660.36,9140.86,0.5509999999999997,-0.000899281,2110.5199999999763,0.8884892086330936
2088.0,750.0,4.002,3.419,4736.359000000171,5660.36,8936.36,0.5829999999999997,-0.000899281,2095.1999999999766,0.8857913669064749
2069.31,728.0,3.993,3.425,4658.344000000041,5588.34,9068.52,0.5680000000000001,-0.000899281,2074.5419999999767,0.8938848920863309
2088.0,740.7999999998137,4.003,3.421,4731.512000000104,5696.31,9205.08,0.5820000000000003,-0.000899281,2093.791999999988,0.8839928057553956
2064.0,720.0,4.002,3.432,4673.897000000346,5624.3,8972.3,0.5699999999999998,-0.000899281,2073.605999999977,0.8884892086330936
2104.28,735.0,4.004,3.423,4760.36,5732.36,9137.12,0.5809999999999995,-0.000899281,2108.767999999977,0.8884892086330936
2085.73,733.6000000000931,3.998,3.429,4688.235,5660.23,8993.45,0.5690000000000004,-0.000899281,2090.435999999977,0.8884892086330936
2100.0,734.0,3.994,3.42,4730.311999999918,5660.31,9008.31,0.5740000000000003,-0.000899281,2104.434,0.9118705035971224
2111.33,756.0,3.998,3.413,4760.328999999911,5696.33,8847.75,0.5850000000000004,-0.000899281,2115.7,0.8884892086330936
2045.61,686.0,3.986,3.456,4532.320999999996,5480.32,8961.16,0.5300000000000002,-0.000899281,2050.509999999977,0.8920863309352518
2107.84,744.0,4.001,3.421,4742.319999999832,5696.32,8919.01,0.5800000000000005,-0.000899281,2114.172,0.8929856115107914
2105.28,740.0,4.001,3.421,4731.520000000019,5696.32,8897.66,0.5800000000000005,-0.000899281,2111.2339999999995,0.8920863309352518
2106.02,644.3999999999069,3.952,3.458,4637.913000000175,5624.31,9240.98,0.4939999999999998,-0.000899281,2110.2999999999765,0.887589928
2087.2,738.0,4.003,3.421,4724.485,5696.48,9192.88,0.5820000000000003,-0.000899281,2091.173999999988,0.8830935251798561
2101.89,736.7999999998137,4.004,3.424,4754.327999999747,5732.33,9107.88,0.5799999999999996,-0.000899281,2106.3919999999766,0.887589928
2043.12,685.2000000001863,3.986,3.456,4526.358999999706,5480.36,8953.25,0.5300000000000002,-0.000899281,2047.9279999999767,0.8911870503597121
2109.38,756.0,3.998,3.414,4753.049999999814,5696.25,8872.8,0.5840000000000001,-0.000899281,2113.486,0.887589928
2100.0,732.7999999998137,3.995,3.421,4724.280999999959,5660.28,9008.28,0.5740000000000003,-0.000899281,2102.034,0.9109712230215828
2088.0,750.0,4.002,3.421,4730.219000000041,5660.22,8936.22,0.581,-0.000899281,2092.7999999999765,0.8848920863309353
2104.25,720.0,3.981,3.43,4709.912000000011,5660.31,9152.28,0.5509999999999997,-0.000899281,2108.3499999999767,0.887589928
2104.86,769.6000000000931,4.005,3.408,4760.234000000171,5696.23,8847.2,0.597,-0.000899281,2109.426,0.887589928
2066.84,726.0,3.993,3.426,4652.342999999877,5588.34,9078.84,0.5669999999999997,-0.000899281,2071.8699999999767,0.8929856115107914
2075.45,620.0,3.957,3.463,4573.191000000108,5516.39,9062.31,0.4939999999999998,-0.000899281,2080.078,0.887589928
2064.0,720.0,4.002,3.432,4666.759000000078,5588.36,9008.36,0.5699999999999998,-0.000899281,2071.1999999999766,0.887589928
2082.91,729.6000000000931,3.998,3.428,4688.390999999829,5624.39,8970.98,0.5700000000000003,-0.000899281,2087.921999999977,0.887589928
2100.0,733.2000000001863,3.995,3.421,4717.143999999389,5660.34,9008.34,0.5740000000000003,-0.000899281,2100.0,0.9100719424460432
2102.78,644.7999999998137,3.951,3.459,4630.759000000078,5588.36,9199.72,0.492,-0.000899281,2107.8799999999765,0.8866906474820144
2080.47,729.6000000000931,3.997,3.43,4676.25,5624.25,8976.83,0.5669999999999997,-0.000899281,2085.417999999977,0.8866906474820144
2099.23,733.2000000001863,4.004,3.424,4748.359000000171,5696.36,9120.83,0.5799999999999996,-0.000899281,2103.997999999977,0.8866906474820144
2102.95,765.6000000000931,4.004,3.409,4753.158999999985,5696.36,8871.59,0.5949999999999998,-0.000899281,2107.322,0.8866906474820144
2088.0,747.2000000001863,4.002,3.421,4724.36,5660.36,8936.36,0.581,-0.000899281,2090.399999999977,0.8839928057553956
2101.86,716.3999999999069,3.98,3.431,4702.743999999948,5660.34,9144.12,0.5489999999999999,-0.000899281,2106.1739999999763,0.8866906474820144
2064.0,718.3999999999069,4.002,3.433,4658.359000000171,5588.36,8936.36,0.569,-0.000899281,2068.7999999999765,0.8866906474820144
2072.45,620.3999999999069,3.957,3.464,4565.912000000011,5516.31,9040.8,0.4929999999999999,-0.000899281,2077.664,0.8866906474820144
2064.12,724.0,3.993,3.426,4640.36,5588.36,9057.61,0.5669999999999997,-0.000899281,2069.2619999999765,0.8920863309352518
2102.91,738.0,4.001,3.422,4724.351999999955,5660.35,8913.22,0.5790000000000002,-0.000899281,2108.2760000000003,0.8911870503597121
2084.53,735.2000000001863,4.003,3.422,4712.375,5660.38,9176.34,0.581,-0.000899281,2088.521999999989,0.8821942446043165
2041.12,683.2000000001863,3.986,3.457,4515.543999999762,5444.34,8952.67,0.5290000000000004,-0.000899281,2045.533999999977,0.8902877697841728
2106.72,752.3999999999069,3.997,3.414,4745.928,5696.33,8838.92,0.5829999999999997,-0.000899281,2111.322,0.8866906474820144
2088.0,731.2000000001863,3.994,3.422,4706.39,5660.39,8972.39,0.5720000000000001,-0.000899281,2097.6,0.9091726618705036
2105.0,753.0,3.998,3.416,4736.311999999918,5696.31,8845.77,0.5820000000000003,-0.000899281,2109.2,0.8857913669064749
2101.12,640.7999999998137,3.95,3.459,4623.513000000268,5588.31,9230.66,0.4910000000000001,-0.000899281,2105.625999999977,0.8857913669064749
2096.67,729.0,4.003,3.426,4738.759000000078,5696.36,9093.77,0.577,-0.000899281,2101.635999999977,0.8857913669064749
2064.0,714.3999999999069,4.002,3.434,4652.343999999575,5588.34,8972.34,0.5679999999999996,-0.000899281,2066.399999999977,0.8857913669064749
2070.14,618.3999999999069,3.957,3.465,4556.282000000123,5516.28,9070.59,0.492,-0.000899281,2075.18,0.8857913669064749
2081.66,733.6000000000931,4.002,3.44,4706.375,5660.38,9164.53,0.5619999999999998,-0.000899281,2085.8779999999883,0.8812949640287769
2100.16,740.3999999999069,4.001,3.423,4717.121000000276,5660.32,8882.59,0.5780000000000003,-0.000899281,2105.46,0.8902877697841728
2038.14,681.6000000000931,3.986,3.456,4508.359000000171,5444.36,8910.47,0.5300000000000002,-0.000899281,2043.1779999999767,0.8893884892086332
2099.36,710.3999999999069,3.98,3.432,4695.513000000268,5624.31,9138.72,0.548,-0.000899281,2103.9279999999767,0.8857913669064749
2060.58,722.3999999999069,3.993,3.427,4630.712999999989,5552.31,9045.11,0.5659999999999998,-0.000899281,2066.5239999999767,0.8911870503597121
2088.0,745.2000000001863,4.002,3.421,4717.159999999683,5660.36,8936.36,0.581,-0.000899281,2088.0,0.8830935251798561
2101.16,768.0,4.005,3.41,4745.866000000387,5696.27,8888.48,0.5949999999999998,-0.000899281,2105.206,0.8857913669064749
2077.8,728.0,3.998,3.431,4666.774999999907,5624.38,8969.92,0.5670000000000002,-0.000899281,2082.9439999999768,0.8857913669064749
2064.0,712.7999999998137,4.001,3.435,4640.327999999747,5588.33,8936.33,0.5660000000000003,-0.000899281,2064.0,0.8848920863309353
2058.31,718.3999999999069,3.993,3.428,4622.327999999747,5552.33,9046.38,0.565,-0.000899281,2063.8319999999767,0.8902877697841728
2075.14,724.0,3.998,3.431,4659.558999999892,5624.36,8992.97,0.5670000000000002,-0.000899281,2080.4099999999767,0.8848920863309353
2099.27,768.0,4.005,3.41,4736.311999999918,5696.31,8879.8,0.5949999999999998,-0.000899281,2103.172,0.8848920863309353
2067.23,616.0,3.956,3.466,4544.313000000082,5516.31,9061.5,0.4899999999999997,-0.000899281,2072.608,0.8848920863309353
2088.0,745.2000000001863,4.002,3.422,4706.312999999616,5660.31,8936.31,0.5799999999999996,-0.000899281,2088.0,0.8821942446043165
2094.02,729.6000000000931,4.003,3.427,4730.359000000171,5696.36,9077.73,0.5760000000000001,-0.000899281,2099.2179999999767,0.8848920863309353
2102.36,752.7999999998137,3.998,3.415,4731.559000000358,5696.36,8797.34,0.5830000000000002,-0.000899281,2106.958,0.8848920863309353
2096.83,712.7999999998137,3.98,3.433,4688.344000000041,5624.34,9108.55,0.5470000000000002,-0.000899281,2101.6999999999766,0.8848920863309353
2035.58,681.6000000000931,3.986,3.457,4501.160000000149,5444.36,8922.25,0.5290000000000004,-0.000899281,2040.7139999999767,0.8884892086330936
2098.37,738.3999999999069,4.001,3.424,4709.9199999999255,5660.32,8886.08,0.5770000000000004,-0.000899281,2102.912,0.889388489
2099.14,639.2000000001863,3.951,3.46,4623.450000000186,5588.25,9198.2,0.4910000000000001,-0.000899281,2103.365999999977,0.8848920863309353
2088.0,729.6000000000931,3.994,3.423,4700.36,5660.36,8961.89,0.5710000000000002,-0.000899281,2095.2,0.9082733812949642
2079.09,732.0,4.002,3.424,4700.344000000041,5660.34,9144.89,0.5779999999999998,-0.000899281,2084.095999999988,0.8803956834532374
2033.92,677.6000000000931,3.986,3.459,4490.327999999747,5444.33,8931.11,0.5270000000000001,-0.000899281,2038.3759999999768,0.887589928
2077.28,730.3999999999069,4.001,3.425,4688.280999999959,5660.28,9160.06,0.5760000000000005,-0.000899281,2081.951999999988,0.8794964028776977
2091.81,728.0,4.003,3.428,4718.280999999959,5696.28,9081.75,0.5750000000000002,-0.000899281,2096.7239999999765,0.8839928057553956
2095.03,708.7999999998137,3.98,3.433,4681.111999999732,5624.31,9136.16,0.5470000000000002,-0.000899281,2099.4659999999767,0.8839928057553956
2088.0,725.6000000000931,3.994,3.423,4694.359000000171,5624.36,8972.36,0.5710000000000002,-0.000899281,2092.8,0.9073741007194244
2100.56,748.7999999998137,3.997,3.416,4724.342999999877,5660.34,8810.97,0.581,-0.000899281,2104.804,0.8839928057553956
2096.92,639.2000000001863,3.95,3.462,4616.344000000041,5588.34,9187.7,0.488,-0.000899281,2101.1959999999767,0.8839928057553956
2095.59,734.3999999999069,4.001,3.425,4702.743,5660.34,8857.02,0.5760000000000005,-0.000899281,2100.462,0.8884892086330936
2076.0,741.6000000000931,4.002,3.423,4700.359000000171,5624.36,8936.36,0.5789999999999997,-0.000899281,2085.5999999999767,0.8812949640287769
2065.03,616.7875999999233,3.956,3.467,4537.174999999814,5480.38,9054.66,0.4889999999999999,-0.000899281,2070.06,0.8839928057553956
2096.92,764.0,4.004,3.411,4730.327999999747,5660.33,8851.17,0.5929999999999995,-0.000899281,2101.032,0.8839928057553956
2055.8,718.7999999998137,3.993,3.429,4616.36,5552.36,9031.72,0.5640000000000001,-0.000899281,2061.1299999999765,0.8893884892086332
2072.48,722.3999999999069,3.998,3.433,4652.468999999575,5588.47,8969.17,0.5650000000000004,-0.000899281,2077.759999999977,0.8839928057553956
2052.0,712.7999999998137,4.001,3.435,4634.359000000171,5588.36,8936.36,0.5660000000000003,-0.000899281,2061.5999999999767,0.8839928057553956
2031.59,678.0,3.986,3.459,4484.354333333205,5408.34,8924.73,0.5270000000000001,-0.000899281,2036.0699999999767,0.8866906474820144
2093.19,735.0,4.001,3.424,4695.589999999851,5660.39,8846.05,0.5770000000000004,-0.000899281,2098.044,0.887589928
2093.44,708.0,3.98,3.434,4673.944000000134,5624.34,9109.95,0.5459999999999998,-0.000899281,2097.303999999977,0.8830935251798561
2075.16,730.3855333332904,4.001,3.426,4688.344000000041,5660.34,9154.11,0.5750000000000002,-0.000899281,2079.5439999999885,0.8785971223021581
2088.0,725.6000000000931,3.995,3.424,4688.343000000343,5624.34,8972.34,0.5710000000000002,-0.000899281,2090.4,0.9064748201438848
2099.33,750.0,3.997,3.418,4717.143999999855,5660.34,8815.94,0.5789999999999997,-0.000899281,2102.7940000000003,0.8830935251798561
2095.2,637.2000000001863,3.95,3.462,4616.313000000082,5588.31,9203.73,0.488,-0.000899281,2099.0319999999765,0.8830935251798561
2090.08,726.0,4.003,3.428,4712.343999999575,5660.34,9072.73,0.5750000000000002,-0.000899281,2094.361999999977,0.8830935251798561
2071.08,722.3999999999069,3.997,3.433,4645.158999999985,5588.36,8959.69,0.5640000000000001,-0.000899281,2075.3939999999766,0.8830935251798561
2095.08,762.0,4.004,3.412,4724.312999999616,5660.31,8845.41,0.5919999999999996,-0.000899281,2099.076,0.8830935251798561
2083.8,741.6000000000931,4.002,3.424,4694.327999999747,5624.33,8900.33,0.5779999999999998,-0.000899281,2084.759999999977,0.8803956834532374
2063.27,616.7999999998137,3.957,3.468,4529.9280000003055,5480.33,9038.28,0.4889999999999999,-0.000899281,2067.624,0.8830935251798561
2054.2,716.7999999998137,3.993,3.43,4604.219000000041,5552.22,9046.23,0.5629999999999997,-0.000899281,2058.601999999976,0.8884892086330936
2052.0,712.7999999998137,4.001,3.435,4623.544000000227,5552.34,8936.34,0.5660000000000003,-0.000899281,2059.1999999999766,0.8830935251798561
2029.69,676.0,3.986,3.459,4472.36,5408.36,8920.83,0.5270000000000001,-0.000899281,2033.783999999977,0.8857913669064749
2091.2,736.7999999998137,4.001,3.425,4688.328000000212,5624.33,8845.25,0.5760000000000005,-0.000899281,2095.702,0.8866906474820144
2064.0,722.3999999999069,3.998,3.433,4637.9590000002645,5588.36,9001.5,0.5650000000000004,-0.000899281,2072.0999999999767,0.8821942446043165
2051.75,715.2000000001863,3.993,3.43,4598.343999999575,5552.34,9010.27,0.5629999999999997,-0.000899281,2056.1279999999765,0.887589928
2061.31,612.7999999998137,3.956,3.468,4522.711999999825,5480.31,9030.17,0.488,-0.000899281,2065.396,0.8821942446043165
2093.73,764.3999999999069,4.005,3.412,4718.359000000171,5660.36,8843.59,0.593,-0.000899281,2097.232,0.8821942446043165
2093.69,637.6000000000931,3.95,3.462,4609.158999999985,5588.36,9188.36,0.488,-0.000899281,2097.2139999999767,0.8821942446043165
2073.2,730.7999999998137,4.001,3.425,4681.174999999814,5624.38,9133.59,0.5760000000000005,-0.000899281,2077.2779999999884,0.8776978417266188
2076.0,741.6000000000931,4.002,3.424,4688.342999999877,5624.34,8900.34,0.5779999999999998,-0.000899281,2082.3599999999765,0.8794964028776977
2052.0,708.7999999998137,4.001,3.437,4616.343999999575,5552.34,8936.34,0.5640000000000005,-0.000899281,2056.7999999999765,0.8821942446043165
2097.86,750.0,3.998,3.418,4712.328000000212,5660.33,8811.02,0.5800000000000001,-0.000899281,2101.022,0.8821942446043165
2088.0,726.0,3.994,3.424,4682.344000000041,5624.34,8972.34,0.5700000000000003,-0.000899281,2088.0,0.9055755395683454
2091.72,709.2000000001863,3.979,3.435,4666.743999999948,5624.34,9099.3,0.544,-0.000899281,2095.275999999977,0.8821942446043165
2088.2,726.3999999999069,4.003,3.429,4709.9590000002645,5660.36,9065.83,0.5740000000000003,-0.000899281,2092.1559999999768,0.8821942446043165
2092.0,762.3999999999069,4.005,3.429,4712.280999999959,5660.28,8834.27,0.5760000000000001,-0.000899281,2095.4,0.8812949640287769
2052.0,708.7999999998137,4.002,3.436,4610.358999999706,5552.36,8938.02,0.5659999999999998,-0.000899281,2054.399999999977,0.8812949640287769
2076.0,737.6000000000931,4.002,3.424,4681.128,5624.33,8936.33,0.5779999999999998,-0.000899281,2079.9599999999764,0.8785971223021584
2059.33,613.2000000001863,3.956,3.468,4515.543000000063,5480.34,9029.02,0.488,-0.000899281,2063.234,0.8812949640287769
2096.45,751.2000000001863,3.998,3.418,4706.327999999747,5660.33,8800.27,0.5800000000000001,-0.000899281,2099.3120000000004,0.8812949640287769
2090.05,707.2000000001863,3.979,3.434,4664.359000000171,5624.36,9120.52,0.5449999999999999,-0.000899281,2093.413999999977,0.8812949640287769
2089.0,732.7999999998137,4.001,3.426,4681.049999999814,5624.25,8839.94,0.5750000000000002,-0.000899281,2093.47,0.8857913669064749
2092.25,637.6000000000931,3.95,3.462,4601.913000000175,5588.31,9191.84,0.488,-0.000899281,2095.4399999999764,0.8812949640287769
2086.09,722.3999999999069,4.003,3.429,4702.7599999997765,5660.36,9047.88,0.5740000000000003,-0.000899281,2090.0399999999768,0.8812949640287769
2088.0,726.0,3.995,3.424,4676.358999999706,5624.36,8972.36,0.5710000000000002,-0.000899281,2088.0,0.9046762589928058
2028.73,676.0,3.986,3.458,4472.218000000343,5408.22,8932.92,0.528,-0.000899281,2031.9019999999769,0.8848920863309353
2067.0,718.3999999999069,3.998,3.433,4630.759000000078,5588.36,8954.62,0.5650000000000004,-0.000899281,2069.939999999977,0.8812949640287769
2050.05,715.2000000001863,3.993,3.43,4592.36,5516.36,9004.97,0.5629999999999997,-0.000899281,2054.0219999999767,0.8866906474820144
2071.2,728.7999999998137,4.001,3.427,4676.280999999959,5624.28,9115.91,0.5740000000000003,-0.000899281,2075.1859999999883,0.8767985611510791
2094.38,747.2000000001863,3.998,3.418,4702.759000000078,5660.36,8763.66,0.5800000000000001,-0.000899281,2097.716,0.8803956834532374
2087.88,705.6000000000931,3.979,3.435,4659.465000000317,5624.27,9075.81,0.544,-0.000899281,2091.623999999977,0.8803956834532374
2064.89,718.7999999998137,3.997,3.434,4628.311999999918,5588.31,8929.56,0.5629999999999997,-0.000899281,2067.8899999999767,0.8803956834532374
2088.0,726.0,3.995,3.426,4673.943999999668,5624.34,8972.34,0.569,-0.000899281,2088.0,0.9037769784172662
2089.83,636.0,3.95,3.462,4601.912999999709,5588.36,9173.28,0.488,-0.000899281,2093.577999999977,0.8803956834532374
2084.31,723.0,4.002,3.43,4695.512,5660.31,9063.48,0.5719999999999996,-0.000899281,2088.0979999999768,0.8803956834532374
2026.66,676.0206666663289,3.986,3.459,4465.143999999389,5408.34,8908.92,0.5270000000000001,-0.000899281,2030.1179999999767,0.8839928057553956
2057.19,611.2000000001863,3.956,3.469,4514.328000000212,5480.33,9008.94,0.4870000000000001,-0.000899281,2061.226,0.8803956834532374
2052.0,708.7999999998137,4.002,3.437,4604.375,5552.38,8936.38,0.565,-0.000899281,2052.0,0.8803956834532374
2068.98,727.2000000001863,4.0,3.427,4670.375,5624.38,9099.22,0.573,-0.000899281,2073.1639999999884,0.8758992805755396
2048.19,715.2000000001863,3.993,3.43,4586.219000000041,5516.22,9003.55,0.5629999999999997,-0.000899281,2051.997999999977,0.8857913669064749
2090.69,762.3999999999069,4.005,3.412,4709.833999999799,5660.23,8841.16,0.593,-0.000899281,2093.684,0.8803956834532374
2076.0,737.6000000000931,4.002,3.425,4673.943000000436,5624.34,8936.77,0.577,-0.000899281,2077.5599999999768,0.8776978417266186
2086.91,732.0,4.001,3.427,4673.959,5624.36,8834.91,0.5740000000000003,-0.000899281,2091.178,0.8848920863309353
2085.61,701.6000000000931,3.979,3.436,4652.344000000041,5588.34,9085.95,0.5430000000000001,-0.000899281,2089.739999999977,0.8794964028776977
2062.38,716.7999999998137,3.998,3.434,4616.344000000041,5552.34,8912.73,0.5640000000000001,-0.000899281,2065.8699999999767,0.8794964028776977
2093.12,745.2000000001863,3.997,3.418,4700.327999999747,5660.33,8796.61,0.5789999999999997,-0.000899281,2096.228,0.8794964028776977
2076.0,738.0,4.002,3.425,4666.712999999989,5588.31,8900.31,0.577,-0.000899281,2077.5599999999768,0.8767985611510791
2089.28,763.0,4.005,3.412,4702.852999999654,5660.45,8840.7,0.593,-0.000899281,2092.156,0.8794964028776977
2076.0,720.0,3.995,3.426,4664.328999999911,5624.33,8936.33,0.569,-0.000899281,2085.6,0.9028776978417266
2025.09,676.0,3.986,3.46,4457.912000000011,5408.31,8917.22,0.5260000000000002,-0.000899281,2028.351999999977,0.8830935251798561
2081.41,718.7999999998137,4.002,3.43,4694.311999999918,5660.31,9045.89,0.5719999999999996,-0.000899281,2086.017999999977,0.8794964028776977
2086.84,632.3999999999069,3.949,3.463,4594.711999999825,5552.31,9149.98,0.4859999999999997,-0.000899281,2091.5619999999767,0.8794964028776977
2084.55,731.2000000001863,4.001,3.426,4666.712999999989,5624.31,8807.3,0.5750000000000002,-0.000899281,2088.9700000000003,0.8839928057553956
2052.77,707.2000000001863,4.001,3.437,4598.375,5552.38,8936.38,0.5640000000000005,-0.000899281,2052.153999999977,0.8794964028776977
2065.19,721.6000000000931,3.999,3.428,4664.343000000343,5624.34,9108.28,0.5710000000000002,-0.000899281,2070.7459999999883,0.875
2046.05,713.0,3.993,3.432,4580.311999999918,5516.31,9014.11,0.5609999999999999,-0.000899281,2050.0479999999766,0.8848920863309353
2054.41,609.6000000000931,3.956,3.469,4508.358999999706,5444.36,8966.09,0.4870000000000001,-0.000899281,2059.102,0.8794964028776977
2056.84,604.8130000005476,3.968,3.683,4452.344000000041,5432.0,9017.19,0.2850000000000001,-0.000899281,2057.816,0.8785971223021584
2078.41,729.5939999995753,4.014,3.675,4620.437000000384,5579.0,8981.47,0.3390000000000004,-0.000899281,2076.481999999977,0.8758992805755396
2094.0,753.5930000003427,4.014,3.666,4648.438000000082,5621.0,8896.56,0.3480000000000003,-0.000899281,2091.94,0.8785971223021584
2064.84,705.5939999995753,4.009,3.683,4564.375,5537.0,8970.84,0.3260000000000005,-0.000899281,2064.6219999999767,0.8785971223021581
2095.22,703.2189999995753,3.994,3.767,4627.375,5600.38,9112.78,0.2270000000000003,-0.000899281,2090.095999999977,0.8785971223021584
2090.38,715.2189999995753,4.006,3.763,4613.0,5586.03,9023.03,0.2430000000000003,-0.000899281,2086.076,0.901978417
2097.53,739.187,4.006,3.758,4655.375,5621.38,8900.03,0.2480000000000002,-0.000899281,2095.868,0.8785971223021584
2054.09,710.4060000004247,4.007,3.685,4543.375,5495.0,8999.78,0.3219999999999996,-0.000899281,2050.025999999977,0.8839928057553956
2059.22,703.187,4.016,3.77,4556.968999999575,5523.0,8974.0,0.246,-0.000899281,2053.5979999999768,0.8785971223021584
2070.62,720.0,4.013,3.677,4613.343999999575,5586.03,9190.53,0.3359999999999998,-0.000899281,2069.8379999999884,0.8741007194244604
2083.19,731.2000000001863,4.001,3.427,4659.512000000104,5624.31,8812.31,0.5740000000000003,-0.000899281,2086.97,0.8830935251798561
2022.89,674.3999999999069,3.985,3.459,4450.758999999613,5372.36,8902.25,0.5259999999999998,-0.000899281,2026.611999999977,0.8821942446043165
2097.56,631.187,3.964,3.676,4557.343999999575,5544.0,9207.5,0.2879999999999998,-0.000899281,2092.033999999977,0.8785971223021584
2087.38,715.2179999998771,4.015,3.675,4648.344000000041,5628.0,9105.66,0.3399999999999998,-0.000899281,2085.4779999999764,0.8785971223021584
2052.47,709.6000000000931,3.992,3.765,4550.375,5480.38,9051.47,0.2269999999999998,-0.000899281,2050.169999999977,0.8830935251798561
2076.0,731.2000000001863,3.999,3.758,4616.343000000343,5552.34,8972.34,0.2410000000000001,-0.000899281,2076.481999999977,0.875
2031.72,674.4060000004247,3.998,3.681,4410.406000000425,5369.0,8941.12,0.3170000000000001,-0.000899281,2027.0179999999768,0.8812949640287769
2056.22,606.3999999999069,3.953,3.778,4443.543999999762,5408.34,9037.5,0.1749999999999998,-0.000899281,2056.798,0.8776978417266186
2052.0,705.0,4.0,3.763,4565.944,5516.34,9008.34,0.2370000000000001,-0.000899281,2053.5979999999768,0.8776978417266186
2071.78,720.0,3.998,3.762,4622.343999999575,5588.34,9120.84,0.2360000000000002,-0.000899281,2069.5539999999883,0.8732014388489209
2086.5,717.6000000000931,4.0,3.755,4652.342999999877,5624.34,9063.12,0.2450000000000001,-0.000899281,2085.1379999999767,0.8776978417266186
2095.72,632.0,3.949,3.768,4573.143999999389,5552.34,9222.75,0.181,-0.000899281,2092.439999999977,0.8776978417266186
2088.0,715.2000000001863,3.991,3.755,4616.344000000507,5588.34,9044.34,0.2360000000000002,-0.000899281,2086.076,0.9010791366906474
2081.8,727.2000000001863,4.001,3.428,4652.312000000384,5588.31,8816.34,0.5730000000000004,-0.000899281,2085.09,0.8821942446043165
2092.16,754.3999999999069,4.0,3.752,4646.311999999918,5624.31,8928.56,0.2480000000000002,-0.000899281,2091.626,0.8776978417266186
2094.88,741.0,3.992,3.752,4645.111999999732,5588.31,8855.25,0.2400000000000002,-0.000899281,2095.272,0.8776978417266186
2064.81,708.0,3.995,3.765,4556.343000000343,5516.34,9002.66,0.2299999999999999,-0.000899281,2064.783999999977,0.8776978417266188
2093.47,705.6000000000931,3.978,3.757,4630.7440000004135,5588.34,9112.81,0.221,-0.000899281,2090.4459999999767,0.8776978417266186
2084.88,715.2000000001863,4.001,3.433,4700.313000000082,5660.31,9071.31,0.5680000000000005,-0.000899281,2084.8959999999765,0.8767985611510791
2065.88,712.7999999998137,3.997,3.438,4610.343999999575,5552.34,8964.0,0.5589999999999997,-0.000899281,2064.5599999999768,0.8767985611510791
2089.97,704.0,3.978,3.436,4670.359499999788,5624.34,9098.34,0.5420000000000003,-0.000899281,2090.4299999999766,0.8767985611510791
2091.81,634.3999999999069,3.949,3.464,4609.111999999732,5588.31,9199.03,0.4849999999999999,-0.000899281,2092.3519999999767,0.8767985611510791
2079.97,727.2000000001863,4.001,3.427,4652.281000000425,5588.28,8807.45,0.5740000000000003,-0.000899281,2083.284,0.8812949640287769
2029.72,675.2000000001863,3.983,3.769,4414.743999999482,5372.34,8960.94,0.2139999999999999,-0.000899281,2027.2159999999767,0.8803956834532374
2093.72,759.0,4.004,3.415,4702.7440000004135,5660.34,8858.41,0.5889999999999995,-0.000899281,2091.9700000000003,0.8767985611510791
2050.16,711.6000000000931,3.992,3.431,4587.575000000186,5516.38,9031.53,0.5609999999999999,-0.000899281,2050.1919999999764,0.8821942446043165
2064.0,724.0,3.999,3.431,4670.375,5624.38,9106.56,0.5680000000000001,-0.000899281,2068.113999999988,0.8723021582733814
2052.0,707.2000000001863,4.001,3.438,4604.375,5552.38,8936.38,0.5630000000000002,-0.000899281,2053.5979999999768,0.8767985611510791
2055.66,612.0,3.954,3.473,4501.143999999389,5444.34,8991.53,0.4810000000000003,-0.000899281,2056.064,0.8767985611510791
2076.0,736.0,4.002,3.429,4666.618999999482,5588.22,8936.22,0.573,-0.000899281,2076.481999999977,0.8741007194244604
2098.19,747.0155000002123,3.997,3.423,4695.575000000186,5624.38,8830.78,0.5739999999999998,-0.000899281,2095.62,0.8767985611510791
2088.0,722.3999999999069,3.994,3.429,4666.743999999482,5624.34,8972.34,0.5650000000000004,-0.000899281,2086.076,0.9001798561151079
2086.75,704.3999999999069,3.978,3.437,4659.543000000529,5624.34,9080.34,0.5410000000000004,-0.000899281,2090.2039999999765,0.8758992805755396
2029.28,674.3999999999069,3.985,3.462,4466.343999999575,5408.34,8943.75,0.5229999999999997,-0.000899281,2027.7399999999768,0.8794964028776977
2075.97,722.3999999999069,3.993,3.428,4670.343000000343,5624.34,8936.34,0.565,-0.000899281,2083.67,0.8992805755395683
2081.91,715.2000000001863,4.001,3.432,4695.544000000693,5660.34,9060.28,0.5690000000000004,-0.000899281,2084.4159999999765,0.8758992805755396
2088.09,630.3999999999069,3.948,3.464,4594.712999999989,5552.31,9200.91,0.484,-0.000899281,2092.0039999999767,0.8758992805755396
2078.72,727.2000000001863,4.001,3.428,4645.191000000108,5588.39,8820.2,0.5730000000000004,-0.000899281,2081.646,0.8803956834532374
2062.31,715.2000000001863,3.997,3.435,4616.343999999575,5552.34,8934.06,0.5619999999999998,-0.000899281,2064.043999999977,0.8758992805755396
2095.59,745.2000000001863,3.997,3.418,4702.711999999359,5660.31,8812.5,0.5789999999999997,-0.000899281,2095.862,0.8758992805755396
2076.0,732.0,4.002,3.427,4670.375,5624.38,8900.38,0.5749999999999997,-0.000899281,2076.481999999977,0.8732014388489209
2091.19,759.0,4.004,3.412,4709.943999999668,5660.34,8839.16,0.5919999999999996,-0.000899281,2092.07,0.8758992805755396
2046.31,709.6000000000931,3.992,3.431,4580.343999999575,5516.34,8971.09,0.5609999999999999,-0.000899281,2049.815999999976,0.8812949640287769
2053.09,608.0,3.955,3.471,4501.144,5444.34,9002.19,0.484,-0.000899281,2055.244,0.8758992805755396
2052.0,703.2000000001863,4.001,3.437,4601.975000000093,5552.38,8936.38,0.5640000000000005,-0.000899281,2053.5979999999768,0.8758992805755396
2065.97,720.0,3.998,3.43,4664.343999999575,5624.34,9159.69,0.5680000000000001,-0.000899281,2067.5119999999883,0.8714028776978416
2079.44,717.6000000000931,4.001,3.433,4688.344000000041,5660.34,9031.69,0.5680000000000005,-0.000899281,2084.0219999999767,0.875
2085.47,628.7999999998137,3.948,3.466,4587.575000000186,5552.38,9170.72,0.4819999999999997,-0.000899281,2091.729999999977,0.875
2076.91,729.6000000000931,4.001,3.427,4640.359000000637,5588.36,8797.52,0.5740000000000003,-0.000899281,2080.118,0.8794964028776977
2076.0,719.0,3.994,3.427,4659.575000000186,5624.38,8936.38,0.5670000000000002,-0.000899281,2083.67,0.8983812949640289
2089.06,760.7813999997452,4.004,3.412,4700.375,5660.38,8857.78,0.5919999999999996,-0.000899281,2092.026,0.875
2084.06,702.3999999999069,3.978,3.438,4652.343999999575,5588.34,9074.25,0.54,-0.000899281,2089.893999999977,0.875
2064.0,734.3999999999069,4.002,3.428,4658.311999999918,5588.31,8936.31,0.5739999999999998,-0.000899281,2074.0819999999767,0.8723021582733812
2026.59,674.3999999999069,3.985,3.46,4465.112999999896,5408.31,8959.81,0.5249999999999999,-0.000899281,2028.0399999999768,0.8785971223021584
2063.62,718.3999999999069,3.998,3.431,4652.25,5624.25,9160.12,0.5670000000000002,-0.000899281,2067.197999999988,0.8705035971223023
2040.0,703.2000000001863,4.001,3.438,4587.543999999762,5516.34,8936.34,0.5630000000000002,-0.000899281,2051.043999999977,0.875
2050.38,608.0,3.955,3.471,4490.343999999575,5444.34,8983.53,0.484,-0.000899281,2054.438,0.875
2043.75,708.0,3.992,3.433,4568.343000000343,5516.34,9010.88,0.5590000000000002,-0.000899281,2049.3559999999766,0.8803956834532374
2093.19,745.6000000000931,3.997,3.418,4695.543999999762,5660.34,8819.94,0.5789999999999997,-0.000899281,2095.876,0.875
2060.28,711.2000000001863,3.997,3.436,4609.143999999389,5552.34,8948.22,0.5609999999999999,-0.000899281,2063.6239999999766,0.875
2064.0,728.3999999999069,4.002,3.428,4652.313000000082,5588.31,8936.31,0.5739999999999998,-0.000899281,2071.1999999999766,0.8714028776978419
2078.66,717.5930000003427,4.01,3.68,4592.375,5558.0,8897.53,0.3299999999999996,-0.000899281,2079.2120000000004,0.8785971223021581
2040.0,701.6000000000931,4.001,3.439,4580.281999999657,5516.28,8900.28,0.5620000000000003,-0.000899281,2047.1999999999769,0.8741007194244604
2041.06,708.0,3.992,3.432,4558.868999999482,5480.47,8990.69,0.56,-0.000899281,2046.7499999999768,0.8794964028776977
2023.53,672.7999999998137,3.984,3.46,4457.943000000436,5408.34,8931.88,0.524,-0.000899281,2028.1679999999767,0.8776978417266186
2047.41,606.3999999999069,3.954,3.472,4479.544000000227,5444.34,8951.03,0.4820000000000002,-0.000899281,2052.552,0.8741007194244604
2086.59,758.0,4.004,3.415,4694.25,5624.25,8840.78,0.5889999999999995,-0.000899281,2090.544,0.8741007194244604
2083.59,631.2000000001863,3.948,3.465,4580.311999999918,5552.31,9182.81,0.4830000000000001,-0.000899281,2088.935999999977,0.8741007194244604
2076.53,714.0,4.001,3.433,4681.049999999814,5624.25,9043.97,0.5680000000000005,-0.000899281,2081.8519999999767,0.8741007194244604
2081.19,700.7999999998137,3.977,3.438,4645.112999999896,5588.31,9065.0,0.5389999999999997,-0.000899281,2087.0879999999765,0.8741007194244604
2057.62,709.0,3.997,3.438,4598.375,5552.38,8967.38,0.5589999999999997,-0.000899281,2062.1799999999766,0.8741007194244604
2060.47,716.7999999998137,3.998,3.431,4645.174999999814,5588.38,9123.0,0.5670000000000002,-0.000899281,2065.1679999999883,0.8696043165467626
2076.0,718.7999999998137,3.993,3.428,4652.311999999918,5588.31,8972.31,0.565,-0.000899281,2080.7940000000003,0.8974820143884891
2091.0,741.6000000000931,3.997,3.419,4690.594000000507,5626.59,8834.28,0.5779999999999998,-0.000899281,2094.5700000000006,0.8741007194244604
2055.0,705.6000000000931,3.997,3.437,4592.438000000082,5552.44,8941.34,0.56,-0.000899281,2060.2179999999767,0.8732014388489209
2076.0,719.2000000001863,3.993,3.428,4645.080999999307,5588.28,8936.28,0.565,-0.000899281,2078.394,0.8965827338129497
2088.66,744.0,3.996,3.42,4682.344000000041,5624.34,8825.12,0.5760000000000001,-0.000899281,2093.326,0.8732014388489209
2058.25,714.0,3.998,3.432,4634.343999999575,5588.34,9116.34,0.5660000000000003,-0.000899281,2062.461999999988,0.8687050359712231
2073.66,712.0,4.0,3.435,4670.281000000425,5624.28,9020.41,0.565,-0.000899281,2079.283999999977,0.8732014388489209
2077.22,717.6000000000931,3.996,3.76,4574.344000000507,5516.34,8858.62,0.2360000000000002,-0.000899281,2078.296,0.8776978417266188
2064.0,728.7999999998137,4.001,3.43,4640.311999999918,5588.31,8902.0,0.5710000000000002,-0.000899281,2068.7999999999765,0.8705035971223023
2082.0,631.2000000001863,3.948,3.465,4573.174999999814,5552.38,9187.94,0.4830000000000001,-0.000899281,2086.1919999999764,0.8732014388489209
2078.75,696.7999999998137,3.977,3.439,4634.344000000507,5588.34,9047.0,0.5379999999999998,-0.000899281,2084.1439999999766,0.8732014388489209
2039.06,706.3999999999069,3.992,3.433,4550.313000000082,5480.31,9013.72,0.5590000000000002,-0.000899281,2044.0679999999768,0.8785971223021584
2040.0,699.6000000000931,4.001,3.439,4573.144,5516.34,8936.34,0.5620000000000003,-0.000899281,2044.7999999999768,0.8732014388489209
2040.0,602.3999999999069,3.954,3.472,4472.218999999575,5444.22,8972.78,0.4820000000000002,-0.000899281,2049.308,0.8732014388489209
2084.28,757.2000000001863,4.004,3.414,4682.343999999575,5624.34,8842.62,0.5899999999999994,-0.000899281,2088.968,0.8732014388489209
11.75,40.51724137924612,3.057,3.437,122.18181818164884,8.0,8.41,-0.38,-0.000899281,1624.1739999999768,0.8767985611510791
2040.0,697.6000000000931,4.001,3.44,4565.975000000093,5516.38,8936.38,0.5610000000000004,-0.000899281,2042.399999999977,0.8723021582733812
2056.31,715.2309999996796,3.997,3.432,4630.731600000523,5588.31,9098.22,0.565,-0.000899281,2060.923999999988,0.8678057553956835
2086.78,744.0,3.996,3.42,4674.006000000518,5624.41,8821.03,0.5760000000000001,-0.000899281,2091.044,0.8723021582733812
2076.41,696.7999999998137,3.976,3.439,4628.343999999575,5588.34,9003.78,0.5369999999999999,-0.000899281,2081.4319999999766,0.8723021582733812
2043.12,602.3999999999069,3.954,3.473,4465.144,5408.34,8962.78,0.4810000000000003,-0.000899281,2046.8,0.8723021582733812
2082.16,755.2000000001863,4.004,3.414,4676.311999999918,5624.31,8817.47,0.5899999999999994,-0.000899281,2086.656,0.8723021582733812
2076.0,715.2000000001863,3.993,3.43,4637.913000000175,5588.31,8900.31,0.5629999999999997,-0.000899281,2075.994,0.895683453
2080.81,627.2000000001863,3.947,3.466,4565.944,5516.34,9180.91,0.4809999999999998,-0.000899281,2083.9919999999765,0.8723021582733812
2072.22,708.0,4.0,3.436,4664.25,5624.25,9024.75,0.5640000000000001,-0.000899281,2076.7519999999768,0.8723021582733812
2036.84,704.3999999999069,3.992,3.434,4544.313000000082,5480.31,8995.0,0.5579999999999998,-0.000899281,2041.4039999999768,0.8776978417266186
2064.0,726.0,4.002,3.429,4630.649999999907,5552.25,8864.25,0.573,-0.000899281,2066.399999999977,0.8696043165467625
2080.69,725.6000000000931,3.999,3.433,4634.343999999575,5588.34,8807.22,0.5660000000000003,-0.000899281,2078.44,0.8767985611510791
2021.16,672.7999999998137,3.985,3.458,4508.375,5444.38,8996.56,0.5269999999999997,-0.000899281,1622.4619999999766,0.8758992805755396
2052.66,708.0,3.997,3.439,4580.375,5516.38,8929.16,0.5579999999999998,-0.000899281,2057.5739999999764,0.8723021582733814
2041.28,604.0,3.954,3.474,4457.975000000093,5408.38,8934.28,0.48,-0.000899281,2044.438,0.8714028776978419
2076.0,715.2000000001863,3.993,3.43,4630.7440000004135,5588.34,8900.34,0.5629999999999997,-0.000899281,2076.0,0.8947841726618705
2035.16,702.3999999999069,3.992,3.435,4537.174999999814,5480.38,9008.78,0.5569999999999999,-0.000899281,2039.1739999999768,0.8767985611510791
2080.94,755.2000000001863,4.004,3.415,4670.343000000343,5624.34,8821.78,0.5889999999999995,-0.000899281,2084.606,0.8714028776978419
2050.84,708.0,3.997,3.439,4574.344000000507,5516.34,8910.97,0.5579999999999998,-0.000899281,2055.279999999977,0.8714028776978416
2079.59,628.0,3.947,3.466,4565.975000000093,5516.38,9163.28,0.4809999999999998,-0.000899281,2082.2919999999767,0.8714028776978419
8.69,39.48636363586411,3.043,3.44,127.82899997010828,8.0,8.0,-0.397,-0.000899281,1665.8199999999767,0.8714028776978419
2064.0,724.7999999998137,4.002,3.429,4623.575000000186,5552.38,8900.38,0.573,-0.000899281,2064.0,0.8687050359712231
2079.28,725.6000000000931,4.0,3.429,4645.143999999389,5588.34,8828.72,0.5710000000000002,-0.000899281,2078.552,0.8758992805755396
2018.66,671.2000000001863,3.984,3.461,4436.343999999575,5372.34,8934.5,0.5230000000000001,-0.000899281,1620.3379999999763,0.875
2070.38,710.3999999999069,4.0,3.436,4658.311999999918,5624.31,9017.56,0.5640000000000001,-0.000899281,2074.4459999999767,0.8714028776978419
2055.03,715.2000000001863,3.997,3.433,4623.575000000186,5588.38,9110.94,0.5640000000000001,-0.000899281,2058.7359999999885,0.8669064748201439
2040.0,700.0,4.001,3.44,4558.7440000004135,5480.34,8900.34,0.5610000000000004,-0.000899281,2040.0,0.8714028776978419
2084.91,740.0,3.996,3.42,4670.313000000082,5624.31,8777.88,0.5760000000000001,-0.000899281,2088.908,0.8714028776978419
2079.16,757.0,4.004,3.415,4666.743999999482,5624.34,8809.34,0.5889999999999995,-0.000899281,2082.626,0.8705035971223023
2075.38,717.0,3.993,3.429,4628.311999999918,5588.31,8936.31,0.5640000000000001,-0.000899281,2075.876,0.8938848920863309
2083.31,740.3999999999069,3.996,3.421,4664.344000000041,5624.34,8782.19,0.5750000000000002,-0.000899281,2086.932,0.8705035971223023
2040.0,696.0,4.001,3.44,4556.281000000425,5480.28,8936.28,0.5610000000000004,-0.000899281,2040.0,0.8705035971223023
2016.75,671.2000000001863,3.984,3.462,4430.311999999918,5372.34,8935.22,0.5219999999999998,-0.000899281,1618.3699999999767,0.8741007194244604
2076.56,723.6000000000931,4.0,3.429,4637.913000000175,5588.31,8812.88,0.5710000000000002,-0.000899281,2078.482,0.875
2068.22,707.0,4.0,3.437,4652.342999999877,5624.34,9015.88,0.5630000000000002,-0.000899281,2072.2019999999766,0.8705035971223023
2052.91,713.6000000000931,3.997,3.433,4622.375,5588.38,9079.19,0.5640000000000001,-0.000899281,2056.5939999999887,0.8660071942446044
2048.66,704.0,3.997,3.439,4568.311999999918,5516.31,8891.5,0.5579999999999998,-0.000899281,2052.9559999999765,0.8705035971223023
2052.0,727.2000000001863,4.002,3.43,4622.218000000343,5552.22,8900.22,0.5719999999999996,-0.000899281,2061.5999999999767,0.8678057553956835
2039.94,604.7999999998137,3.954,3.474,4450.713000000455,5408.31,8963.12,0.48,-0.000899281,2042.35,0.8705035971223023
2078.31,629.6000000000931,3.947,3.465,4558.7440000004135,5516.34,9169.75,0.4820000000000002,-0.000899281,2080.859999999977,0.8705035971223023
2033.06,703.0,3.992,3.434,4532.375,5480.38,8972.84,0.5579999999999998,-0.000899281,2037.0359999999769,0.8758992805755396
2075.22,697.2000000001863,3.977,3.434,4676.311999999918,5624.31,9065.47,0.5429999999999997,-0.000899281,1664.0519999999767,0.8705035971223023
2051.09,712.0,3.996,3.451,4616.343000000343,5588.34,9109.69,0.5449999999999999,-0.000899281,2054.7179999999885,0.8651079136690647
2037.31,600.7999999998137,3.954,3.475,4448.344000000507,5408.34,8945.94,0.4790000000000001,-0.000899281,2040.33,0.8696043165467625
2046.19,704.3999999999069,3.997,3.439,4562.343000000343,5516.34,8877.88,0.5579999999999998,-0.000899281,2050.669999999977,0.8696043165467626
2052.0,725.0,4.002,3.43,4616.344000000507,5552.34,8864.34,0.5719999999999996,-0.000899281,2059.1999999999766,0.8669064748201439
2074.47,726.0,4.0,3.429,4630.743,5588.34,8809.44,0.5710000000000002,-0.000899281,2077.644,0.8741007194244604
2074.12,697.2000000001863,3.977,3.44,4616.344000000507,5552.34,9047.72,0.5369999999999999,-0.000899281,1662.6379999999765,0.8696043165467625
2065.72,704.7999999998137,4.0,3.437,4645.205999999773,5588.41,9017.0,0.5630000000000002,-0.000899281,2070.0399999999763,0.8696043165467625
2077.59,753.6000000000931,4.003,3.415,4659.575000000186,5624.38,8813.59,0.5880000000000001,-0.000899281,2080.826,0.8696043165467625
2064.0,713.6000000000931,3.993,3.431,4622.311999999918,5552.31,8900.31,0.5619999999999998,-0.000899281,2073.476,0.8929856115107914
2076.28,627.6000000000931,3.947,3.466,4551.575000000186,5516.38,9168.16,0.4809999999999998,-0.000899281,2079.397999999977,0.8696043165467625
2014.25,669.5744000002742,3.983,3.462,4424.375,5372.38,8892.31,0.5209999999999999,-0.000899281,1616.5139999999767,0.8732014388489209
2030.34,700.7999999998137,3.992,3.435,4522.711999999825,5444.31,8967.38,0.5569999999999999,-0.000899281,2034.8919999999769,0.875
2028.0,696.0,4.001,3.44,4550.343999999575,5480.34,8936.34,0.5610000000000004,-0.000899281,2037.5999999999767,0.8696043165467625
2081.56,741.0,3.996,3.421,4658.342999999877,5588.34,8806.88,0.5750000000000002,-0.000899281,2085.044,0.8696043165467625
2028.0,694.3999999999069,4.0,3.441,4544.405999999493,5480.41,8900.41,0.5590000000000002,-0.000899281,2035.1999999999769,0.8687050359712231
2078.72,738.0,3.996,3.421,4652.313000000082,5588.31,8777.91,0.5750000000000002,-0.000899281,2083.056,0.8687050359712231
2049.22,712.0,3.996,3.434,4609.143999999389,5552.34,9077.41,0.5619999999999998,-0.000899281,2052.9119999999884,0.8642086330935251
2012.88,669.6000000000931,3.984,3.461,4421.975000000093,5336.38,8907.38,0.5230000000000001,-0.000899281,2016.7399999999768,0.8723021582733812
2064.0,712.0,3.992,3.431,4616.313000000082,5552.31,8900.31,0.5609999999999999,-0.000899281,2071.076,0.8920863309352518
2074.59,627.6000000000931,3.947,3.467,4544.25,5516.25,9160.19,0.48,-0.000899281,2077.915999999977,0.8687050359712231
2075.06,752.0,4.003,3.416,4652.25,5588.25,8802.81,0.5870000000000002,-0.000899281,2078.982,0.8687050359712231
2062.38,703.2000000001863,3.998,3.438,4634.312000000384,5588.31,8977.62,0.56,-0.000899281,2067.7839999999765,0.8687050359712231
2071.62,720.0,4.0,3.431,4623.606000000611,5588.41,8778.0,0.569,-0.000899281,2076.524,0.8732014388489209
2043.78,700.7999999998137,3.996,3.441,4551.513000000268,5516.31,8890.97,0.5550000000000002,-0.000899281,2048.4259999999767,0.8687050359712231
2071.41,693.6000000000931,3.976,3.44,4610.313000000082,5552.31,9021.38,0.536,-0.000899281,1661.1699999999764,0.8687050359712231
2034.53,600.0,3.953,3.475,4436.344000000041,5408.34,8960.34,0.4779999999999997,-0.000899281,2039.236,0.8687050359712231
2052.0,721.6000000000931,4.001,3.431,4604.375,5552.38,8864.38,0.5700000000000003,-0.000899281,2056.7999999999765,0.8660071942446044
2028.34,699.2000000001863,3.992,3.435,4515.543999999762,5444.34,8969.44,0.5569999999999999,-0.000899281,2032.7479999999769,0.8741007194244604
2076.78,735.2000000001863,3.995,3.423,4645.111999999266,5588.31,8798.34,0.5720000000000001,-0.000899281,2081.056,0.8678057553956835
2010.44,668.0,3.983,3.462,4414.7440000004135,5336.34,8906.16,0.5209999999999999,-0.000899281,2014.5959999999768,0.8714028776978419
2028.0,692.7999999998137,4.0,3.441,4532.343999999575,5480.34,8900.34,0.5590000000000002,-0.000899281,2032.7999999999768,0.8678057553956835
2069.31,696.0,3.976,3.442,4601.913000000175,5552.31,9020.34,0.5339999999999998,-0.000899281,1659.7499999999768,0.8678057553956835
2047.91,710.3999999999069,3.996,3.434,4602.006000000518,5552.41,9101.44,0.5619999999999998,-0.000899281,2051.231999999988,0.8633093525179856
2064.0,710.3999999999069,3.992,3.432,4604.218999999575,5552.22,8864.22,0.56,-0.000899281,2068.676,0.8911870503597121
2073.09,750.3999999999069,4.003,3.417,4646.311999999918,5588.31,8800.16,0.5860000000000003,-0.000899281,2077.168,0.8678057553956835
2072.91,627.6000000000931,3.947,3.467,4537.112999999896,5516.31,9166.0,0.48,-0.000899281,2076.3359999999766,0.8678057553956835
2031.91,597.6000000000931,3.953,3.477,4429.142999999691,5372.34,8937.38,0.476,-0.000899281,2036.994,0.8678057553956835
2060.62,701.6000000000931,3.999,3.439,4628.312999999616,5588.31,8993.34,0.56,-0.000899281,2065.4639999999767,0.8678057553956835
2041.78,700.7999999998137,3.996,3.441,4544.25,5480.25,8883.97,0.5550000000000002,-0.000899281,2046.2499999999768,0.8678057553956835
2052.0,720.0,4.0,3.431,4594.743999999482,5516.34,8828.34,0.569,-0.000899281,2054.399999999977,0.8651079136690647
2025.91,695.2000000001863,3.991,3.436,4508.375,5444.38,8991.5,0.5550000000000002,-0.000899281,2030.5619999999767,0.8732014388489209
2070.34,722.4062000000849,3.999,3.43,4616.311999999918,5552.31,8808.19,0.569,-0.000899281,2074.454,0.8723021582733814
2058.56,702.0,3.999,3.439,4616.375,5588.38,8967.62,0.56,-0.000899281,2063.0999999999763,0.8669064748201439
2071.53,750.3999999999069,4.003,3.418,4640.313000000082,5588.31,8807.06,0.585,-0.000899281,2075.286,0.8669064748201439
2007.31,664.0,3.983,3.462,4406.281000000425,5336.28,8908.31,0.5209999999999999,-0.000899281,2012.3259999999768,0.8705035971223023
2040.0,710.3999999999069,3.996,3.435,4598.406000000425,5552.41,9066.94,0.5609999999999999,-0.000899281,2048.2259999999883,0.862410072
2074.97,735.0,3.995,3.423,4637.975000000093,5588.38,8779.84,0.5720000000000001,-0.000899281,2079.068,0.8669064748201439
2028.0,692.7999999998137,4.0,3.442,4526.375,5444.38,8900.38,0.5579999999999998,-0.000899281,2030.399999999977,0.8669064748201439
2029.62,597.6000000000931,3.953,3.477,4421.944000000134,5372.34,8916.44,0.476,-0.000899281,2034.662,0.8669064748201439
2071.53,625.6000000000931,3.947,3.467,4537.112999999896,5516.31,9167.62,0.48,-0.000899281,2074.7239999999765,0.8669064748201439
2064.0,710.3999999999069,3.992,3.433,4598.344000000507,5552.34,8900.34,0.5590000000000002,-0.000899281,2066.276,0.8902877697841726
2067.16,692.0,3.976,3.443,4598.405999999493,5552.41,9013.88,0.5329999999999999,-0.000899281,2071.4439999999768,0.8669064748201439
2052.0,720.0,4.001,3.432,4587.575000000186,5516.38,8900.38,0.5690000000000004,-0.000899281,2052.0,0.8642086330935251
2039.84,699.2000000001863,3.996,3.441,4537.081000000238,5480.28,8872.25,0.5550000000000002,-0.000899281,2044.0499999999768,0.8669064748201439
2069.03,722.3999999999069,4.0,3.43,4609.144,5552.34,8804.88,0.5699999999999998,-0.000899281,2072.404,0.8714028776978416
2023.66,697.6000000000931,3.991,3.437,4501.1430000001565,5444.34,8951.28,0.5540000000000003,-0.000899281,2028.2619999999763,0.8723021582733812
2067.62,722.3938000001945,4.0,3.431,4604.313000000082,5552.31,8805.75,0.569,-0.000899281,2070.6159999999995,0.8705035971223023
2038.22,697.2000000001863,3.996,3.442,4530.007,5480.41,8879.5,0.5539999999999998,-0.000899281,2041.9619999999768,0.8660071942446044
2052.0,718.3999999999069,4.0,3.432,4580.311999999918,5516.31,8828.31,0.5680000000000001,-0.000899281,2052.0,0.8633093525179856
2022.12,693.6000000000931,3.991,3.437,4496.219000000507,5444.22,8934.91,0.5540000000000003,-0.000899281,2026.0739999999769,0.8714028776978419
2069.91,747.0,4.003,3.418,4634.343000000343,5588.34,8807.34,0.585,-0.000899281,2073.436,0.8660071942446044
2027.94,594.0,3.953,3.477,4414.743999999482,5372.34,8934.28,0.476,-0.000899281,2032.262,0.8660071942446044
2069.91,625.6000000000931,3.947,3.467,4529.975000000093,5480.38,9163.53,0.48,-0.000899281,2073.0439999999767,0.8660071942446044
2057.06,700.0,3.998,3.439,4610.25,5588.25,8978.31,0.5590000000000002,-0.000899281,2060.8679999999767,0.8660071942446044
2065.81,690.0,3.976,3.442,4592.343999999575,5552.34,9000.78,0.5339999999999998,-0.000899281,2069.5619999999767,0.8660071942446044
2005.66,662.3999999999069,3.983,3.463,4400.343999999575,5336.34,8909.5,0.52,-0.000899281,2010.107999999977,0.8696043165467625
2028.0,691.2000000001863,4.0,3.443,4520.311999999918,5444.31,8864.31,0.5569999999999999,-0.000899281,2028.0,0.8660071942446044
2073.06,733.6000000000931,3.995,3.424,4630.743999999482,5588.34,8777.06,0.5710000000000002,-0.000899281,2077.018,0.8660071942446044
2044.84,710.3999999999069,3.996,3.434,4592.343999999575,5552.34,9065.06,0.5619999999999998,-0.000899281,2046.6119999999885,0.8615107913669064
2064.0,706.3999999999069,3.992,3.433,4592.343000000343,5552.34,8900.34,0.5590000000000002,-0.000899281,2064.0,0.8893884892086332
2068.91,621.6000000000931,3.948,3.468,4522.743999999482,5480.34,9174.25,0.48,-0.000899281,2071.5699999999765,0.8651079136690647
2026.5,596.0,3.953,3.477,4407.575000000186,5372.38,8916.34,0.476,-0.000899281,2030.1,0.8651079136690647
2064.47,690.0,3.976,3.443,4586.343000000343,5516.34,9015.62,0.5329999999999999,-0.000899281,2067.631999999977,0.8651079136690647
2052.0,706.3999999999069,3.992,3.435,4587.481,5552.28,8864.28,0.5569999999999999,-0.000899281,2061.6,0.8884892086330936
2056.0,700.0,3.999,3.44,4604.375,5552.38,8970.09,0.5590000000000002,-0.000899281,2058.9239999999763,0.8651079136690647
2068.38,748.7999999998137,4.003,3.419,4630.711999999825,5588.31,8773.62,0.5840000000000001,-0.000899281,2071.594,0.8651079136690647
2043.81,710.3999999999069,3.995,3.435,4587.450000000186,5552.25,9079.19,0.56,-0.000899281,2045.155999999988,0.8606115107913668
2028.0,693.0,4.0,3.442,4514.344000000507,5444.34,8903.78,0.5579999999999998,-0.000899281,2028.0,0.8651079136690647
2071.69,729.6000000000931,3.994,3.425,4623.513000000734,5588.31,8777.81,0.5690000000000004,-0.000899281,2075.044,0.8651079136690647
2003.22,662.3999999999069,3.983,3.464,4393.112999999896,5336.31,8897.94,0.5190000000000001,-0.000899281,2007.9019999999769,0.8687050359712231
2040.0,718.3999999999069,4.0,3.432,4580.311999999918,5516.31,8864.31,0.5680000000000001,-0.000899281,2049.5999999999767,0.862410072
2065.16,720.7999999998137,3.999,3.43,4601.913000000175,5552.31,8784.09,0.569,-0.000899281,2068.754,0.8696043165467626
2020.91,693.6000000000931,3.991,3.437,4490.375,5444.38,8955.38,0.5540000000000003,-0.000899281,2024.187999999977,0.8705035971223023
2036.56,697.2000000001863,3.996,3.443,4522.712999999989,5480.31,8871.59,0.5529999999999999,-0.000899281,2040.0359999999769,0.8651079136690647
2035.53,695.2000000001863,3.996,3.442,4520.344000000507,5480.34,8864.34,0.5539999999999998,-0.000899281,2038.3859999999768,0.8642086330935251
2019.62,696.0,3.991,3.437,4486.711999999825,5408.31,8966.44,0.5540000000000003,-0.000899281,2022.4439999999763,0.8696043165467625
2067.59,624.0,3.948,3.468,4520.311999999918,5480.31,9161.59,0.48,-0.000899281,2070.1699999999764,0.8642086330935251
2001.5,662.3999999999069,3.983,3.464,4385.913000000175,5300.31,8885.0,0.5190000000000001,-0.000899281,2005.625999999977,0.8678057553956835
2042.34,710.3999999999069,3.996,3.435,4586.313000000082,5552.31,9081.81,0.5609999999999999,-0.000899281,2043.7799999999884,0.8597122302158274
2063.19,690.3999999999069,3.976,3.443,4580.343000000343,5516.34,9018.41,0.5329999999999999,-0.000899281,2065.9879999999766,0.8642086330935251
2070.22,729.6000000000931,3.995,3.424,4622.342999999877,5552.34,8750.94,0.5710000000000002,-0.000899281,2073.344,0.8642086330935251
2052.0,706.3999999999069,3.992,3.434,4586.343000000343,5516.34,8900.34,0.5579999999999998,-0.000899281,2059.2,0.887589928
2040.0,718.3744000000879,4.001,3.433,4573.111999999732,5516.31,8828.31,0.5680000000000005,-0.000899281,2047.1999999999769,0.8615107913669064
2054.06,696.0,3.998,3.44,4601.944000000134,5552.34,8961.5,0.5580000000000003,-0.000899281,2057.259999999977,0.8642086330935251
2024.91,596.0,3.953,3.477,4407.575000000186,5372.38,8886.0,0.476,-0.000899281,2028.176,0.8642086330935251
2067.78,747.0,4.003,3.419,4623.543999999762,5588.34,8823.97,0.5840000000000001,-0.000899281,2070.138,0.8642086330935251
2063.19,716.7814000002109,3.999,3.431,4592.311999999918,5552.31,8806.03,0.5680000000000001,-0.000899281,2067.068,0.8687050359712231
2016.0,689.6000000000931,3.999,3.444,4508.311999999918,5444.31,8864.31,0.5550000000000002,-0.000899281,2025.5999999999767,0.8642086330935251
2000.28,662.3999999999069,3.983,3.465,4378.743999999482,5300.34,8890.94,0.5180000000000002,-0.000899281,2003.5939999999769,0.8669064748201439
2040.16,706.3999999999069,3.995,3.435,4580.313000000082,5516.31,9075.88,0.56,-0.000899281,2042.229999999988,0.8588129496402879
2016.0,687.6000000000931,4.0,3.443,4502.313000000082,5444.31,8864.31,0.5569999999999999,-0.000899281,2023.1999999999769,0.8633093525179856
2068.94,732.0,3.995,3.427,4616.313000000082,5552.31,8775.12,0.5680000000000001,-0.000899281,2071.776,0.8633093525179856
2052.0,704.9920000000857,3.992,3.433,4580.375,5516.38,8900.38,0.5590000000000002,-0.000899281,2056.8,0.8866906474820144
2061.94,690.3999999999069,3.975,3.444,4580.375,5516.38,8999.78,0.5310000000000001,-0.000899281,2064.5139999999765,0.8633093525179856
2017.72,696.0,3.99,3.439,4479.543000000529,5408.34,8965.34,0.5510000000000002,-0.000899281,2020.8059999999768,0.8687050359712231
2040.0,716.3999999999069,4.0,3.434,4568.188000000082,5516.19,8828.19,0.5659999999999998,-0.000899281,2044.7999999999768,0.8606115107913668
2052.75,698.3999999999069,3.998,3.44,4594.7440000004135,5552.34,8962.69,0.5580000000000003,-0.000899281,2055.685999999977,0.8633093525179856
2060.94,715.2000000001863,3.999,3.432,4586.344000000507,5552.34,8776.62,0.5670000000000002,-0.000899281,2065.188,0.8678057553956835
2033.66,697.6000000000931,3.996,3.443,4515.543999999762,5480.34,8882.66,0.5529999999999999,-0.000899281,2036.7619999999763,0.8633093525179856
2065.53,620.0,3.947,3.468,4515.543000000529,5480.34,9150.22,0.4790000000000001,-0.000899281,2068.6939999999768,0.8633093525179856
2066.16,744.7999999998137,4.003,3.419,4622.343000000343,5552.34,8811.38,0.5840000000000001,-0.000899281,2068.752,0.8633093525179856
2022.97,594.0,3.953,3.478,4400.280999999493,5372.28,8890.44,0.4749999999999996,-0.000899281,2026.388,0.8633093525179856
2031.5,693.6000000000931,3.995,3.443,4508.313000000082,5444.31,8862.03,0.552,-0.000899281,2035.0939999999769,0.862410072
2040.0,716.7999999998137,4.0,3.433,4562.218000000343,5516.22,8828.22,0.5670000000000002,-0.000899281,2042.399999999977,0.8597122302158272
2050.78,696.7999999998137,3.998,3.441,4592.375,5552.38,8958.06,0.5570000000000004,-0.000899281,2054.129999999977,0.862410072
2063.91,742.7999999998137,4.003,3.42,4616.343999999575,5552.34,8787.56,0.5830000000000002,-0.000899281,2067.228,0.862410072
2059.88,687.0,3.975,3.444,4573.112999999896,5516.31,8998.41,0.5310000000000001,-0.000899281,2063.057999999977,0.862410072
2038.72,706.3999999999069,3.996,3.436,4573.112999999896,5516.31,9071.69,0.56,-0.000899281,2041.9739999999888,0.8579136690647481
2067.12,728.0,3.994,3.425,4610.375,5552.38,8757.91,0.5690000000000004,-0.000899281,2070.206,0.862410072
2058.47,716.9922500001267,3.999,3.433,4574.311999999918,5516.31,8743.38,0.5660000000000003,-0.000899281,2063.076,0.8669064748201439
2020.69,594.3999999999069,3.953,3.478,4395.424999999814,5338.62,8906.66,0.4749999999999996,-0.000899281,2024.602,0.862410072
2052.0,704.7999999998137,3.992,3.435,4574.218000000343,5516.22,8900.22,0.5569999999999999,-0.000899281,2054.4,0.8857913669064749
1998.84,658.3999999999069,3.983,3.464,4376.343999999575,5300.34,8882.47,0.5190000000000001,-0.000899281,2001.899999999977,0.8660071942446044
2015.28,692.3999999999069,3.99,3.438,4472.344000000507,5408.34,8947.66,0.552,-0.000899281,2019.1299999999767,0.8678057553956835
2016.0,684.0,3.999,3.444,4496.25,5444.25,8864.25,0.5550000000000002,-0.000899281,2020.7999999999768,0.862410072
2064.19,622.3999999999069,3.947,3.469,4508.344000000507,5480.34,9134.34,0.4780000000000002,-0.000899281,2067.225999999977,0.862410072
2037.19,704.7999999998137,3.996,3.436,4568.343000000343,5516.34,9111.38,0.56,-0.000899281,2040.443999999988,0.8570143884892086
2040.0,716.7999999998137,4.0,3.434,4556.313000000082,5480.31,8828.31,0.5659999999999998,-0.000899281,2040.0,0.8588129496402879
2029.56,696.0,3.995,3.444,4502.218999999575,5444.22,8817.72,0.5510000000000002,-0.000899281,2033.361999999977,0.8615107913669064
2049.12,694.7999999998137,3.998,3.441,4586.217999999877,5552.22,8934.06,0.5570000000000004,-0.000899281,2052.5419999999767,0.8615107913669064
2052.0,704.7999999998137,3.992,3.435,4568.344000000507,5516.34,8864.34,0.5569999999999999,-0.000899281,2052.0,0.8848920863309353
2016.0,684.0,3.999,3.445,4486.743999999482,5408.34,8864.34,0.5540000000000003,-0.000899281,2018.399999999977,0.8615107913669064
2019.53,594.3999999999069,3.953,3.479,4385.913000000641,5336.31,8907.84,0.4739999999999997,-0.000899281,2022.92,0.8615107913669064
2059.0,688.7999999998137,3.975,3.444,4565.943000000436,5516.34,9012.22,0.5310000000000001,-0.000899281,2061.6959999999767,0.8615107913669064
2062.81,742.0,4.003,3.42,4610.344000000507,5552.34,8793.12,0.5830000000000002,-0.000899281,2065.808,0.8615107913669064
2056.81,713.6000000000931,3.998,3.433,4573.143999999389,5516.34,8739.5,0.5650000000000004,-0.000899281,2060.914,0.8660071942446044
1997.94,660.0,3.983,3.465,4370.405999999493,5300.41,8883.28,0.5180000000000002,-0.000899281,2000.3559999999768,0.8651079136690647
2063.0,622.3999999999069,3.947,3.469,4501.199799999595,5480.34,9148.34,0.4780000000000002,-0.000899281,2065.843999999977,0.8615107913669064
2065.16,728.3999999999069,3.994,3.426,4604.342999999877,5552.34,8731.28,0.5680000000000001,-0.000899281,2068.626,0.8615107913669064
2013.97,690.3999999999069,3.99,3.438,4466.311999999918,5408.31,8951.09,0.552,-0.000899281,2017.4999999999768,0.8669064748201439
2017.44,590.3999999999069,3.952,3.479,4385.881000000518,5336.28,8902.09,0.4729999999999998,-0.000899281,2021.108,0.8606115107913668
2016.0,682.3999999999069,3.999,3.445,4479.575000000186,5408.38,8864.41,0.5540000000000003,-0.000899281,2016.0,0.8606115107913668
2057.88,684.7999999998137,3.974,3.445,4562.343999999575,5516.34,9021.59,0.5290000000000004,-0.000899281,2060.3779999999765,0.8606115107913668
2011.81,688.7999999998137,3.989,3.439,4460.375,5408.38,8900.38,0.5499999999999998,-0.000899281,2015.6799999999769,0.8660071942446044
1995.72,660.7999999998137,3.983,3.464,4370.343999999575,5300.34,8867.03,0.5190000000000001,-0.000899281,1998.8559999999768,0.8642086330935251
2064.53,728.3690000004135,3.994,3.427,4601.913000000175,5552.31,8764.34,0.5670000000000002,-0.000899281,2067.194,0.8606115107913668
2052.0,700.7999999998137,3.992,3.437,4565.912000000011,5516.31,8864.31,0.5550000000000002,-0.000899281,2052.0,0.8839928057553956
2035.56,704.7999999998137,3.996,3.437,4562.311999999918,5516.31,9080.31,0.5590000000000002,-0.000899281,2038.7939999999885,0.8561151079136691
2056.25,713.6000000000931,3.999,3.433,4565.913000000175,5516.31,8781.31,0.5660000000000003,-0.000899281,2059.132,0.8651079136690647
2060.44,620.0,3.946,3.469,4493.975000000093,5480.38,9112.12,0.4770000000000003,-0.000899281,2064.149999999977,0.8606115107913668
2048.38,696.7999999998137,3.997,3.441,4580.344000000041,5552.34,8992.78,0.556,-0.000899281,2051.017999999977,0.8606115107913668
2029.0,692.0,3.995,3.444,4496.25,5444.25,8855.66,0.5510000000000002,-0.000899281,2031.8499999999767,0.8606115107913668
2040.0,715.2000000001863,4.0,3.434,4551.543000000529,5480.34,8792.34,0.5659999999999998,-0.000899281,2040.0,0.8579136690647482
2061.5,742.0,4.003,3.42,4604.343000000343,5552.34,8797.41,0.5830000000000002,-0.000899281,2064.432,0.8606115107913668
2059.69,620.0,3.946,3.47,4493.975000000093,5444.38,9127.81,0.476,-0.000899281,2062.569999999977,0.8597122302158272
2040.0,715.2000000001863,4.0,3.434,4544.375,5480.38,8828.38,0.5659999999999998,-0.000899281,2040.0,0.8570143884892086
2026.56,692.0,3.995,3.444,4493.975000000093,5444.38,8818.94,0.5510000000000002,-0.000899281,2030.0559999999768,0.8597122302158274
2046.56,695.2000000001863,3.997,3.441,4580.311999999918,5552.31,8946.62,0.556,-0.000899281,2049.517999999977,0.8597122302158272
2052.0,703.2000000001863,3.991,3.436,4562.375,5516.38,8864.38,0.5550000000000002,-0.000899281,2052.0,0.8830935251798561
2033.94,702.0,3.996,3.438,4556.438000000082,5516.44,9104.62,0.5579999999999998,-0.000899281,2037.113999999988,0.8552158273381295
2060.19,742.0,4.003,3.421,4601.975000000093,5552.38,8794.88,0.5820000000000003,-0.000899281,2062.914,0.8597122302158272
2016.0,682.3999999999069,3.999,3.446,4472.313000000082,5408.31,8864.31,0.5529999999999999,-0.000899281,2016.0,0.8597122302158272
2015.38,592.0,3.952,3.48,4378.712999999989,5336.31,8900.31,0.472,-0.000899281,2019.202,0.8597122302158272
2063.0,727.0,3.994,3.426,4598.375,5552.38,8756.06,0.5680000000000001,-0.000899281,2065.75,0.8597122302158272
2056.31,685.2000000001863,3.975,3.445,4556.311999999918,5516.31,8999.62,0.5300000000000002,-0.000899281,2059.0019999999768,0.8597122302158272
1994.84,658.7999999998137,3.983,3.465,4364.343000000343,5300.34,8864.34,0.5180000000000002,-0.000899281,1997.523999999977,0.8633093525179856
2010.0,687.2000000001863,3.989,3.44,4457.788000000175,5408.19,8933.38,0.5489999999999999,-0.000899281,2013.7559999999764,0.8651079136690647
2054.41,713.6000000000931,3.998,3.434,4562.375,5516.38,8763.88,0.5640000000000001,-0.000899281,2057.376,0.8642086330935251
2028.0,713.6000000000931,3.999,3.435,4544.375,5480.38,8792.38,0.5640000000000001,-0.000899281,2037.5999999999767,0.8561151079136691
2045.38,695.2000000001863,3.997,3.442,4573.174999999814,5516.38,8939.94,0.5549999999999997,-0.000899281,2048.0439999999767,0.8588129496402879
2025.19,692.3999999999069,3.994,3.445,4486.587999999989,5444.19,8822.94,0.5490000000000004,-0.000899281,2028.361999999977,0.8588129496402879
2013.44,588.7999999998137,3.952,3.48,4371.513000000268,5336.31,8877.38,0.472,-0.000899281,2017.296,0.8588129496402879
2054.56,685.2000000001863,3.974,3.445,4551.512000000104,5516.31,8988.81,0.5290000000000004,-0.000899281,2057.5259999999766,0.8588129496402879
1992.56,659.2000000001863,3.982,3.465,4357.143999999389,5300.34,8867.0,0.5170000000000003,-0.000899281,1995.9799999999768,0.862410072
2004.0,680.3999999999069,3.999,3.446,4466.375,5408.38,8864.81,0.5529999999999999,-0.000899281,2013.5999999999767,0.8588129496402879
2008.0,685.2000000001863,3.989,3.44,4450.711999999825,5372.31,8934.75,0.5489999999999999,-0.000899281,2011.811999999977,0.8642086330935251
2060.62,724.7999999998137,3.993,3.427,4592.311999999918,5552.31,8729.31,0.5659999999999998,-0.000899281,2064.086,0.8588129496402879
2052.81,711.6000000000931,3.998,3.434,4558.743,5516.34,8734.62,0.5640000000000001,-0.000899281,2055.75,0.8633093525179856
2052.0,699.2000000001863,3.991,3.438,4556.311999999918,5516.31,8900.31,0.5529999999999999,-0.000899281,2052.0,0.8821942446043165
2057.06,619.2000000001863,3.945,3.47,4486.774999999907,5444.38,9161.12,0.4749999999999996,-0.000899281,2060.875999999977,0.8588129496402879
2058.06,739.2000000001863,4.002,3.421,4594.649999999907,5552.25,8767.12,0.581,-0.000899281,2061.294,0.8588129496402879
2028.0,699.2000000001863,3.996,3.439,4550.313000000082,5480.31,9055.56,0.5569999999999999,-0.000899281,2034.6819999999884,0.854316547
2052.25,612.0,3.944,3.471,4472.375,5444.38,9154.75,0.4729999999999998,-0.000899281,2058.4879999999766,0.8579136690647482
2051.94,711.6000000000931,3.998,3.435,4551.512000000104,5516.31,8772.62,0.5630000000000002,-0.000899281,2054.4440000000004,0.862410072
2011.69,587.969,3.952,3.48,4364.311999999918,5300.31,8899.56,0.472,-0.000899281,2015.496,0.8579136690647482
2004.0,675.2000000001863,3.998,3.447,4465.112999999896,5408.31,8864.31,0.5510000000000002,-0.000899281,2011.1999999999769,0.8579136690647482
2005.0,684.0,3.988,3.44,4443.512000000104,5372.31,8950.81,0.548,-0.000899281,2009.7559999999764,0.8633093525179856
2023.88,690.3999999999069,3.994,3.446,4484.313000000082,5444.31,8843.25,0.548,-0.000899281,2026.8379999999768,0.8579136690647481
2040.44,687.6000000000931,3.996,3.442,4568.375,5516.38,8963.62,0.5539999999999998,-0.000899281,2045.975999999977,0.8579136690647482
2053.25,685.6000000000931,3.974,3.446,4544.375,5480.38,9001.19,0.528,-0.000899281,2056.1999999999766,0.8579136690647482
2059.62,724.7999999998137,3.994,3.427,4586.311999999918,5516.31,8740.12,0.5670000000000002,-0.000899281,2062.586,0.8579136690647482
2057.06,739.2000000001863,4.001,3.422,4592.313000000082,5552.31,8764.69,0.5790000000000002,-0.000899281,2059.924,0.8579136690647482
2040.0,699.6000000000931,3.991,3.437,4550.375,5480.38,8864.38,0.5540000000000003,-0.000899281,2049.6,0.8812949640287769
2022.62,691.2000000001863,3.992,3.438,4544.313000000082,5480.31,9069.44,0.5539999999999998,-0.000899281,2031.461999999988,0.8534172661870503
2028.0,711.6000000000931,3.999,3.434,4538.311999999918,5480.31,8792.31,0.565,-0.000899281,2035.1999999999769,0.8552158273381295
1991.5,659.2000000001863,3.982,3.465,4349.975000000093,5300.38,8863.44,0.5170000000000003,-0.000899281,1994.5119999999763,0.8615107913669064
2062.44,715.188,4.003,3.769,4543.375,5516.38,8825.12,0.2339999999999999,-0.000899281,2062.0420000000004,0.8570143884892086
1989.62,657.6000000000931,3.982,3.466,4346.311999999918,5264.31,8864.19,0.516,-0.000899281,1992.8479999999768,0.8606115107913668
2018.38,676.813,4.013,3.777,4417.0,5376.0,8918.0,0.2359999999999997,-0.000899281,2011.6759999999765,0.8570143884892086
2063.31,684.0,3.989,3.776,4515.186999999918,5488.19,9074.56,0.213,-0.000899281,2057.0619999999767,0.8570143884892086
2046.31,686.375,4.009,3.687,4515.375,5488.0,9035.81,0.3220000000000005,-0.000899281,2045.4139999999768,0.8570143884892086
2050.28,712.0,3.998,3.435,4550.406000000425,5516.41,8748.69,0.5630000000000002,-0.000899281,2053.138,0.8615107913669064
2060.56,732.0,4.011,3.678,4543.311999999918,5509.0,8832.31,0.3330000000000002,-0.000899281,2059.474,0.8570143884892086
2064.31,614.375,3.96,3.686,4445.375,5432.0,9151.56,0.274,-0.000899281,2058.749999999977,0.8570143884892086
2025.06,679.187,4.006,3.692,4438.375,5404.0,8930.12,0.314,-0.000899281,2025.937999999977,0.8570143884892086
2040.0,703.188,4.01,3.773,4490.5,5453.0,8876.0,0.2369999999999996,-0.000899281,2035.1999999999769,0.854316547
2029.56,688.812,4.005,3.687,4466.25,5439.0,9116.56,0.318,-0.000899281,2029.9359999999883,0.8525179856115109
2012.62,583.187,3.963,3.7,4312.375,5285.0,8968.81,0.2629999999999999,-0.000899281,2014.114,0.8570143884892086
2054.44,693.562,4.002,3.772,4494.0,5467.0,8946.0,0.2299999999999999,-0.000899281,2050.088,0.8803956834532375
2028.0,688.0,3.995,3.778,4386.047999999952,5336.45,8936.45,0.217,-0.000899281,2014.0759999999768,0.8561151079136691
2079.04,724.8128,3.988,3.777,4484.352,5480.35,8842.18,0.2109999999999998,-0.000899281,2064.9440000000004,0.8561151079136691
2077.54,689.6000000000931,3.972,3.779,4479.520000000019,5444.32,9091.3,0.193,-0.000899281,2060.993999999977,0.8561151079136691
2064.0,694.3999999999069,3.984,3.777,4450.7520000007935,5444.35,8972.35,0.2069999999999998,-0.000899281,2052.4880000000003,0.8794964028776979
2035.49,693.6000000000931,3.986,3.781,4364.351999999955,5336.35,9009.15,0.205,-0.001798561,2014.059999999977,0.8622302158273382
2080.19,623.2000000001863,3.943,3.788,4414.783999999985,5408.38,9208.93,0.1550000000000002,-0.000899281,2062.6999999999766,0.8561151079136691
1996.31,652.812,3.994,3.688,4298.313000000082,5257.0,8926.69,0.306,-0.000899281,1992.9659999999767,0.8597122302158272
2052.0,712.0,3.993,3.777,4443.456000000238,5408.26,8919.01,0.2159999999999997,-0.000899281,2037.5999999999767,0.8534172661870503
2044.54,694.7999999998137,3.988,3.782,4378.816000000108,5372.42,8948.96,0.2059999999999999,-0.000899281,2029.0459999999769,0.8561151079136691
2027.26,584.0,3.944,3.795,4247.36,5228.38,8969.5,0.149,-0.000899281,2016.078,0.8561151079136691
2063.58,699.6000000000931,3.99,3.777,4460.512000000104,5444.51,9065.79,0.213,-0.000899281,2048.453999999977,0.8561151079136691
2053.06,705.6000000000931,3.988,3.78,4422.0991999995895,5408.48,9200.74,0.2080000000000001,-0.000899281,2033.4359999999883,0.8516187050359711
2075.2,738.0,3.996,3.775,4493.952000000048,5480.35,8862.53,0.221,-0.000899281,2062.214,0.8561151079136691
2049.09,708.0,3.998,3.435,4544.25,5480.25,8772.62,0.5630000000000002,-0.000899281,2051.706,0.8606115107913668
2044.54,697.6000000000931,3.99,3.444,4544.320999999531,5480.32,8929.92,0.5460000000000003,-0.000899281,2032.6419999999769,0.8552158273381295
2047.5,708.0,3.998,3.435,4544.375,5480.38,8766.19,0.5630000000000002,-0.000899281,2050.324,0.8597122302158274
2074.4,742.0,3.998,3.42,4640.2559999995865,5588.26,8865.12,0.5780000000000003,-0.000899281,2065.056,0.8552158273381295
2065.12,704.0,3.992,3.44,4622.319999999832,5588.32,9084.86,0.552,-0.000899281,2052.1659999999765,0.8552158273381295
2077.28,625.2000000001863,3.944,3.467,4551.550999999978,5516.35,9234.91,0.4769999999999998,-0.000899281,2066.2179999999767,0.8552158273381295
2028.77,588.0,3.946,3.482,4407.680000000168,5372.48,8979.74,0.4639999999999999,-0.000899281,2018.756,0.8552158273381295
2053.6,714.0,3.991,3.435,4604.320000000298,5552.32,9191.74,0.556,-0.000899281,2037.3679999999883,0.8507194244604317
2064.0,701.6000000000931,3.986,3.437,4592.353000000119,5516.35,8936.35,0.5490000000000004,-0.000899281,2054.888,0.8785971223021581
2078.24,728.0,3.991,3.425,4637.952000000048,5588.35,8833.12,0.5660000000000003,-0.000899281,2067.992,0.8552158273381295
2032.38,693.6000000000931,3.986,3.436,4532.351999999955,5480.35,9053.66,0.5500000000000003,-0.000899281,2018.1739999999768,0.8611510791366905
2028.0,685.6000000000931,3.995,3.444,4544.351000000257,5480.35,8936.35,0.5510000000000002,-0.000899281,2016.4759999999765,0.8552158273381295
2074.43,693.6000000000931,3.972,3.441,4616.384000000078,5552.38,9106.27,0.5310000000000001,-0.000899281,2064.6179999999767,0.8552158273381295
2016.58,664.0213333331048,3.979,3.785,4227.520000000019,5228.32,8989.34,0.1939999999999999,-0.000899281,1997.3139999999769,0.8588129496402879
2052.0,712.7999999998137,3.995,3.435,4598.318999999668,5516.35,8900.32,0.56,-0.000899281,2039.9999999999768,0.8525179856115109
2071.07,739.2000000001863,3.998,3.419,4640.350999999791,5588.35,8833.41,0.5790000000000002,-0.000899281,2067.6580000000004,0.854316547
2062.34,708.0,3.993,3.438,4628.382999999914,5588.38,9048.42,0.5549999999999997,-0.000899281,2055.5579999999763,0.854316547
2075.04,726.0,3.991,3.425,4637.9199999999255,5588.32,8826.05,0.5660000000000003,-0.000899281,2070.876,0.854316547
2052.0,712.7999999998137,3.995,3.433,4598.3539999998175,5516.35,8900.35,0.5620000000000003,-0.000899281,2044.7999999999768,0.8516187050359714
2042.18,697.6000000000931,3.99,3.443,4544.385000000242,5480.39,8940.83,0.5470000000000002,-0.000899281,2036.0399999999768,0.854316547
2045.5,706.3999999999069,3.997,3.437,4537.112999999896,5480.31,8747.12,0.56,-0.000899281,2048.862,0.8588129496402879
2028.0,681.6000000000931,3.996,3.446,4529.822999999858,5444.22,8936.22,0.5499999999999998,-0.000899281,2021.2759999999769,0.854316547
2012.96,660.0309999994934,3.98,3.466,4421.921000000555,5336.32,8981.38,0.5139999999999998,-0.000899281,2001.3939999999768,0.8579136690647482
2074.34,627.2000000001863,3.944,3.468,4544.350999999791,5516.35,9225.02,0.476,-0.000899281,2069.6739999999763,0.854316547
2025.92,588.0,3.946,3.48,4412.3849999997765,5372.38,8977.47,0.4660000000000002,-0.000899281,2021.252,0.854316547
2051.17,717.6019999999553,3.992,3.433,4609.150999999605,5552.35,9191.71,0.5590000000000002,-0.000899281,2042.0019999999884,0.8498201438848921
2071.29,693.598,3.971,3.441,4601.951999999583,5552.35,9081.63,0.5300000000000002,-0.000899281,2067.9639999999767,0.854316547
2029.47,693.6000000000931,3.986,3.438,4522.751000000164,5444.35,9046.11,0.548,-0.000899281,2022.0679999999768,0.8600719424460431
2064.0,703.2000000001863,3.986,3.435,4592.321000000462,5552.32,8936.32,0.5510000000000002,-0.000899281,2057.288,0.8776978417266188
2071.43,624.7999999998137,3.944,3.469,4529.9199999999255,5480.32,9233.38,0.4750000000000001,-0.000899281,2073.509999999977,0.8534172661870503
2043.88,706.3999999999069,3.998,3.436,4532.313000000082,5480.31,8719.94,0.5620000000000003,-0.000899281,2047.25,0.8579136690647481
2060.26,705.6000000000931,3.993,3.439,4616.320999999996,5588.32,9068.54,0.5539999999999998,-0.000899281,2059.5219999999763,0.8534172661870503
2016.0,684.0,3.995,3.447,4514.319999999832,5444.32,8900.32,0.548,-0.000899281,2023.6759999999765,0.8534172661870503
2069.18,693.6000000000931,3.972,3.442,4594.751999999862,5552.35,9111.97,0.5299999999999998,-0.000899281,2071.149999999977,0.8534172661870503
2022.88,588.0,3.947,3.481,4400.319999999832,5336.32,8961.73,0.4660000000000002,-0.000899281,2023.49,0.8534172661870503
2071.42,724.0,3.991,3.427,4628.320000000298,5552.32,8820.89,0.5640000000000001,-0.000899281,2073.236,0.8534172661870503
2048.29,715.2000000001863,3.992,3.434,4598.319999999832,5552.32,9178.21,0.5579999999999998,-0.000899281,2047.1359999999884,0.8489208633093526
2052.0,715.2000000001863,3.995,3.434,4587.551000000443,5516.35,8864.35,0.5609999999999999,-0.000899281,2049.5999999999767,0.8507194244604317
2052.0,699.2000000001863,3.986,3.436,4587.521000000648,5516.32,8936.32,0.5500000000000003,-0.000899281,2059.688,0.8767985611510791
2038.79,696.0,3.99,3.444,4537.119999999646,5480.32,8918.85,0.5460000000000003,-0.000899281,2039.0219999999767,0.8534172661870503
2067.65,739.2000000001863,3.998,3.42,4628.351000000257,5588.35,8820.99,0.5780000000000003,-0.000899281,2069.776,0.8534172661870503
2009.22,660.0,3.979,3.484,4412.321000000462,5336.32,8945.95,0.4950000000000001,-0.000899281,2004.9379999999765,0.8570143884892086
2025.6,692.0,3.986,3.439,4514.352,5444.35,9015.23,0.5470000000000002,-0.000899281,2025.5879999999768,0.8589928057553957
2060.29,699.2000000001863,3.987,3.436,4580.350999999791,5516.35,8936.35,0.5510000000000002,-0.000899281,2060.858,0.8758992805755396
2036.16,693.6000000000931,3.991,3.443,4526.352000000421,5480.35,8930.91,0.548,-0.000899281,2041.241999999977,0.8525179856115109
2046.18,710.3999999999069,3.994,3.434,4587.556000000797,5552.36,9248.45,0.56,-0.000899281,2050.4599999999887,0.848021583
2005.41,656.0,3.98,3.468,4400.350999999791,5336.35,8935.36,0.512,-0.000899281,2008.0959999999768,0.8561151079136691
2057.76,709.0,3.994,3.44,4609.181999999564,5552.38,9054.21,0.5540000000000003,-0.000899281,2061.8119999999767,0.8525179856115109
2040.0,715.2000000001863,3.995,3.435,4580.321000000462,5516.32,8864.32,0.56,-0.000899281,2049.5999999999767,0.8498201438848921
2016.0,680.0,3.995,3.448,4502.350999999326,5444.35,8900.35,0.5470000000000002,-0.000899281,2023.1999999999769,0.8525179856115109
2068.54,624.0,3.945,3.469,4522.754999999888,5480.35,9219.52,0.476,-0.000899281,2074.3559999999766,0.8525179856115109
2064.54,735.2000000001863,3.999,3.421,4616.319999999832,5552.32,8809.34,0.5780000000000003,-0.000899281,2070.572,0.8525179856115109
2043.88,696.0,4.007,3.691,4487.311999999918,5453.06,8809.94,0.3159999999999998,-0.000899281,2045.97,0.8570143884892086
2022.14,692.0,3.986,3.439,4501.155999999493,5444.36,9002.02,0.5470000000000002,-0.000899281,2029.0159999999769,0.8579136690647482
2065.76,689.6000000000931,3.972,3.442,4586.350999999791,5516.38,9048.77,0.5299999999999998,-0.000899281,2071.6399999999767,0.8525179856115109
2068.77,720.0,3.991,3.427,4616.320999999996,5552.32,8804.99,0.5640000000000001,-0.000899281,2074.502,0.8525179856115109
2020.26,588.0,3.947,3.481,4393.119999999646,5336.32,8935.84,0.4660000000000002,-0.000899281,2025.018,0.8525179856115109
2061.09,733.0,3.999,3.422,4610.320000000298,5552.32,8773.66,0.577,-0.000899281,2067.75,0.8516187050359714
2066.23,620.3999999999069,3.946,3.471,4515.552000000142,5480.35,9224.39,0.4750000000000001,-0.000899281,2071.563999999977,0.8516187050359714
2017.89,588.8206666661426,3.948,3.481,4385.920000000391,5336.32,8942.02,0.4670000000000001,-0.000899281,2023.144,0.8516187050359714
2018.79,687.9960000002757,3.986,3.458,4490.386000000406,5408.39,8975.91,0.528,-0.000899281,2025.675999999977,0.8570143884892086
2063.04,689.6000000000931,3.972,3.444,4574.351999999955,5516.35,9062.24,0.528,-0.000899281,2068.7399999999766,0.8516187050359714
2033.47,693.6000000000931,3.991,3.445,4520.351000000257,5480.35,8919.14,0.5460000000000003,-0.000899281,2039.0279999999768,0.8516187050359711
2016.0,678.0,3.995,3.448,4493.9509999998845,5408.35,8864.35,0.5470000000000002,-0.000899281,2020.7999999999768,0.8516187050359714
2052.0,699.2000000001863,3.987,3.436,4573.151,5516.35,8900.35,0.5510000000000002,-0.000899281,2058.458,0.875
2040.0,711.2000000001863,3.995,3.438,4573.152000000235,5516.35,8864.35,0.5569999999999999,-0.000899281,2047.1999999999769,0.8489208633093526
2063.62,704.7999999998137,3.992,3.778,4422.047999999486,5408.45,8837.34,0.2139999999999999,-0.000899281,2048.876,0.8561151079136691
2043.11,710.3999999999069,3.995,3.435,4580.321000000462,5516.32,9193.54,0.56,-0.000899281,2048.4699999999884,0.8471223021582734
2065.63,720.0,3.991,3.428,4609.151999999769,5552.35,8788.0,0.5630000000000002,-0.000899281,2071.82,0.8516187050359714
2001.92,654.0,3.98,3.469,4388.351000000257,5300.35,8927.55,0.5110000000000001,-0.000899281,2009.2179999999769,0.8552158273381295
2055.78,707.2000000001863,3.995,3.439,4601.950999999419,5552.35,9064.76,0.556,-0.000899281,2060.2519999999768,0.8516187050359714
2030.23,692.0,3.99,3.445,4508.319999999832,5444.32,8864.32,0.5450000000000004,-0.000899281,2036.1659999999767,0.8507194244604317
2016.0,688.0,3.986,3.441,4479.521000000183,5408.32,8993.18,0.5450000000000004,-0.000899281,2022.399999999977,0.8561151079136691
2052.64,700.7999999998137,3.995,3.44,4592.351999999955,5552.35,9073.27,0.5550000000000002,-0.000899281,2057.7559999999767,0.8507194244604317
2052.0,699.2000000001863,3.987,3.437,4565.952,5516.35,8900.35,0.5500000000000003,-0.000899281,2056.058,0.8741007194244604
2040.0,711.2000000001863,3.995,3.436,4562.320000000298,5480.32,8864.32,0.5590000000000002,-0.000899281,2044.7999999999768,0.848021583
1998.53,654.3999999999069,3.98,3.469,4378.751999999862,5300.35,8907.45,0.5110000000000001,-0.000899281,2005.607999999977,0.854316547
2062.72,722.3999999999069,3.99,3.446,4598.387000000104,5552.39,8786.27,0.544,-0.000899281,2068.7160000000003,0.8507194244604317
2063.94,709.6000000000931,3.994,3.437,4580.321000000462,5516.32,8844.64,0.5570000000000004,-0.000899281,2052.164,0.8552158273381295
2038.98,704.3999999999069,3.995,3.436,4568.351000000257,5516.35,9143.77,0.5590000000000002,-0.000899281,2045.545999999988,0.8462230215827338
2058.23,733.6000000000931,3.998,3.423,4601.952000000048,5552.35,8793.66,0.5750000000000002,-0.000899281,2064.516,0.8507194244604317
2063.33,620.7999999998137,3.946,3.471,4501.049999999814,5480.25,9207.13,0.4750000000000001,-0.000899281,2068.7739999999767,0.8507194244604317
2016.0,678.0,3.995,3.449,4484.351999999955,5408.35,8864.35,0.5460000000000003,-0.000899281,2018.399999999977,0.8507194244604317
2015.01,586.0,3.947,3.481,4378.732400000095,5336.35,8934.02,0.4660000000000002,-0.000899281,2020.392,0.8507194244604317
2060.41,689.6000000000931,3.972,3.443,4565.951,5516.35,9090.91,0.5289999999999999,-0.000899281,2065.935999999977,0.8507194244604317
2057.79,687.6000000000931,3.973,3.444,4558.657999999356,5480.26,9096.32,0.5289999999999999,-0.000899281,2063.2359999999767,0.8498201438848921
2060.48,616.7999999998137,3.946,3.471,4493.857000000309,5444.26,9191.68,0.4750000000000001,-0.000899281,2066.0019999999768,0.8498201438848921
2060.42,705.6000000000931,3.994,3.437,4586.383,5516.38,8830.3,0.5570000000000004,-0.000899281,2055.148,0.854316547
2012.12,586.0,3.947,3.481,4371.552000000142,5336.35,8935.1,0.4660000000000002,-0.000899281,2017.632,0.8498201438848921
1995.59,650.3999999999069,3.98,3.469,4370.352000000887,5300.35,8900.7,0.5110000000000001,-0.000899281,2002.1339999999768,0.8534172661870503
2026.72,690.0,3.99,3.445,4501.151999999769,5444.35,8852.1,0.5450000000000004,-0.000899281,2033.0739999999769,0.8498201438848921
2004.0,674.3999999999069,3.995,3.449,4472.320000000298,5408.32,8864.32,0.5460000000000003,-0.000899281,2013.5999999999767,0.8498201438848921
2049.85,700.7999999998137,3.996,3.442,4580.319999999832,5552.32,9044.32,0.5539999999999998,-0.000899281,2055.257999999977,0.8498201438848921
2041.79,711.0,3.995,3.436,4556.351000000257,5480.35,8828.35,0.5590000000000002,-0.000899281,2042.7579999999768,0.8471223021582734
2052.0,699.2000000001863,3.986,3.437,4558.618999999482,5516.22,8900.22,0.5490000000000004,-0.000899281,2053.6580000000004,0.8732014388489209
2012.26,686.3999999999069,3.985,3.441,4472.382000000216,5408.38,8953.89,0.544,-0.000899281,2018.957999999977,0.8552158273381295
2055.48,729.6000000000931,3.998,3.424,4592.39,5516.39,8780.55,0.5740000000000003,-0.000899281,2061.398,0.8498201438848921
2059.62,716.3999999999069,3.99,3.429,4587.520000000019,5516.32,8779.84,0.5610000000000004,-0.000899281,2065.632,0.8498201438848921
2036.89,700.7999999998137,3.996,3.438,4556.3616666668095,5516.35,9209.02,0.5579999999999998,-0.000899281,2042.6899999999885,0.8453237410071942
2033.98,696.7999999998137,3.996,3.439,4544.36,5480.36,9169.31,0.5569999999999999,-0.000899281,2039.827999999988,0.8444244604316546
2052.96,728.0,3.998,3.425,4586.313000000082,5516.31,8779.52,0.5730000000000004,-0.000899281,2058.46,0.8489208633093526
2047.59,696.7999999998137,3.996,3.442,4573.119999999646,5516.32,9054.12,0.5539999999999998,-0.000899281,2052.723999999977,0.8489208633093526
2040.0,699.2000000001863,3.987,3.438,4550.319999999832,5480.32,8900.32,0.5489999999999999,-0.000899281,2051.2580000000003,0.8723021582733814
2010.37,686.3999999999069,3.986,3.442,4460.382999999914,5372.38,8983.3,0.544,-0.000899281,2015.9119999999768,0.854316547
2040.0,711.0,3.995,3.437,4544.351000000257,5480.35,8864.35,0.5580000000000003,-0.000899281,2040.357999999977,0.8462230215827338
2057.34,715.0,3.991,3.431,4580.351999999955,5516.35,8750.21,0.56,-0.000899281,2062.816,0.8489208633093526
2004.0,674.3999999999069,3.995,3.451,4468.695000000298,5410.7,8866.7,0.544,-0.000899281,2011.1999999999769,0.8489208633093526
2058.21,615.2000000001863,3.946,3.472,4486.719999999739,5444.32,9204.26,0.4740000000000002,-0.000899281,2063.357999999977,0.8489208633093526
2009.28,587.2000000001863,3.947,3.483,4357.057999999728,5300.26,8904.8,0.4639999999999999,-0.000899281,2014.9120000000005,0.8489208633093526
2056.9,705.6000000000931,3.995,3.437,4574.382999999914,5516.38,8792.38,0.5580000000000003,-0.000899281,2057.752,0.8534172661870503
1992.44,652.7999999998137,3.98,3.47,4357.119999999646,5300.32,8901.66,0.5099999999999998,-0.000899281,1998.7779999999768,0.8525179856115109
2024.09,690.3999999999069,3.99,3.447,4490.351000000257,5444.35,8851.27,0.5430000000000001,-0.000899281,2030.1339999999768,0.8489208633093526
2055.33,685.6000000000931,3.973,3.445,4550.351999999955,5480.35,9079.77,0.528,-0.000899281,2060.4659999999767,0.8489208633093526
2051.59,681.6000000000931,3.973,3.445,4537.151000000071,5480.35,9064.45,0.528,-0.000899281,2057.631999999977,0.848021583
2021.06,686.3999999999069,3.99,3.447,4484.350999999326,5444.35,8869.82,0.5430000000000001,-0.000899281,2027.1139999999768,0.848021583
2040.0,697.2000000001863,3.986,3.438,4544.319999999832,5480.32,8900.32,0.548,-0.000899281,2047.2,0.8714028776978416
2054.85,712.7999999998137,3.991,3.431,4574.352,5516.35,8768.73,0.56,-0.000899281,2060.032,0.848021583
2006.98,587.2000000001863,3.948,3.483,4350.077000000048,5300.48,8929.31,0.4649999999999998,-0.000899281,2012.256,0.848021583
2054.37,705.6000000000931,3.995,3.437,4565.915999999736,5516.32,8818.78,0.5580000000000003,-0.000899281,2059.85,0.8525179856115109
2054.62,613.6000000000931,3.946,3.473,4472.351999999955,5444.35,9161.02,0.4730000000000003,-0.000899281,2060.5739999999764,0.848021583
2030.53,697.0,3.996,3.44,4537.182999999728,5480.38,9125.28,0.556,-0.000899281,2036.6979999999885,0.8435251798561151
2006.69,682.3999999999069,3.985,3.442,4450.721000000369,5372.32,8966.08,0.5429999999999997,-0.000899281,2012.821999999977,0.8534172661870503
2050.2,726.0,3.998,3.425,4574.351999999955,5516.35,8720.35,0.5730000000000004,-0.000899281,2055.592,0.848021583
2028.0,709.6000000000931,3.995,3.437,4538.319999999832,5480.32,8828.32,0.5580000000000003,-0.000899281,2037.957999999977,0.8453237410071942
1990.08,648.7999999998137,3.979,3.47,4349.827000000048,5264.23,8888.03,0.5089999999999999,-0.000899281,1995.7119999999768,0.8516187050359714
2004.0,676.7999999998137,3.995,3.45,4457.826,5372.23,8900.23,0.5449999999999999,-0.000899281,2008.7999999999768,0.848021583
2044.19,695.2000000001863,3.996,3.442,4565.9199999999255,5516.32,9055.56,0.5539999999999998,-0.000899281,2050.009999999977,0.848021583
2004.0,672.7999999998137,3.995,3.452,4450.719999999739,5372.32,8828.32,0.5430000000000001,-0.000899281,2006.399999999977,0.8471223021582734
2052.7,613.6000000000931,3.945,3.474,4465.182999999262,5444.38,9151.26,0.4709999999999996,-0.000899281,2057.8679999999767,0.8471223021582734
2049.09,680.0,3.973,3.448,4529.951,5480.35,9036.86,0.5249999999999999,-0.000899281,2054.841999999977,0.8471223021582734
2052.0,714.0,3.99,3.432,4565.921000000555,5516.32,8753.02,0.5580000000000003,-0.000899281,2057.306,0.8471223021582734
1986.75,646.7999999998137,3.979,3.47,4342.689,5264.29,8882.62,0.5089999999999999,-0.000899281,1992.6779999999767,0.8507194244604317
2040.0,695.2000000001863,3.987,3.439,4537.151999999769,5480.35,8936.35,0.548,-0.000899281,2044.8,0.8705035971223023
2003.45,584.0,3.947,3.483,4342.720000000205,5300.32,8898.95,0.4639999999999999,-0.000899281,2009.368,0.8471223021582734
2018.31,687.0,3.99,3.447,4472.351000000257,5408.35,8862.24,0.5430000000000001,-0.000899281,2024.0819999999767,0.8471223021582734
2027.52,696.0,3.995,3.44,4526.319999999832,5480.32,9116.32,0.5550000000000002,-0.000899281,2033.5799999999883,0.8426258992805756
2051.17,704.0,3.995,3.438,4556.339333333075,5516.32,8789.41,0.5569999999999999,-0.000899281,2057.36,0.8516187050359711
2041.38,693.0,3.997,3.444,4551.520000000019,5516.32,9039.52,0.5529999999999999,-0.000899281,2047.1299999999767,0.8471223021582734
2047.97,724.0,3.998,3.426,4568.351999999955,5516.35,8759.27,0.5720000000000001,-0.000899281,2052.968,0.8471223021582734
2004.29,682.7999999998137,3.986,3.443,4443.520000000484,5372.32,8947.13,0.5430000000000001,-0.000899281,2009.9219999999768,0.8525179856115109
2028.0,705.6000000000931,3.994,3.437,4532.351000000257,5444.35,8828.35,0.5570000000000004,-0.000899281,2035.5579999999768,0.8444244604316546
2047.3,678.0,3.973,3.448,4522.6190000004135,5480.22,9032.41,0.5249999999999999,-0.000899281,2052.2199999999766,0.8462230215827338
2002.27,680.8080000001937,3.986,3.444,4436.351999999955,5372.35,8936.45,0.5420000000000003,-0.000899281,2007.175999999977,0.8516187050359711
2028.0,708.0,3.995,3.438,4522.7209999994375,5444.32,8792.32,0.5569999999999999,-0.000899281,2033.157999999977,0.8435251798561151
2016.13,684.7999999998137,3.99,3.449,4465.151000000071,5408.35,8846.59,0.5410000000000004,-0.000899281,2021.2619999999763,0.8462230215827338
2004.01,671.2000000001863,3.995,3.451,4442.289000000339,5372.29,8792.29,0.544,-0.000899281,2004.0019999999768,0.8462230215827338
2049.86,711.2000000001863,3.99,3.432,4558.791000000201,5516.39,8727.68,0.5580000000000003,-0.000899281,2054.7340000000004,0.8462230215827338
2039.09,689.6000000000931,3.996,3.445,4544.350999999326,5480.35,9036.73,0.5510000000000002,-0.000899281,2044.4199999999769,0.8462230215827338
2045.83,722.3999999999069,3.998,3.428,4558.719999999739,5516.32,8749.31,0.5700000000000003,-0.000899281,2050.488,0.8462230215827338
2040.0,695.2000000001863,3.987,3.439,4529.950999999419,5480.35,8900.35,0.548,-0.000899281,2042.4,0.8696043165467626
2001.12,584.0,3.947,3.484,4334.351000000257,5264.35,8876.16,0.4630000000000001,-0.000899281,2006.59,0.8462230215827338
2047.81,702.0,3.995,3.438,4550.351999999955,5480.35,8762.31,0.5569999999999999,-0.000899281,2054.1340000000005,0.8507194244604317
1984.09,647.2000000001863,3.979,3.471,4334.351000000257,5264.35,8846.21,0.508,-0.000899281,1989.7899999999763,0.8498201438848921
2025.47,692.0,3.995,3.442,4515.551000000443,5480.35,9095.52,0.5529999999999999,-0.000899281,2030.8779999999883,0.8417266187050361
2050.75,612.0,3.945,3.475,4457.951999999583,5408.35,9149.12,0.4699999999999997,-0.000899281,2055.351999999976,0.8462230215827338
2028.0,704.0,3.995,3.457,4515.5600000005215,5444.36,8828.36,0.5380000000000003,-0.000899281,2030.399999999977,0.8426258992805755
2036.98,687.6000000000931,3.996,3.445,4537.143999999389,5480.34,9009.59,0.5510000000000002,-0.000899281,2041.8459999999768,0.8453237410071942
2045.38,702.3999999999069,3.994,3.44,4537.151999999303,5480.35,8773.66,0.5540000000000003,-0.000899281,2051.126,0.8498201438848921
2000.3,583.2000000001863,3.948,3.485,4328.344000000041,5264.34,8905.28,0.4630000000000001,-0.000899281,2004.226,0.8453237410071942
2045.34,678.0,3.973,3.448,4515.513000000268,5444.31,9019.77,0.5249999999999999,-0.000899281,2049.729999999977,0.8453237410071942
2023.86,692.3999999999069,3.995,3.442,4508.36,5444.36,9085.06,0.5529999999999999,-0.000899281,2028.2719999999888,0.8408273381294963
2048.95,612.0,3.945,3.475,4450.711999999825,5408.31,9148.25,0.4699999999999997,-0.000899281,2053.0459999999766,0.8453237410071942
2048.42,711.2000000001863,3.991,3.432,4551.513000000734,5480.31,8746.02,0.5590000000000002,-0.000899281,2052.494,0.8453237410071942
2040.0,695.2000000001863,3.988,3.441,4522.712999999989,5480.31,8900.31,0.5470000000000002,-0.000899281,2040.0,0.8687050359712231
2003.52,668.7999999998137,3.995,3.452,4436.39,5372.39,8828.39,0.5430000000000001,-0.000899281,2003.9059999999768,0.8453237410071942
2044.19,722.3999999999069,3.998,3.427,4551.544000000227,5480.34,8745.83,0.5710000000000002,-0.000899281,2048.23,0.8453237410071942
2000.74,680.7999999998137,3.986,3.444,4429.018999999389,5372.22,8941.02,0.5420000000000003,-0.000899281,2004.8719999999769,0.8507194244604317
1981.91,647.2000000001863,3.979,3.471,4322.350999999326,5264.35,8866.59,0.508,-0.000899281,1987.053999999977,0.8489208633093526
2014.53,684.7999999998137,3.99,3.448,4457.958999999799,5408.36,8855.47,0.5420000000000003,-0.000899281,2018.8239999999769,0.8453237410071942
2035.0,688.0,3.997,3.446,4529.943999999668,5480.34,9003.64,0.5509999999999997,-0.000899281,2039.3279999999768,0.8444244604316546
2042.28,722.3999999999069,3.998,3.428,4550.343999999575,5480.34,8723.2,0.5700000000000003,-0.000899281,2046.094,0.8444244604316546
1998.2,583.2000000001863,3.948,3.485,4321.128000000026,5264.33,8892.8,0.4630000000000001,-0.000899281,2002.01,0.8444244604316546
2012.98,682.7999999998137,3.989,3.449,4454.360000000335,5408.36,8864.61,0.54,-0.000899281,2016.601999999977,0.8444244604316546
1992.0,671.2000000001863,3.994,3.452,4430.343000000343,5372.34,8841.78,0.5420000000000003,-0.000899281,2001.505999999977,0.8444244604316546
2042.37,698.3936000000685,3.994,3.441,4529.9590000002645,5480.36,8741.28,0.5530000000000004,-0.000899281,2048.22,0.8489208633093526
2021.77,690.3999999999069,3.994,3.442,4502.219000000507,5444.22,9134.08,0.552,-0.000899281,2025.8299999999883,0.8399280575539569
2040.0,695.2000000001863,3.988,3.441,4522.625,5446.62,8902.62,0.5470000000000002,-0.000899281,2040.0,0.8678057553956835
1980.19,643.2000000001863,3.979,3.473,4316.344000000507,5228.34,8848.92,0.5060000000000002,-0.000899281,1984.6039999999768,0.848021583
1998.44,676.7999999998137,3.986,3.444,4424.358999999706,5336.36,8942.2,0.5420000000000003,-0.000899281,2002.485999999977,0.8498201438848921
2043.42,678.3999999999069,3.973,3.448,4508.359000000171,5444.36,9008.81,0.5249999999999999,-0.000899281,2047.3479999999768,0.8444244604316546
2046.44,709.2000000001863,3.991,3.433,4544.344000000507,5480.34,8745.38,0.5580000000000003,-0.000899281,2050.314,0.8444244604316546
2047.3,608.0,3.945,3.475,4443.435000000056,5408.23,9136.88,0.4699999999999997,-0.000899281,2050.863999999977,0.8444244604316546
2028.0,704.0,3.995,3.439,4514.343000000343,5444.34,8792.34,0.556,-0.000899281,2028.0,0.8417266187050358
2032.91,684.0,3.996,3.447,4522.712999999989,5480.31,8987.33,0.5489999999999999,-0.000899281,2037.071999999977,0.8435251798561151
2042.25,674.3937999997288,3.973,3.449,4502.342999999877,5444.34,9034.11,0.524,-0.000899281,2045.4799999999768,0.8435251798561151
2039.71,698.3999999999069,3.995,3.441,4522.7209999994375,5480.32,8740.1,0.5540000000000003,-0.000899281,2045.288,0.848021583
2028.0,691.2000000001863,3.988,3.441,4508.313000000082,5444.31,8900.31,0.5470000000000002,-0.000899281,2037.6,0.8669064748201439
2010.62,680.7999999998137,3.99,3.45,4448.343999999575,5408.34,8847.45,0.54,-0.000899281,2014.5139999999767,0.8435251798561151
2019.2,688.7999999998137,3.994,3.443,4496.343000000343,5444.34,9028.44,0.5510000000000002,-0.000899281,2023.5639999999885,0.8390287769784173
2044.92,608.3999999999069,3.944,3.476,4443.513000000268,5408.31,9112.34,0.4679999999999999,-0.000899281,2048.9239999999763,0.8435251798561151
2027.75,704.0,3.995,3.439,4508.344000000507,5444.34,8828.34,0.556,-0.000899281,2027.9499999999769,0.8408273381294963
1978.56,643.2000000001863,3.979,3.473,4310.312999999616,5228.31,8855.22,0.5060000000000002,-0.000899281,1982.2999999999768,0.8471223021582734
2040.61,719.0,3.998,3.428,4544.358999999706,5480.36,8714.94,0.5700000000000003,-0.000899281,2044.176,0.8435251798561151
1996.12,579.2000000001863,3.948,3.485,4313.913000000175,5264.31,8886.49,0.4630000000000001,-0.000899281,1999.838,0.8435251798561151
1996.95,676.7999999998137,3.986,3.444,4418.218000000343,5336.22,8936.89,0.5420000000000003,-0.000899281,2000.5379999999764,0.8489208633093526
2044.55,707.2000000001863,3.991,3.433,4538.358999999706,5480.36,8713.58,0.5580000000000003,-0.000899281,2048.254,0.8435251798561151
1992.0,671.2000000001863,3.995,3.452,4424.344000000041,5372.34,8828.34,0.5430000000000001,-0.000899281,1999.1059999999768,0.8435251798561151
1976.42,645.6000000000931,3.979,3.472,4304.328000000212,5228.33,8844.91,0.5070000000000001,-0.000899281,1980.2339999999767,0.8462230215827338
2025.77,704.0,3.995,3.44,4501.190999999642,5444.39,8792.39,0.5550000000000002,-0.000899281,2027.5039999999767,0.8399280575539569
1994.75,674.0,3.986,3.445,4412.375,5336.38,8956.77,0.5410000000000004,-0.000899281,1998.629999999977,0.848021583
2028.0,691.2000000001863,3.988,3.443,4508.327999999281,5444.33,8900.33,0.5449999999999999,-0.000899281,2035.2,0.8660071942446044
2039.05,719.0,3.998,3.429,4537.128000000026,5480.33,8727.41,0.5690000000000004,-0.000899281,2042.392,0.8426258992805755
2017.31,687.2000000001863,3.993,3.443,4493.929000000004,5444.33,9080.33,0.5499999999999998,-0.000899281,2021.5219999999888,0.8381294964028777
2043.06,709.0,3.99,3.434,4532.359000000171,5480.36,8753.8,0.556,-0.000899281,2046.466,0.8426258992805755
2041.56,604.7999999998137,3.943,3.476,4436.218000000343,5408.22,9112.98,0.4670000000000001,-0.000899281,2046.6959999999767,0.8426258992805755
1992.0,667.2000000001863,3.995,3.453,4418.343999999575,5336.34,8828.34,0.5420000000000003,-0.000899281,1996.705999999977,0.8426258992805755
2027.97,686.3751999996603,3.995,3.448,4515.527999999467,5480.33,8961.41,0.5470000000000002,-0.000899281,2034.389999999977,0.8426258992805755
1993.89,580.0,3.948,3.486,4306.774999999907,5264.38,8876.73,0.4619999999999997,-0.000899281,1997.926,0.8426258992805755
2039.58,672.7999999998137,3.973,3.449,4496.360000000335,5444.36,9044.27,0.524,-0.000899281,2043.5779999999768,0.8426258992805755
2008.83,680.7999999998137,3.99,3.45,4442.344000000507,5372.34,8840.16,0.54,-0.000899281,2012.6179999999767,0.8426258992805756
2036.9,694.3999999999069,3.994,3.442,4514.319999999832,5444.32,8750.37,0.552,-0.000899281,2042.434,0.8471223021582734
2040.94,705.6000000000931,3.99,3.435,4526.311999999452,5480.31,8754.75,0.5550000000000002,-0.000899281,2044.682,0.8417266187050358
2035.27,694.7999999998137,3.995,3.442,4508.351999999955,5444.35,8747.84,0.5529999999999999,-0.000899281,2039.926,0.8462230215827338
2014.24,685.6000000000931,3.993,3.444,4484.343000000343,5444.34,9031.03,0.5489999999999999,-0.000899281,2019.275999999988,0.8372302158273381
2016.0,700.0,3.995,3.44,4493.990999999922,5408.39,8828.39,0.5550000000000002,-0.000899281,2025.1039999999768,0.8390287769784173
2037.56,718.7999999998137,3.998,3.429,4529.958999999799,5480.36,8726.98,0.5690000000000004,-0.000899281,2040.738,0.8417266187050358
2006.27,679.2000000001863,3.99,3.45,4430.358999999706,5372.36,8819.36,0.54,-0.000899281,2010.6459999999763,0.8417266187050361
2036.38,666.3999999999069,3.969,3.45,4486.712999999523,5444.31,9016.83,0.5189999999999997,-0.000899281,2041.393999999977,0.8417266187050358
1980.0,661.6000000000931,3.994,3.453,4407.528000000399,5336.33,8792.33,0.5410000000000004,-0.000899281,1991.9039999999768,0.8417266187050358
2037.03,601.6000000000931,3.942,3.479,4421.990000000224,5372.39,9104.3,0.4630000000000001,-0.000899281,2043.9519999999768,0.8417266187050358
2028.0,689.6000000000931,3.988,3.443,4496.328000000212,5444.33,8900.33,0.5449999999999999,-0.000899281,2032.8,0.8651079136690647
1987.62,670.0,3.984,3.446,4400.375,5336.38,8901.5,0.5379999999999998,-0.000899281,1995.6999999999769,0.8471223021582734
1974.38,641.6000000000931,3.979,3.474,4298.391000000294,5228.39,8844.36,0.5049999999999999,-0.000899281,1978.2919999999765,0.8453237410071942
1991.48,577.6000000000931,3.948,3.486,4299.513000000268,5264.31,8875.16,0.4619999999999997,-0.000899281,1995.998,0.8417266187050358
2028.0,682.7999999998137,3.995,3.448,4508.343999999575,5480.34,8981.75,0.5470000000000002,-0.000899281,2032.1719999999768,0.8417266187050358
1992.0,666.0,3.994,3.456,4388.313000000082,5336.31,8826.39,0.5380000000000003,-0.000899281,1989.5999999999767,0.8408273381294963
2012.38,681.6000000000931,3.992,3.445,4478.343000000343,5444.34,9095.09,0.5470000000000002,-0.000899281,2016.979999999988,0.8363309352517986
2025.31,679.2000000001863,3.995,3.467,4496.311999999918,5444.31,8934.59,0.528,-0.000899281,2029.8379999999768,0.8408273381294963
2028.0,687.6000000000931,3.988,3.443,4490.25,5444.25,8864.25,0.5449999999999999,-0.000899281,2030.4,0.8642086330935251
2035.75,601.6000000000931,3.942,3.481,4414.760000000242,5372.36,9086.5,0.4610000000000003,-0.000899281,2041.3119999999767,0.8408273381294963
2035.91,666.0,3.97,3.453,4472.282000000123,5408.28,9030.39,0.5170000000000003,-0.000899281,2039.5079999999768,0.8408273381294963
1968.92,644.0,3.979,3.473,4286.328000000212,5228.33,8851.38,0.5060000000000002,-0.000899281,1975.6939999999763,0.8444244604316546
2035.55,718.0,3.997,3.429,4522.711999999825,5480.31,8713.98,0.5680000000000001,-0.000899281,2039.01,0.8408273381294963
2016.0,698.3999999999069,3.995,3.44,4488.931000000332,5410.53,8794.53,0.5550000000000002,-0.000899281,2022.7039999999768,0.8381294964028777
1988.52,669.6000000000931,3.986,3.448,4378.728000000119,5300.33,8934.62,0.5380000000000003,-0.000899281,1993.255999999977,0.8462230215827338
2004.36,675.2000000001863,3.99,3.451,4421.943999999668,5372.34,8813.95,0.5390000000000001,-0.000899281,2008.611999999977,0.8408273381294963
1988.7,578.0,3.948,3.487,4292.375,5228.38,8867.03,0.4609999999999998,-0.000899281,1993.6780000000003,0.8408273381294963
2033.47,694.7999999998137,3.994,3.443,4501.121000000276,5444.32,8731.49,0.5510000000000002,-0.000899281,2037.544,0.8453237410071942
2038.66,708.0,3.99,3.435,4520.265,5444.27,8707.36,0.5550000000000002,-0.000899281,2042.73,0.8408273381294963
2033.92,666.3999999999069,3.97,3.454,4472.358999999706,5408.36,8987.84,0.516,-0.000899281,2037.607999999977,0.8399280575539569
1986.33,576.0,3.948,3.487,4285.160000000149,5228.36,8879.36,0.4609999999999998,-0.000899281,1991.304,0.8399280575539569
2034.33,601.6000000000931,3.942,3.48,4407.543999999762,5372.34,9075.73,0.4620000000000002,-0.000899281,2038.7179999999769,0.8399280575539569
2032.0,692.7999999998137,3.994,3.443,4493.972199999727,5444.34,8720.34,0.5510000000000002,-0.000899281,2035.47,0.8444244604316546
2036.61,704.0,3.99,3.436,4508.344000000507,5444.34,8701.99,0.5540000000000003,-0.000899281,2040.764,0.8399280575539569
2028.0,688.0,3.988,3.443,4484.219000000041,5408.22,8900.22,0.5449999999999999,-0.000899281,2028.0,0.8633093525179856
1968.45,640.0,3.978,3.476,4268.327999999281,5192.33,8829.89,0.5020000000000002,-0.000899281,1973.3459999999768,0.8435251798561151
2033.83,715.2000000001863,3.997,3.43,4515.544000000693,5444.34,8718.56,0.5669999999999997,-0.000899281,2037.32,0.8399280575539569
2009.95,684.0,3.992,3.447,4472.343999999575,5408.34,9028.34,0.5449999999999999,-0.000899281,2014.6159999999884,0.835431655
2023.94,675.2000000001863,3.995,3.45,4490.311999999918,5444.31,8957.95,0.5449999999999999,-0.000899281,2027.625999999977,0.8399280575539569
1986.3,665.6000000000931,3.986,3.449,4378.758999999613,5300.36,8918.2,0.5370000000000004,-0.000899281,1990.8279999999768,0.8453237410071942
2016.0,698.3999999999069,3.995,3.442,4479.513000000268,5408.31,8792.31,0.5529999999999999,-0.000899281,2020.303999999977,0.8372302158273381
2001.8,675.6000000000931,3.99,3.452,4414.727999999654,5372.33,8810.5,0.5380000000000003,-0.000899281,2006.3759999999768,0.8399280575539569
1980.0,666.0,3.994,3.454,4393.128000000026,5336.33,8792.33,0.54,-0.000899281,1987.1999999999769,0.8399280575539569
2035.09,702.0,3.99,3.436,4502.327999999747,5444.33,8691.97,0.5540000000000003,-0.000899281,2038.872,0.8390287769784173
2030.14,692.7999999998137,3.995,3.443,4486.728000000119,5444.33,8684.33,0.552,-0.000899281,2033.556,0.8435251798561151
2016.0,698.3999999999069,3.995,3.442,4472.483999999706,5408.48,8792.48,0.5529999999999999,-0.000899281,2017.9539999999768,0.8363309352517986
2032.72,662.3999999999069,3.97,3.454,4465.112999999896,5408.31,9016.7,0.516,-0.000899281,2035.7019999999768,0.8390287769784173
2028.0,684.0,3.988,3.444,4478.344000000507,5408.34,8864.34,0.544,-0.000899281,2028.0,0.862410072
2031.94,715.2000000001863,3.997,3.431,4508.36,5444.36,8694.53,0.5659999999999998,-0.000899281,2035.586,0.8390287769784173
2022.17,677.6000000000931,3.995,3.45,4484.391000000294,5444.39,8948.11,0.5449999999999999,-0.000899281,2025.4779999999769,0.8390287769784173
1984.92,665.6000000000931,3.986,3.448,4371.513000000268,5300.31,8903.61,0.5380000000000003,-0.000899281,1988.4219999999768,0.8444244604316546
1979.97,664.0,3.994,3.455,4388.358999999706,5300.36,8828.36,0.5390000000000001,-0.000899281,1984.793999999977,0.8390287769784173
2008.7,680.0,3.992,3.446,4466.358999999706,5408.36,9064.06,0.5459999999999998,-0.000899281,2012.5159999999885,0.8345323741007196
2032.95,601.6000000000931,3.942,3.48,4407.543000000529,5372.34,9080.86,0.4620000000000002,-0.000899281,2036.3239999999764,0.8390287769784173
2000.28,673.6000000000931,3.99,3.452,4407.543999999762,5336.34,8809.05,0.5380000000000003,-0.000899281,2004.3079999999768,0.8390287769784173
1966.78,638.0,3.979,3.474,4268.328000000212,5192.33,8819.38,0.5049999999999999,-0.000899281,1970.9899999999768,0.8426258992805755
1984.34,576.0,3.948,3.488,4274.375,5228.38,8845.78,0.4599999999999999,-0.000899281,1988.948,0.8390287769784173
1998.66,673.6000000000931,3.99,3.454,4400.312999999616,5336.31,8786.84,0.536,-0.000899281,2002.2739999999765,0.8381294964028777
2028.0,688.7999999998137,3.995,3.444,4484.375,5408.38,8706.36,0.5510000000000002,-0.000899281,2031.7760000000003,0.8426258992805756
2028.0,684.0,3.988,3.445,4472.436999999918,5408.44,8864.44,0.5430000000000001,-0.000899281,2028.0,0.8615107913669064
1983.2,668.0,3.986,3.449,4364.344000000507,5300.34,8883.39,0.5370000000000004,-0.000899281,1986.111999999977,0.8435251798561151
2016.0,698.3999999999069,3.995,3.442,4466.328999999911,5408.33,8828.33,0.5529999999999999,-0.000899281,2016.0,0.835431655
1980.0,664.0,3.995,3.455,4382.219000000041,5300.22,8756.22,0.54,-0.000899281,1982.3939999999768,0.8381294964028777
2033.55,704.3999999999069,3.99,3.438,4501.112999999896,5444.31,8684.31,0.552,-0.000899281,2036.97,0.8381294964028777
2007.0,680.3999999999069,3.992,3.447,4465.190999999642,5408.39,9032.42,0.5449999999999999,-0.000899281,2010.4539999999884,0.8336330935251798
1965.52,638.0,3.979,3.475,4263.544000000693,5192.34,8828.86,0.504,-0.000899281,1968.8099999999763,0.8417266187050358
2031.11,715.2000000001863,3.997,3.431,4502.36,5444.36,8705.19,0.5659999999999998,-0.000899281,2033.998,0.8381294964028777
2031.73,600.0,3.942,3.481,4406.327999999747,5372.33,9065.06,0.4610000000000003,-0.000899281,2034.357999999977,0.8381294964028777
1983.17,576.0,3.948,3.488,4270.743999999948,5228.34,8866.3,0.4599999999999999,-0.000899281,1986.804,0.8381294964028777
2030.39,664.7999999998137,3.969,3.455,4460.328999999911,5408.33,8955.42,0.5139999999999998,-0.000899281,2033.8639999999768,0.8381294964028777
2020.52,675.6155000003055,3.995,3.451,4479.543000000529,5444.38,8940.06,0.544,-0.000899281,2023.9879999999769,0.8381294964028777
2018.69,678.0,3.994,3.451,4478.343999999575,5444.34,8947.12,0.5430000000000001,-0.000899281,2022.125999999977,0.8372302158273381
2029.08,664.7999999998137,3.969,3.454,4457.912000000011,5408.31,8956.98,0.5149999999999997,-0.000899281,2032.4039999999768,0.8372302158273381
1964.0,638.3999999999069,3.979,3.477,4256.358999999706,5192.36,8792.36,0.5020000000000002,-0.000899281,1966.7339999999767,0.8408273381294963
2004.36,678.3999999999069,3.991,3.447,4457.975000000093,5408.38,9004.0,0.544,-0.000899281,2008.4779999999887,0.8327338129496404
1980.94,572.0,3.948,3.489,4263.528000000399,5228.33,8847.72,0.4590000000000001,-0.000899281,1984.696,0.8372302158273381
2029.67,717.0,3.997,3.431,4502.312999999616,5444.31,8691.36,0.5659999999999998,-0.000899281,2032.42,0.8372302158273381
2016.0,684.0,3.988,3.445,4465.283999999985,5408.48,8828.48,0.5430000000000001,-0.000899281,2025.6,0.860611511
2029.88,600.0,3.942,3.481,4400.313000000082,5372.31,9044.31,0.4610000000000003,-0.000899281,2032.9279999999767,0.8372302158273381
2026.05,691.2000000001863,3.994,3.444,4478.25,5408.25,8705.12,0.5500000000000003,-0.000899281,2029.932,0.8417266187050361
1981.98,666.0,3.987,3.448,4364.468999999575,5300.47,8914.66,0.5390000000000001,-0.000899281,1984.9839999999767,0.8426258992805756
2004.0,698.3999999999069,3.995,3.442,4465.159999999683,5408.36,8828.36,0.5529999999999999,-0.000899281,2013.5999999999767,0.8345323741007196
1997.12,669.6000000000931,3.99,3.453,4400.342999999877,5336.34,8769.72,0.5370000000000004,-0.000899281,2000.4439999999763,0.8372302158273381
1980.0,666.0,3.995,3.454,4378.712000000291,5300.31,8792.31,0.5409999999999999,-0.000899281,1982.3939999999768,0.8372302158273381
2032.22,700.0,3.99,3.437,4493.881000000052,5444.28,8684.42,0.5530000000000004,-0.000899281,2035.226,0.8372302158273381
1980.0,664.0,3.995,3.454,4376.219000000507,5300.22,8792.22,0.5409999999999999,-0.000899281,1979.9939999999765,0.8363309352517986
2031.05,702.3999999999069,3.99,3.437,4490.359500000253,5444.34,8696.49,0.5530000000000004,-0.000899281,2033.704,0.8363309352517986
2004.03,694.4042667,3.995,3.442,4460.327999999281,5372.33,8792.33,0.5529999999999999,-0.000899281,2011.2059999999765,0.8336330935251798
1995.84,672.0,3.99,3.454,4393.128999999724,5336.33,8797.34,0.536,-0.000899281,1998.7399999999768,0.8363309352517986
2015.39,674.3999999999069,3.993,3.451,4472.344000000507,5444.34,8934.02,0.5419999999999998,-0.000899281,2020.1419999999769,0.8363309352517986
2000.25,675.2000000001863,3.99,3.448,4450.758999999613,5408.36,9010.69,0.5420000000000003,-0.000899281,2006.0519999999883,0.8318345323741008
1979.61,664.0,3.987,3.449,4357.143999999389,5300.34,8891.09,0.5380000000000003,-0.000899281,1983.2019999999768,0.8417266187050361
2028.8,717.6000000000931,3.998,3.432,4496.390999999363,5444.39,8703.11,0.5660000000000003,-0.000899281,2031.07,0.8363309352517986
1962.75,638.3999999999069,3.979,3.475,4256.313000000082,5192.31,8801.02,0.504,-0.000899281,1965.4999999999768,0.8399280575539569
2016.0,680.0103333336301,3.988,3.446,4460.328000000212,5408.33,8828.33,0.5419999999999998,-0.000899281,2023.2,0.8597122302158272
2026.66,661.2000000001863,3.969,3.454,4454.25,5408.25,8946.56,0.5149999999999997,-0.000899281,2030.553999999977,0.8363309352517986
2024.38,687.2020666664466,3.994,3.444,4472.312000000384,5408.31,8708.16,0.5500000000000003,-0.000899281,2028.114,0.8408273381294963
2026.31,596.3999999999069,3.941,3.481,4393.144,5372.34,9063.14,0.4599999999999999,-0.000899281,2031.0399999999763,0.8363309352517986
1979.61,572.0,3.948,3.489,4256.358999999706,5192.36,8849.66,0.4590000000000001,-0.000899281,1982.878,0.8363309352517986
2020.0,669.594,4.006,3.692,4417.280999999959,5397.0,9021.25,0.314,-0.000899281,2019.3539999999768,0.835431655
2031.12,708.0,4.006,3.685,4445.25,5411.03,8790.81,0.3210000000000002,-0.000899281,2030.528,0.835431655
1979.94,568.813,3.958,3.705,4200.375,5180.0,8934.25,0.2530000000000001,-0.000899281,1981.6,0.835431655
2035.69,660.0,3.983,3.783,4417.375,5390.38,9011.53,0.2000000000000001,-0.000899281,2030.907999999977,0.835431655
2036.75,597.5940000005066,3.956,3.691,4354.375,5334.0,9125.16,0.2650000000000001,-0.000899281,2031.5239999999765,0.835431655
1987.47,664.812,4.0,3.696,4312.281999999657,5271.0,8944.09,0.3039999999999998,-0.000899281,1983.4359999999767,0.8408273381294963
2033.94,693.625,3.999,3.777,4438.344000000041,5411.34,8800.44,0.2219999999999999,-0.000899281,2033.17,0.835431655
2028.0,679.2189999995753,3.999,3.779,4403.0,5376.0,8946.03,0.2200000000000002,-0.000899281,2023.2,0.8588129496402879
2022.75,689.6000000000931,3.994,3.445,4460.344000000507,5408.34,8713.08,0.5490000000000004,-0.000899281,2026.264,0.8399280575539569
2005.12,674.4069999996573,4.003,3.69,4385.859500000253,5355.0,9124.47,0.3130000000000001,-0.000899281,2005.0859999999884,0.8309352517985612
1989.59,660.0,4.008,3.701,4340.375,5292.0,8869.41,0.3069999999999999,-0.000899281,1981.9119999999768,0.835431655
1997.53,664.812,4.001,3.69,4340.25,5306.0,8870.44,0.3110000000000004,-0.000899281,1997.8859999999768,0.835431655
1961.16,638.3999999999069,3.979,3.475,4250.296999999788,5192.3,8825.0,0.504,-0.000899281,1964.0419999999765,0.8390287769784173
1996.75,663.2000000001863,3.987,3.778,4328.343000000343,5300.34,8829.41,0.209,-0.000899281,1997.1799999999769,0.8345323741007196
1979.53,569.5752000003122,3.944,3.792,4184.25,5156.25,8913.38,0.1520000000000001,-0.000899281,1980.638,0.8345323741007196
2031.84,698.3999999999069,3.985,3.771,4429.174999999814,5372.38,8766.25,0.2139999999999999,-0.000899281,2032.52,0.8345323741007196
1985.84,662.3999999999069,3.985,3.777,4316.343000000343,5264.34,8932.09,0.2079999999999997,-0.000899281,1983.6199999999767,0.8399280575539569
2029.59,709.0,3.993,3.769,4430.406999999657,5372.41,8775.78,0.2239999999999997,-0.000899281,2030.058,0.8345323741007196
2020.77,687.6000000000931,3.994,3.445,4454.328000000212,5408.33,8698.22,0.5490000000000004,-0.000899281,2024.39,0.8390287769784173
2033.78,661.2000000001863,3.968,3.775,4421.943999999668,5372.34,8993.34,0.193,-0.000899281,2031.1199999999767,0.8345323741007196
2016.0,679.2000000001863,3.985,3.772,4400.311999999918,5372.31,8936.31,0.213,-0.000899281,2020.8,0.8579136690647482
2007.69,675.2000000001863,3.989,3.775,4400.313000000082,5372.31,9056.47,0.2139999999999999,-0.000899281,2004.8839999999884,0.8300359712230216
2034.84,598.0,3.941,3.784,4364.343999999575,5336.34,9094.03,0.157,-0.000899281,2031.9019999999769,0.8345323741007196
2016.0,687.6000000000931,3.991,3.772,4406.375,5336.38,8828.38,0.2190000000000003,-0.001798561,2011.2059999999765,0.8325539568345324
2020.69,672.7999999998137,3.992,3.772,4424.313000000082,5408.31,8992.97,0.2200000000000002,-0.000899281,2019.0579999999768,0.8345323741007196
1980.0,660.7999999998137,3.993,3.775,4334.343999999575,5264.34,8828.34,0.2179999999999999,-0.000899281,1981.9179999999767,0.8345323741007196
1967.06,638.4060000004247,3.99,3.692,4200.375,5152.0,8889.09,0.298,-0.000899281,1964.0979999999768,0.8381294964028777
1984.44,664.0,3.986,3.45,4364.343999999575,5300.34,8898.5,0.536,-0.000899281,1983.8679999999767,0.8390287769784173
2019.62,674.3999999999069,3.993,3.455,4479.543999999762,5444.34,8946.84,0.5379999999999998,-0.000899281,2018.8779999999765,0.8336330935251798
2028.0,682.3999999999069,3.988,3.45,4460.375,5408.38,8864.38,0.5379999999999998,-0.000899281,2020.8,0.8570143884892086
1966.31,635.2000000001863,3.976,3.78,4196.375,5156.38,8864.38,0.1960000000000001,-0.000899281,1964.2559999999764,0.8372302158273381
2020.39,686.99225,3.995,3.445,4450.743999999482,5408.34,8709.16,0.5500000000000003,-0.000899281,2022.868,0.8381294964028777
1980.0,664.0,3.994,3.457,4378.712999999989,5300.31,8864.31,0.5370000000000004,-0.000899281,1981.9179999999767,0.8336330935251798
2031.5,661.2000000001863,3.968,3.457,4466.218999999575,5408.22,9008.22,0.5110000000000001,-0.000899281,2031.3419999999765,0.8336330935251798
2016.0,694.3999999999069,3.995,3.445,4465.143999999389,5408.34,8828.34,0.5500000000000003,-0.000899281,2011.2059999999765,0.83147482
1981.72,570.3999999999069,3.947,3.492,4249.111999999266,5192.31,8864.31,0.455,-0.000899281,1980.348,0.8336330935251798
2004.0,675.2000000001863,3.99,3.45,4465.144,5408.34,9085.19,0.54,-0.000899281,2004.2839999999885,0.8291366906474821
1999.44,668.0,3.99,3.458,4388.375,5336.38,8805.09,0.532,-0.000899281,1997.3359999999768,0.8336330935251798
2035.41,704.3999999999069,3.989,3.441,4486.774999999907,5408.38,8733.97,0.548,-0.000899281,2032.8920000000005,0.8336330935251798
2032.97,717.6000000000931,3.997,3.435,4493.944,5444.34,8717.38,0.5619999999999998,-0.000899281,2030.43,0.8336330935251798
2032.72,598.3999999999069,3.941,3.482,4407.543000000529,5372.34,9111.91,0.4589999999999996,-0.000899281,2032.0999999999767,0.8336330935251798
1981.84,662.3999999999069,3.986,3.45,4364.311999999918,5300.31,8884.38,0.536,-0.000899281,1983.839999999977,0.8381294964028777
2003.03,674.0,3.99,3.449,4457.912000000011,5408.31,9008.31,0.5410000000000004,-0.000899281,2004.0179999999884,0.8282374100719425
2016.0,680.3999999999069,3.987,3.447,4465.049999999814,5408.25,8864.25,0.54,-0.000899281,2020.8,0.8561151079136691
1979.66,570.3999999999069,3.948,3.49,4256.311999999452,5192.31,8883.53,0.4579999999999997,-0.000899281,1980.092,0.8327338129496404
2017.12,670.3999999999069,3.993,3.454,4478.406000000425,5444.41,8914.06,0.5389999999999997,-0.000899281,2018.5639999999769,0.8327338129496404
2016.0,694.3999999999069,3.995,3.445,4472.343999999575,5408.34,8820.06,0.5500000000000003,-0.000899281,2011.2059999999765,0.8303956834532373
2033.28,704.3999999999069,3.99,3.437,4501.080999999773,5444.28,8692.91,0.5530000000000004,-0.000899281,2033.104,0.8327338129496404
2030.62,717.6000000000931,3.997,3.432,4508.311999999918,5444.31,8718.53,0.565,-0.000899281,2030.62,0.8327338129496404
1997.38,668.0,3.989,3.455,4394.218999999575,5336.22,8814.41,0.5339999999999998,-0.000899281,1997.3879999999767,0.8327338129496404
1980.0,664.0,3.994,3.456,4382.343999999575,5300.34,8828.34,0.5380000000000003,-0.000899281,1981.9179999999767,0.8327338129496404
2018.94,687.6000000000931,3.994,3.445,4448.36,5408.36,8701.61,0.5490000000000004,-0.000899281,2021.446,0.8372302158273381
2029.69,596.7999999998137,3.94,3.482,4400.375,5372.38,9098.69,0.4579999999999997,-0.000899281,2032.0619999999767,0.8327338129496404
1966.06,638.4319999995641,3.978,3.478,4256.343000000343,5192.34,8861.72,0.5,-0.000899281,1964.6679999999767,0.8363309352517986
2027.88,661.6000000000931,3.967,3.456,4457.975000000093,5408.38,8962.78,0.5110000000000001,-0.000899281,2031.101999999977,0.8327338129496404
1994.44,668.0,3.99,3.455,4388.280999999493,5336.28,8797.38,0.5350000000000001,-0.000899281,1997.107999999977,0.8318345323741008
2018.08,685.6000000000931,3.994,3.446,4443.558999999892,5372.36,8710.62,0.548,-0.000899281,2020.186,0.8363309352517986
2031.0,702.3999999999069,3.99,3.437,4493.944,5444.34,8727.72,0.5530000000000004,-0.000899281,2033.094,0.8318345323741007
1980.0,662.3999999999069,3.994,3.455,4371.606999999844,5300.41,8828.41,0.5390000000000001,-0.000899281,1981.9179999999767,0.8318345323741007
1963.88,636.0,3.978,3.477,4256.311999999918,5192.31,8853.16,0.5010000000000003,-0.000899281,1964.8939999999768,0.835431655
2000.28,670.0,3.989,3.449,4448.375,5408.38,9030.75,0.54,-0.000899281,2004.0239999999883,0.8273381294964028
2028.38,713.6000000000931,3.997,3.431,4501.112999999896,5444.31,8725.28,0.5659999999999998,-0.000899281,2030.536,0.8318345323741007
1976.91,570.3999999999069,3.947,3.49,4249.174999999814,5192.38,8855.38,0.4569999999999998,-0.000899281,1979.552,0.8318345323741007
2027.5,596.7999999998137,3.94,3.483,4385.912000000011,5336.31,9082.09,0.4569999999999998,-0.000899281,2032.2999999999768,0.8318345323741007
2026.0,657.6000000000931,3.967,3.457,4450.774999999907,5408.38,8993.16,0.5100000000000002,-0.000899281,2030.9699999999768,0.8318345323741007
2016.0,678.3999999999069,3.987,3.447,4454.313000000082,5408.31,8828.31,0.54,-0.000899281,2020.8,0.8552158273381295
2014.19,670.7999999998137,3.993,3.453,4472.312000000384,5408.31,8892.03,0.54,-0.000899281,2018.3239999999769,0.8318345323741007
1979.41,662.3999999999069,3.986,3.45,4352.375,5264.38,8901.72,0.536,-0.000899281,1983.7999999999768,0.8372302158273381
2004.0,694.7999999998137,3.995,3.443,4465.143999999389,5408.34,8811.78,0.552,-0.000899281,2011.2059999999765,0.8293165467625899
1999.44,670.0,3.989,3.45,4442.375,5372.38,9013.88,0.5389999999999997,-0.000899281,2002.8879999999888,0.8264388489208633
1974.62,568.7999999998137,3.947,3.491,4241.944000000134,5192.34,8830.59,0.4559999999999999,-0.000899281,1978.488,0.8309352517985612
2022.16,654.0,3.966,3.458,4442.343000000343,5372.34,8969.12,0.508,-0.000899281,2028.2639999999767,0.8309352517985612
1980.0,658.7999999998137,3.993,3.456,4364.343999999575,5300.34,8792.31,0.5369999999999999,-0.000899281,1980.0,0.8309352517985612
2016.0,676.7999999998137,3.987,3.448,4448.344000000507,5372.34,8828.34,0.5390000000000001,-0.000899281,2018.4,0.854316547
2025.59,595.2000000001863,3.94,3.483,4378.774999999907,5336.38,9084.94,0.4569999999999998,-0.000899281,2030.0679999999768,0.8309352517985612
2017.06,676.813,4.003,3.697,4389.343999999575,5355.0,8766.66,0.306,-0.000899281,2019.048,0.835431655
2004.0,692.7999999998137,3.995,3.444,4457.944,5372.34,8828.34,0.5510000000000002,-0.000899281,2011.1999999999769,0.8282374100719423
2028.44,700.7999999998137,3.989,3.438,4484.342999999877,5408.34,8691.16,0.5509999999999997,-0.000899281,2031.994,0.8309352517985612
1992.97,666.0,3.99,3.455,4378.7440000004135,5336.34,8816.53,0.5350000000000001,-0.000899281,1996.1959999999767,0.8309352517985612
1960.88,634.7999999998137,3.978,3.478,4249.144,5192.34,8837.03,0.5,-0.000899281,1964.8379999999768,0.8345323741007196
2012.41,668.7999999998137,3.993,3.454,4460.375,5408.38,8910.31,0.5389999999999997,-0.000899281,2016.8059999999768,0.8309352517985612
1975.91,656.7999999998137,3.985,3.45,4342.743,5264.34,8888.09,0.5349999999999997,-0.000899281,1981.4879999999769,0.8363309352517986
2026.41,712.0,3.997,3.432,4490.2975,5444.28,8720.16,0.565,-0.000899281,2029.5940000000005,0.8309352517985612
1973.97,656.7999999998137,3.986,3.452,4334.313000000082,5264.31,8883.94,0.5340000000000003,-0.000899281,1979.1139999999768,0.835431655
1990.22,662.3999999999069,3.99,3.455,4371.575000000186,5300.38,8832.25,0.5350000000000001,-0.000899281,1994.889999999977,0.8300359712230216
2004.0,667.2000000001863,3.992,3.454,4454.375,5408.38,8901.56,0.5379999999999998,-0.000899281,2013.4679999999769,0.8300359712230216
2016.22,676.0,3.989,3.773,4370.343000000343,5336.34,8762.41,0.2159999999999997,-0.000899281,2018.138,0.8345323741007196
2027.19,700.7999999998137,3.989,3.438,4479.575000000186,5408.38,8749.81,0.5509999999999997,-0.000899281,2031.064,0.8300359712230216
2024.5,595.2000000001863,3.94,3.5,4371.543999999762,5336.34,9068.34,0.4399999999999999,-0.000899281,2027.9999999999768,0.8300359712230216
2004.0,688.7808000002988,3.995,3.444,4450.712999999989,5372.31,8792.31,0.5510000000000002,-0.000899281,2008.7999999999768,0.8273381294964028
1957.41,631.2000000001863,3.977,3.477,4241.943999999668,5156.34,8846.75,0.5,-0.000899281,1962.907999999977,0.8336330935251798
2016.0,676.7999999998137,3.987,3.448,4442.343999999575,5372.34,8828.34,0.5390000000000001,-0.000899281,2018.4,0.8534172661870503
2020.66,653.9689999995753,3.967,3.459,4430.343999999575,5372.34,8933.91,0.508,-0.000899281,2025.639999999977,0.8300359712230216
1971.97,570.0,3.947,3.492,4234.649999999907,5192.25,8846.88,0.455,-0.000899281,1976.976,0.8300359712230216
1980.0,660.7999999998137,3.993,3.458,4349.912000000011,5264.31,8828.31,0.5349999999999997,-0.000899281,1980.0,0.8300359712230216
2024.16,712.0,3.997,3.452,4484.343999999575,5408.34,8735.0,0.5449999999999999,-0.000899281,2028.5080000000005,0.8300359712230216
1996.91,674.3999999999069,3.989,3.451,4436.375,5372.38,8961.62,0.5379999999999998,-0.000899281,2000.7319999999884,0.8255395683453237
2023.16,596.0,3.939,3.483,4371.575000000186,5336.38,9068.91,0.4559999999999999,-0.000899281,2026.0879999999768,0.8291366906474819
1955.44,633.6000000000931,3.977,3.478,4227.543999999762,5156.34,8825.03,0.4989999999999996,-0.000899281,1960.7339999999767,0.8327338129496404
2007.62,665.6000000000931,3.992,3.455,4443.513000000268,5408.31,8906.16,0.5369999999999999,-0.000899281,2011.0679999999768,0.8291366906474819
1994.97,670.3999999999069,3.989,3.451,4429.143999999389,5372.34,8978.09,0.5379999999999998,-0.000899281,1998.925999999988,0.8246402877697842
1969.75,567.2000000001863,3.947,3.492,4220.311999999452,5156.31,8852.78,0.455,-0.000899281,1974.582,0.8291366906474819
2004.0,687.2000000001863,3.995,3.444,4442.406000000425,5372.41,8792.41,0.5510000000000002,-0.000899281,2006.399999999977,0.8264388489208633
2024.41,699.2000000001863,3.989,3.438,4472.344000000507,5408.34,8687.53,0.5509999999999997,-0.000899281,2028.864,0.8291366906474819
2018.81,654.3999999999069,3.967,3.46,4429.174999999814,5372.38,8945.19,0.5070000000000001,-0.000899281,2023.101999999977,0.8291366906474819
1972.41,658.0,3.986,3.452,4328.375,5264.38,8910.28,0.5340000000000003,-0.000899281,1976.707999999977,0.8345323741007196
1988.03,664.0,3.99,3.456,4364.218000000343,5300.22,8818.97,0.5340000000000003,-0.000899281,1992.6079999999763,0.8291366906474821
2016.0,675.2000000001863,3.987,3.448,4436.344000000507,5372.34,8828.34,0.5390000000000001,-0.000899281,2016.0,0.8525179856115107
2022.09,710.3999999999069,3.996,3.434,4478.343999999575,5408.34,8725.03,0.5619999999999998,-0.000899281,2026.332,0.8291366906474819
2021.81,685.0,3.993,3.451,4436.343999999575,5372.34,8703.72,0.5419999999999998,-0.000899281,2018.422,0.8336330935251798
1979.81,660.7999999998137,3.993,3.457,4349.913000000175,5264.31,8792.31,0.536,-0.000899281,1979.9619999999768,0.8291366906474819
2004.81,663.6000000000931,3.992,3.456,4436.342999999877,5408.34,8873.28,0.536,-0.000899281,2008.6059999999768,0.8282374100719425
2022.62,695.2000000001863,3.989,3.439,4465.112999999896,5408.31,8718.81,0.5499999999999998,-0.000899281,2026.732,0.8282374100719425
2017.25,650.3999999999069,3.966,3.459,4421.943000000436,5372.34,8951.28,0.5070000000000001,-0.000899281,2020.9759999999765,0.8282374100719425
1985.56,660.7999999998137,3.989,3.458,4357.018999999389,5300.22,8805.22,0.5309999999999997,-0.000899281,1990.243999999977,0.8282374100719425
1993.69,670.3999999999069,3.988,3.451,4422.038000000175,5372.44,8993.34,0.5369999999999999,-0.000899281,1997.0579999999889,0.8237410071942446
2004.0,687.2000000001863,3.995,3.445,4436.375,5372.38,8828.38,0.5500000000000003,-0.000899281,2004.0,0.8255395683453237
2004.0,673.2000000001863,3.987,3.449,4429.080999999307,5372.28,8792.28,0.5380000000000003,-0.000899281,2013.6,0.8516187050359714
1970.22,655.2000000001863,3.986,3.452,4321.112999999896,5264.31,8875.91,0.5340000000000003,-0.000899281,1974.3839999999768,0.8336330935251798
1953.72,633.6000000000931,3.977,3.477,4226.343999999575,5156.34,8820.62,0.5,-0.000899281,1958.265999999977,0.8318345323741007
2022.09,597.6000000000931,3.94,3.483,4364.406000000425,5336.41,9060.81,0.4569999999999998,-0.000899281,2024.5679999999768,0.8282374100719425
2020.78,685.6000000000931,3.994,3.447,4454.375,5408.38,8719.75,0.5470000000000002,-0.000899281,2018.79,0.8327338129496404
1967.53,568.0,3.947,3.493,4213.174999999814,5156.38,8834.19,0.4540000000000002,-0.000899281,1972.156,0.8282374100719425
1968.0,659.2000000001863,3.992,3.457,4346.343999999575,5264.34,8792.34,0.5350000000000001,-0.000899281,1977.5619999999767,0.8282374100719425
2020.03,708.7999999998137,3.996,3.434,4472.311999999918,5408.31,8719.88,0.5619999999999998,-0.000899281,2024.214,0.8282374100719425
2020.34,693.6000000000931,3.988,3.439,4457.975000000093,5408.38,8695.66,0.5489999999999999,-0.000899281,2024.6,0.8273381294964028
2021.03,596.0,3.94,3.483,4364.343999999575,5336.34,9068.16,0.4569999999999998,-0.000899281,2023.2739999999765,0.8273381294964028
2004.0,685.2000000001863,3.995,3.444,4430.186999999918,5372.19,8756.19,0.5510000000000002,-0.000899281,2004.0,0.8246402877697842
2015.34,652.7999999998137,3.966,3.46,4418.344000000507,5372.34,8913.84,0.5060000000000002,-0.000899281,2018.8439999999769,0.8273381294964028
2004.0,673.6000000000931,3.986,3.45,4421.8809999995865,5372.28,8828.28,0.536,-0.000899281,2011.2,0.8507194244604317
1992.0,672.7999999998137,3.988,3.451,4414.743,5372.34,8968.62,0.5369999999999999,-0.000899281,1995.4019999999884,0.8228417266187049
2003.62,664.0,3.991,3.457,4430.467999999877,5372.47,8890.91,0.5340000000000003,-0.000899281,2006.4919999999763,0.8273381294964028
1951.38,632.0,3.977,3.478,4220.343999999575,5156.34,8818.44,0.4989999999999996,-0.000899281,1955.7659999999769,0.8309352517985612
1965.28,565.6000000000931,3.947,3.492,4205.943999999668,5156.34,8817.22,0.455,-0.000899281,1969.83,0.8273381294964028
2018.28,706.7999999998137,3.996,3.434,4466.313000000082,5408.31,8708.94,0.5619999999999998,-0.000899281,2022.194,0.8273381294964028
1968.0,655.2000000001863,3.993,3.458,4340.313000000082,5264.31,8792.31,0.5349999999999997,-0.000899281,1975.1619999999768,0.8273381294964028
2018.25,684.0,3.993,3.446,4448.375,5372.38,8714.94,0.5469999999999997,-0.000899281,2018.824,0.8318345323741008
1983.84,660.7999999998137,3.99,3.458,4349.943999999668,5300.34,8808.19,0.532,-0.000899281,1988.1239999999768,0.8273381294964028
1968.12,655.2000000001863,3.986,3.453,4316.343999999575,5228.34,8873.44,0.5330000000000004,-0.000899281,1972.125999999977,0.8327338129496404
2018.31,696.0,3.988,3.44,4450.713000000455,5372.31,8656.62,0.548,-0.000899281,2022.574,0.8264388489208633
2004.0,685.6000000000931,3.995,3.446,4424.405999999493,5336.41,8792.41,0.5489999999999999,-0.000899281,2004.0,0.8237410071942446
1949.5,630.0,3.977,3.479,4213.143999999389,5120.34,8816.25,0.4979999999999998,-0.000899281,1953.4899999999768,0.8300359712230216
1981.75,659.2000000001863,3.99,3.457,4342.774999999907,5300.38,8775.66,0.5330000000000004,-0.000899281,1985.8799999999767,0.8264388489208633
2001.31,664.0,3.991,3.456,4424.375,5372.38,8886.88,0.5350000000000001,-0.000899281,2004.2719999999767,0.8264388489208633
2016.78,706.7999999998137,3.996,3.435,4460.343000000343,5408.34,8715.31,0.5609999999999999,-0.000899281,2020.268,0.8264388489208633
1966.81,653.6000000000931,3.985,3.453,4306.681,5228.28,8884.09,0.532,-0.000899281,1970.3059999999768,0.8318345323741008
2012.78,673.6000000000931,3.987,3.45,4418.343999999575,5372.34,8843.47,0.5369999999999999,-0.000899281,2010.556,0.8498201438848921
2016.12,686.3999999999069,3.993,3.446,4442.343999999575,5372.34,8699.53,0.5469999999999997,-0.000899281,2018.636,0.8309352517985612
1963.28,565.6000000000931,3.946,3.493,4198.7440000004135,5156.34,8813.94,0.4530000000000003,-0.000899281,1967.562,0.8264388489208633
1980.0,672.7999999998137,3.988,3.452,4412.344000000507,5372.34,8987.81,0.536,-0.000899281,1991.5139999999883,0.8219424460431654
2013.66,652.7999999998137,3.966,3.46,4412.343999999575,5336.34,8938.59,0.5060000000000002,-0.000899281,2017.1439999999768,0.8264388489208633
1968.0,657.6000000000931,3.993,3.46,4334.343999999575,5264.34,8792.34,0.5329999999999999,-0.000899281,1972.7619999999763,0.8264388489208633
2019.28,597.6000000000931,3.939,3.483,4357.205999999307,5300.41,9040.97,0.4559999999999999,-0.000899281,2022.0119999999763,0.8264388489208633
2017.97,592.0,3.94,3.484,4349.818999999668,5300.22,9073.81,0.4559999999999999,-0.000899281,2020.7059999999765,0.8255395683453237
1972.03,653.6000000000931,3.993,3.458,4328.313000000082,5264.31,8792.31,0.5349999999999997,-0.000899281,1971.1679999999767,0.8255395683453237
1999.41,662.3999999999069,3.991,3.457,4418.342999999877,5372.34,8870.62,0.5340000000000003,-0.000899281,2003.3539999999768,0.8255395683453237
2014.97,707.2000000001863,3.996,3.434,4454.343000000343,5408.34,8719.66,0.5619999999999998,-0.000899281,2018.43,0.8255395683453237
1990.81,672.7999999998137,3.988,3.451,4406.343999999575,5336.38,9045.41,0.5369999999999999,-0.000899281,1990.2939999999885,0.821043165
2016.28,696.0,3.988,3.441,4443.544000000693,5372.34,8674.0,0.5470000000000002,-0.000899281,2020.392,0.8255395683453237
1979.72,659.2000000001863,3.989,3.459,4335.543999999762,5264.34,8764.72,0.5299999999999998,-0.000899281,1983.7799999999768,0.8255395683453237
1992.0,685.6000000000931,3.994,3.445,4418.186999999918,5336.19,8792.19,0.5490000000000004,-0.000899281,2001.5999999999767,0.8228417266187049
2014.19,682.3855333332904,3.993,3.447,4436.343000000343,5372.34,8691.94,0.5459999999999998,-0.000899281,2018.23,0.8300359712230216
1964.19,654.0,3.985,3.454,4304.311999999918,5228.31,8846.59,0.5309999999999997,-0.000899281,1968.3499999999767,0.8309352517985612
1961.53,562.0,3.946,3.494,4191.575000000186,5156.38,8801.78,0.4519999999999999,-0.000899281,1965.474,0.8255395683453237
1947.28,628.0,3.977,3.478,4205.912000000011,5120.31,8801.62,0.4989999999999996,-0.000899281,1951.4639999999767,0.8291366906474819
2004.0,669.6000000000931,3.986,3.451,4412.281999999657,5372.28,8828.28,0.5350000000000001,-0.000899281,2008.156,0.8489208633093526
2011.91,650.0,3.966,3.46,4407.513000000268,5336.31,8931.97,0.5060000000000002,-0.000899281,2015.393999999977,0.8255395683453237
1992.0,684.0,3.994,3.446,4414.756399999838,5336.34,8792.34,0.548,-0.000899281,1999.1999999999769,0.8219424460431654
1962.94,652.0,3.985,3.453,4298.313000000082,5228.31,8887.62,0.532,-0.000899281,1966.455999999977,0.8300359712230216
1944.84,626.0,3.977,3.479,4198.713000000455,5120.31,8790.94,0.4979999999999998,-0.000899281,1949.3439999999769,0.8282374100719425
2013.44,703.2000000001863,3.996,3.435,4450.743,5372.34,8711.62,0.5609999999999999,-0.000899281,2016.7,0.8246402877697842
1988.59,670.7999999998137,3.988,3.453,4400.343000000343,5336.34,9035.66,0.5350000000000001,-0.000899281,1989.0179999999884,0.8201438848920863
2010.44,649.2000000001863,3.966,3.461,4400.344000000507,5336.34,8953.06,0.5050000000000003,-0.000899281,2013.7199999999768,0.8246402877697842
1977.44,657.6000000000931,3.989,3.459,4328.343999999575,5264.34,8767.62,0.5299999999999998,-0.000899281,1981.6619999999768,0.8246402877697842
2014.38,692.3999999999069,3.988,3.442,4436.311999999452,5372.31,8669.59,0.5459999999999998,-0.000899281,2018.386,0.8246402877697842
1959.62,564.0,3.946,3.494,4190.343999999575,5120.34,8824.09,0.4519999999999999,-0.000899281,1963.448,0.8246402877697842
2012.34,680.3999999999069,3.993,3.448,4429.174999999814,5372.38,8698.09,0.5449999999999999,-0.000899281,2016.336,0.8291366906474821
2004.0,672.0,3.986,3.451,4406.311999999918,5336.31,8792.31,0.5350000000000001,-0.000899281,2005.756,0.8480215827338128
1992.0,658.3999999999069,3.99,3.457,4412.344000000507,5372.34,8862.12,0.5330000000000004,-0.000899281,2000.2299999999768,0.8246402877697842
2016.06,593.6000000000931,3.94,3.485,4342.774999999907,5300.38,9038.72,0.455,-0.000899281,2019.2859999999769,0.8246402877697842
1968.0,652.0,3.993,3.46,4321.1430000001565,5228.34,8756.34,0.5329999999999999,-0.000899281,1968.8059999999764,0.8246402877697842
1957.34,560.0,3.946,3.494,4184.343999999575,5120.34,8801.41,0.4519999999999999,-0.000899281,1961.41,0.8237410071942446
2010.22,680.7999999998137,3.993,3.448,4421.943000000436,5372.34,8691.31,0.5449999999999999,-0.000899281,2014.224,0.8282374100719425
2011.44,705.0,3.995,3.438,4442.313000000082,5372.31,8707.38,0.5569999999999999,-0.000899281,2014.982,0.8237410071942446
1992.0,684.0,3.994,3.447,4407.512000000104,5336.31,8756.31,0.5470000000000002,-0.000899281,1996.7999999999768,0.821043165
2012.16,690.3999999999069,3.988,3.442,4436.311999999918,5372.31,8666.5,0.5459999999999998,-0.000899281,2016.294,0.8237410071942446
1960.78,650.0,3.984,3.453,4292.375,5228.38,8866.5,0.5310000000000001,-0.000899281,1964.5679999999768,0.8291366906474821
1975.97,653.6000000000931,3.989,3.459,4322.343999999575,5264.34,8756.34,0.5299999999999998,-0.000899281,1979.743999999977,0.8237410071942446
2013.94,593.6000000000931,3.94,3.484,4342.7440000004135,5300.34,9036.19,0.4559999999999999,-0.000899281,2017.6559999999763,0.8237410071942446
1995.38,658.7999999998137,3.99,3.458,4407.544000000227,5372.34,8853.0,0.532,-0.000899281,1998.3439999999769,0.8237410071942446
2004.0,668.0,3.986,3.452,4400.25,5336.25,8843.28,0.5340000000000003,-0.000899281,2005.756,0.8471223021582734
1956.0,652.0,3.993,3.46,4310.343999999575,5228.34,8820.22,0.5329999999999999,-0.000899281,1966.4059999999763,0.8237410071942446
1986.28,668.7999999998137,3.988,3.452,4394.375,5336.38,8972.38,0.536,-0.000899281,1987.5359999999885,0.8192446043165468
1942.75,626.4000000003725,3.976,3.48,4191.575000000186,5120.38,8814.91,0.496,-0.000899281,1947.149999999977,0.8273381294964028
2007.84,649.6000000000931,3.965,3.462,4393.299999999814,5336.5,8901.75,0.5029999999999997,-0.000899281,2011.8379999999768,0.8237410071942446
2008.03,676.7999999998137,3.993,3.448,4414.774999999907,5372.38,8680.53,0.5449999999999999,-0.000899281,2012.18,0.8273381294964028
2009.38,701.6000000000931,3.996,3.436,4436.25,5372.25,8696.59,0.56,-0.000899281,2013.202,0.8228417266187051
1940.69,622.4000000003725,3.977,3.48,4184.343999999575,5120.34,8805.28,0.4969999999999999,-0.000899281,1945.0119999999763,0.8264388489208633
2006.97,645.6000000000931,3.965,3.462,4385.818999999668,5336.22,8935.78,0.5029999999999997,-0.000899281,2010.1639999999768,0.8228417266187051
1992.0,682.3999999999069,3.994,3.447,4400.343000000343,5336.34,8756.34,0.5470000000000002,-0.000899281,1994.399999999977,0.8201438848920863
1958.28,650.3999999999069,3.984,3.454,4285.144,5228.34,8833.31,0.5299999999999998,-0.000899281,1962.5999999999767,0.8282374100719425
2010.06,688.7999999998137,3.988,3.443,4424.313000000548,5372.31,8663.34,0.5449999999999999,-0.000899281,2014.238,0.8228417266187051
2004.0,668.3999999999069,3.986,3.453,4393.049999999814,5336.25,8828.25,0.5330000000000004,-0.000899281,2005.756,0.8462230215827338
1980.0,664.7999999998137,3.988,3.453,4385.912000000011,5336.31,9004.22,0.5350000000000001,-0.000899281,1985.1359999999884,0.8183453237410072
1993.56,658.0,3.99,3.458,4400.342999999877,5372.34,8852.47,0.532,-0.000899281,1996.3319999999767,0.8228417266187051
1956.0,648.0,3.992,3.46,4304.343000000343,5228.34,8756.34,0.532,-0.000899281,1964.0059999999764,0.8228417266187051
1955.16,562.0,3.945,3.497,4172.311999999452,5120.31,8809.81,0.4479999999999999,-0.000899281,1959.386,0.8228417266187051
2012.5,589.6000000000931,3.939,3.486,4335.575000000186,5300.38,9054.12,0.4529999999999998,-0.000899281,2015.9499999999769,0.8228417266187051
1973.94,656.0,3.988,3.459,4316.281000000425,5264.28,8764.84,0.5289999999999999,-0.000899281,1977.7639999999767,0.8228417266187049
2010.91,589.6000000000931,3.94,3.485,4328.375,5300.38,9051.59,0.455,-0.000899281,2014.2759999999769,0.8219424460431654
2008.16,688.7999999998137,3.987,3.443,4418.344000000041,5372.34,8626.41,0.544,-0.000899281,2012.208,0.8219424460431654
2005.0,648.0,3.965,3.462,4382.375,5336.38,8908.25,0.5029999999999997,-0.000899281,2008.4319999999768,0.8219424460431654
1957.5,648.0,3.984,3.454,4274.375,5192.38,8868.0,0.5299999999999998,-0.000899281,1960.7379999999769,0.8273381294964028
1983.53,667.2000000001863,3.988,3.453,4378.743999999482,5336.34,9027.09,0.5350000000000001,-0.000899281,1985.8419999999885,0.8174460431654677
1952.91,560.0,3.945,3.495,4166.375,5120.38,8777.41,0.4499999999999997,-0.000899281,1957.312,0.8219424460431654
1992.0,666.3999999999069,3.986,3.453,4388.218999999575,5336.22,8792.22,0.5330000000000004,-0.000899281,2001.6,0.8453237410071942
1992.0,659.2000000001863,3.99,3.459,4393.113,5336.31,8879.28,0.5310000000000001,-0.000899281,1994.4699999999768,0.8219424460431654
1972.34,652.0,3.988,3.46,4310.375,5264.38,8769.78,0.528,-0.000899281,1975.8819999999769,0.8219424460431654
1992.0,680.3999999999069,3.993,3.447,4394.313000000082,5336.31,8720.31,0.5459999999999998,-0.000899281,1992.0,0.8192446043165468
1938.53,622.7999999998137,3.976,3.481,4177.143999999389,5084.34,8817.62,0.4950000000000001,-0.000899281,1942.8179999999768,0.8255395683453237
2006.38,676.7999999998137,3.993,3.449,4412.311999999918,5336.31,8661.19,0.544,-0.000899281,2010.232,0.8264388489208633
2007.97,699.6000000000931,3.996,3.437,4430.343999999575,5372.34,8691.69,0.5590000000000002,-0.000899281,2011.44,0.8219424460431654
1956.0,646.3999999999069,3.992,3.46,4298.343999999575,5228.34,8756.34,0.532,-0.000899281,1961.6059999999768,0.8219424460431654
1990.38,655.2000000001863,3.99,3.46,4388.342999999877,5336.34,8844.22,0.5300000000000002,-0.000899281,1992.6639999999768,0.821043165
1951.66,560.0,3.945,3.514,4162.774999999907,5120.38,8804.59,0.431,-0.000899281,1955.338,0.821043165
2009.81,589.6000000000931,3.94,3.486,4321.174999999814,5264.38,9023.5,0.4539999999999997,-0.000899281,2012.6439999999768,0.821043165
2006.53,684.7999999998137,3.987,3.443,4414.743999999948,5336.34,8655.41,0.544,-0.000899281,2010.2580000000005,0.821043165
1982.47,667.2000000001863,3.988,3.454,4376.311999999918,5336.31,9048.62,0.5339999999999998,-0.000899281,1984.173999999988,0.8165467625899281
1992.0,664.0,3.985,3.453,4382.343999999575,5336.34,8828.34,0.532,-0.000899281,1999.2,0.8444244604316546
1956.0,646.3999999999069,3.992,3.461,4292.311999999918,5228.31,8720.31,0.5310000000000001,-0.000899281,1958.399999999977,0.821043165
2005.97,700.0,3.995,3.437,4424.218000000343,5372.22,8674.12,0.5580000000000003,-0.000899281,2009.64,0.821043165
2004.31,676.7999999998137,3.993,3.449,4406.375,5336.38,8664.91,0.544,-0.000899281,2008.256,0.8255395683453237
1936.47,620.7999999998137,3.976,3.481,4169.9119999995455,5084.31,8811.62,0.4950000000000001,-0.000899281,1940.6559999999768,0.8246402877697842
1992.0,680.7999999998137,3.993,3.447,4393.1430000001565,5336.34,8756.34,0.5459999999999998,-0.000899281,1992.0,0.8183453237410072
2004.0,644.0,3.965,3.462,4378.743,5300.34,8907.34,0.5029999999999997,-0.000899281,2006.8499999999767,0.821043165
1970.81,654.3999999999069,3.988,3.46,4304.375,5228.38,8772.22,0.528,-0.000899281,1974.0999999999767,0.821043165
1955.66,648.7999999998137,3.983,3.454,4270.7440000004135,5192.34,8837.38,0.5289999999999999,-0.000899281,1959.0319999999767,0.8264388489208633
1950.38,560.7999999998137,3.945,3.497,4155.543999999762,5120.34,8766.28,0.4479999999999999,-0.000899281,1953.49,0.8201438848920863
2003.25,675.2000000001863,3.992,3.449,4400.375,5336.38,8675.59,0.5430000000000001,-0.000899281,2006.438,0.8246402877697842
2005.22,700.0,3.995,3.438,4421.943999999668,5372.34,8689.56,0.5569999999999999,-0.000899281,2007.996,0.8201438848920863
1956.0,646.3999999999069,3.993,3.462,4286.375,5228.38,8756.38,0.5309999999999997,-0.000899281,1956.0,0.8201438848920863
2003.44,644.0,3.965,3.463,4371.512000000104,5300.31,8912.56,0.5019999999999998,-0.000899281,2005.4499999999769,0.8201438848920863
1969.28,650.3999999999069,3.987,3.461,4299.513000000268,5228.31,8745.06,0.5260000000000002,-0.000899281,1972.4679999999769,0.8201438848920863
1954.25,646.0,3.983,3.455,4268.311999999918,5192.31,8845.59,0.528,-0.000899281,1957.293999999977,0.8255395683453237
2005.16,686.0,3.987,3.444,4407.575000000186,5336.38,8642.91,0.5430000000000001,-0.000899281,2008.414,0.8201438848920863
1989.5,656.0,3.99,3.46,4385.912000000011,5336.31,8870.59,0.5300000000000002,-0.000899281,1992.1639999999768,0.8201438848920863
1980.59,663.2000000001863,3.988,3.454,4370.406000000425,5300.41,8976.69,0.5339999999999998,-0.000899281,1982.573999999988,0.8156474820143884
2008.38,588.0,3.94,3.486,4313.943000000436,5264.34,9042.38,0.4539999999999997,-0.000899281,2011.107999999977,0.8201438848920863
1992.0,664.0,3.986,3.454,4378.618999999482,5336.22,8828.22,0.532,-0.000899281,1996.8,0.8435251798561151
1935.41,620.7999999998137,3.976,3.481,4162.712000000291,5084.31,8803.84,0.4950000000000001,-0.000899281,1938.7699999999768,0.8237410071942446
1993.78,680.7999999998137,3.993,3.447,4388.25,5300.25,8720.25,0.5459999999999998,-0.000899281,1992.3559999999768,0.8174460431654677
1987.69,653.6000000000931,3.99,3.459,4378.711999999825,5336.31,8848.59,0.5310000000000001,-0.000899281,1990.6259999999768,0.8192446043165468
2006.59,588.0,3.94,3.487,4313.943000000436,5264.34,9025.12,0.4529999999999998,-0.000899281,2009.6379999999767,0.8192446043165468
2004.75,697.6000000000931,3.995,3.439,4418.343999999575,5372.34,8707.19,0.556,-0.000899281,2006.658,0.8192446043165468
2003.97,687.2000000001863,3.987,3.444,4406.219000000041,5336.22,8632.31,0.5430000000000001,-0.000899281,2006.7760000000003,0.8192446043165468
1992.0,680.7999999998137,3.993,3.448,4385.975000000093,5300.38,8756.38,0.5449999999999999,-0.000899281,1992.3559999999768,0.8165467625899281
1952.88,647.2000000001863,3.983,3.456,4262.311999999918,5192.31,8839.91,0.5270000000000001,-0.000899281,1955.7139999999767,0.8246402877697842
1956.0,646.3999999999069,3.992,3.463,4285.174999999814,5192.38,8792.38,0.5289999999999999,-0.000899281,1956.0,0.8192446043165468
1992.0,664.7999999998137,3.986,3.454,4376.311999999918,5300.31,8792.31,0.532,-0.000899281,1994.4,0.8426258992805755
1979.62,663.6000000000931,3.988,3.454,4364.375,5300.38,9005.84,0.5339999999999998,-0.000899281,1981.241999999988,0.8147482014388491
2001.41,646.3999999999069,3.964,3.462,4370.218000000343,5300.22,8896.12,0.5019999999999998,-0.000899281,2004.1639999999768,0.8192446043165468
1967.69,652.7999999998137,3.988,3.461,4292.343999999575,5228.34,8739.41,0.5270000000000001,-0.000899281,1970.8119999999767,0.8192446043165468
2001.22,675.2000000001863,3.992,3.45,4393.143999999389,5336.34,8663.38,0.5419999999999998,-0.000899281,2004.638,0.8237410071942446
1933.97,620.7999999998137,3.976,3.482,4162.743999999948,5084.34,8790.16,0.4939999999999998,-0.000899281,1937.0139999999767,0.8228417266187051
1948.78,558.0,3.944,3.496,4155.513000000268,5084.31,8777.09,0.4479999999999999,-0.000899281,1951.778,0.8192446043165468
2004.94,586.3999999999069,3.939,3.487,4306.711999999825,5264.31,9020.88,0.4519999999999999,-0.000899281,2008.1259999999768,0.8183453237410072
1980.0,679.2000000001863,3.993,3.449,4378.774999999907,5300.38,8756.38,0.544,-0.000899281,1989.9559999999765,0.8156474820143884
2000.5,644.3999999999069,3.964,3.463,4364.344000000507,5300.34,8920.81,0.5009999999999999,-0.000899281,2002.8699999999767,0.8183453237410072
1968.0,664.0,3.987,3.455,4364.343000000343,5300.34,8965.16,0.532,-0.000899281,1978.8419999999885,0.8138489208633095
2003.03,700.0,3.995,3.438,4414.711999999825,5336.31,8690.78,0.5569999999999999,-0.000899281,2005.388,0.8183453237410072
1987.0,654.0,3.989,3.46,4376.342999999877,5336.34,8861.16,0.5289999999999999,-0.000899281,1989.3139999999769,0.8183453237410072
1992.0,663.2000000001863,3.985,3.454,4371.544000000693,5300.34,8792.34,0.5309999999999997,-0.000899281,1992.0,0.8417266187050358
2002.81,687.2000000001863,3.987,3.444,4400.343999999575,5336.34,8675.09,0.5430000000000001,-0.000899281,2005.326,0.8183453237410072
1966.28,648.7999999998137,3.988,3.461,4292.313000000082,5228.31,8765.06,0.5270000000000001,-0.000899281,1969.2799999999768,0.8183453237410072
1999.81,675.5751999998465,3.991,3.451,4388.311999999918,5336.31,8671.97,0.54,-0.000899281,2002.994,0.8228417266187049
1950.34,645.6000000000931,3.982,3.475,4256.344000000507,5192.34,8814.75,0.5070000000000001,-0.000899281,1954.125999999977,0.8237410071942446
1946.69,559.2000000001863,3.944,3.496,4148.25,5084.25,8759.97,0.4479999999999999,-0.000899281,1950.084,0.8183453237410072
1933.0,618.0,3.976,3.482,4155.543000000529,5084.34,8805.09,0.4939999999999998,-0.000899281,1935.4759999999765,0.8219424460431654
1956.0,642.3999999999069,3.992,3.462,4280.25,5192.25,8756.25,0.5299999999999998,-0.000899281,1956.0,0.8183453237410072
1943.97,640.7999999998137,3.991,3.462,4274.343000000343,5192.34,8720.34,0.5289999999999999,-0.000899281,1953.5939999999769,0.8174460431654677
2001.25,696.0,3.995,3.438,4412.313000000082,5336.31,8668.47,0.5569999999999999,-0.000899281,2004.0440000000003,0.8174460431654677
1931.75,619.2000000001863,3.976,3.482,4154.375,5084.38,8798.16,0.4939999999999998,-0.000899281,1934.1199999999767,0.821043165
1998.75,673.6000000000931,3.992,3.451,4382.327999999747,5336.34,8668.19,0.5409999999999999,-0.000899281,2001.468,0.8219424460431654
1944.72,557.6000000000931,3.944,3.497,4141.142999999691,5084.34,8749.78,0.447,-0.000899281,1948.446,0.8174460431654677
1963.34,647.2000000001863,3.987,3.461,4285.144,5228.34,8723.62,0.5260000000000002,-0.000899281,1967.4799999999768,0.8174460431654677
1980.0,679.2000000001863,3.992,3.449,4376.343999999575,5300.34,8745.56,0.5430000000000001,-0.000899281,1987.5559999999764,0.8147482014388491
1948.94,642.0,3.982,3.456,4249.112999999896,5192.31,8838.19,0.5260000000000002,-0.000899281,1952.4139999999768,0.8228417266187049
1968.0,664.0,3.987,3.455,4357.143999999389,5300.34,8973.84,0.532,-0.000899281,1975.7359999999885,0.8129496402877698
1992.0,661.2000000001863,3.985,3.456,4364.311999999918,5300.31,8756.31,0.5289999999999999,-0.000899281,1992.0,0.8408273381294965
2000.66,685.6000000000931,3.986,3.445,4394.313000000548,5336.31,8628.31,0.5410000000000004,-0.000899281,2003.826,0.8174460431654677
1985.12,652.0,3.989,3.459,4370.343999999575,5336.34,8856.31,0.5299999999999998,-0.000899281,1987.937999999977,0.8174460431654677
1998.62,642.3999999999069,3.964,3.463,4357.143999999389,5300.34,8911.62,0.5009999999999999,-0.000899281,2001.5939999999769,0.8174460431654677
2004.31,586.3999999999069,3.939,3.488,4299.575000000186,5264.38,9022.31,0.451,-0.000899281,2006.8059999999768,0.8174460431654677
1980.0,677.6000000000931,3.992,3.449,4370.313000000082,5300.31,8720.31,0.5430000000000001,-0.000899281,1985.1559999999763,0.8138489208633095
1997.06,673.6000000000931,3.992,3.451,4378.712999999989,5336.31,8680.31,0.5409999999999999,-0.000899281,2000.018,0.821043165
1997.5,644.7999999998137,3.964,3.464,4352.313000000082,5300.31,8917.88,0.5,-0.000899281,2000.293999999977,0.8165467625899282
1999.5,681.6000000000931,3.987,3.445,4393.174999999814,5336.38,8649.47,0.5420000000000003,-0.000899281,2002.42,0.8165467625899282
1992.0,661.6000000000931,3.984,3.455,4364.343999999575,5300.34,8756.34,0.5289999999999999,-0.000899281,1992.0,0.8399280575539569
1962.44,647.2000000001863,3.987,3.463,4277.943000000436,5228.34,8746.84,0.524,-0.000899281,1965.8059999999764,0.8165467625899281
1947.0,644.0,3.982,3.457,4241.943999999668,5156.34,8805.84,0.5250000000000004,-0.000899281,1950.6819999999768,0.8219424460431654
1983.88,654.0,3.989,3.46,4364.375,5336.38,8850.25,0.5289999999999999,-0.000899281,1986.6379999999767,0.8165467625899282
1992.0,584.7999999998137,3.939,3.488,4299.575000000186,5264.38,9032.44,0.451,-0.000899281,2003.243999999977,0.8165467625899282
1975.31,660.0,3.987,3.454,4352.311999999918,5300.31,8960.06,0.5329999999999999,-0.000899281,1974.3039999999885,0.8120503597122303
2000.0,698.3999999999069,3.995,3.438,4406.218999999575,5336.22,8684.81,0.5569999999999999,-0.000899281,2002.85,0.8165467625899282
1944.0,640.7999999998137,3.992,3.463,4268.375,5192.38,8792.38,0.5289999999999999,-0.000899281,1951.1939999999763,0.8165467625899282
1929.5,616.0,3.976,3.482,4148.343999999575,5084.34,8780.31,0.4939999999999998,-0.000899281,1932.725999999977,0.8201438848920863
1943.06,556.0,3.943,3.498,4133.913000000175,5084.31,8734.56,0.4449999999999998,-0.000899281,1946.726,0.8165467625899282
1944.0,643.2000000001863,3.991,3.462,4263.512000000104,5192.31,8756.31,0.5289999999999999,-0.000899281,1948.793999999977,0.8156474820143886
1959.56,645.6000000000931,3.986,3.463,4270.711999999825,5192.31,8719.0,0.5230000000000001,-0.000899281,1963.861999999977,0.8156474820143884
1940.88,556.0,3.943,3.498,4126.712999999989,5084.31,8744.19,0.4449999999999998,-0.000899281,1944.826,0.8156474820143886
1980.0,675.6000000000931,3.992,3.449,4364.375,5300.38,8756.38,0.5430000000000001,-0.000899281,1982.399999999977,0.8129496402877698
1996.12,644.7999999998137,3.963,3.464,4349.975000000093,5300.38,8886.5,0.4990000000000001,-0.000899281,1998.8299999999767,0.8156474820143886
1997.62,684.0,3.986,3.445,4385.913000000175,5336.31,8627.0,0.5410000000000004,-0.000899281,2000.912,0.8156474820143886
1992.0,657.6000000000931,3.985,3.456,4358.25,5300.25,8756.25,0.5289999999999999,-0.000899281,1992.0,0.8390287769784173
1983.12,654.3999999999069,3.989,3.46,4364.375,5300.38,8856.75,0.5289999999999999,-0.000899281,1985.361999999977,0.8156474820143886
2000.75,584.7999999998137,3.938,3.489,4292.25,5264.25,9014.88,0.4490000000000003,-0.000899281,2001.7179999999769,0.8156474820143886
1998.56,698.3999999999069,3.994,3.44,4400.375,5336.38,8694.19,0.5540000000000003,-0.000899281,2001.518,0.8156474820143886
1944.75,642.0,3.982,3.458,4234.774999999907,5156.38,8791.19,0.524,-0.000899281,1948.7819999999767,0.821043165
1928.25,617.5999999996275,3.976,3.483,4141.174999999814,5048.41,8763.53,0.4929999999999999,-0.000899281,1931.293999999977,0.8192446043165468
1974.62,662.3999999999069,3.987,3.455,4346.313000000082,5300.31,8984.88,0.532,-0.000899281,1973.1099999999883,0.8111510791366907
1996.0,672.0,3.992,3.451,4371.418999999762,5300.22,8657.47,0.5409999999999999,-0.000899281,1998.568,0.8201438848920863
1961.12,646.7999999998137,3.982,3.455,4340.311999999918,5264.31,9040.0,0.5270000000000001,-0.000899281,1969.4099999999885,0.8102517985611509
1976.12,647.2000000001863,3.987,3.46,4358.375,5300.38,8874.94,0.5270000000000001,-0.000899281,1983.0479999999768,0.8147482014388489
1980.0,656.0,3.984,3.456,4352.313000000082,5300.31,8792.31,0.528,-0.000899281,1989.6,0.8381294964028777
1942.19,638.3999999999069,3.982,3.457,4232.375,5156.38,8783.0,0.5250000000000004,-0.000899281,1946.6439999999768,0.8201438848920863
1996.56,684.0,3.986,3.446,4382.375,5300.38,8641.44,0.54,-0.000899281,1999.43,0.8147482014388489
1926.62,616.0,3.975,3.483,4141.174999999814,5048.38,8783.06,0.492,-0.000899281,1929.8239999999769,0.8183453237410072
1938.38,552.0,3.943,3.498,4119.513000000268,5084.31,8716.0,0.4449999999999998,-0.000899281,1942.746,0.8147482014388489
1994.91,672.0,3.992,3.451,4370.313000000082,5300.31,8638.31,0.5409999999999999,-0.000899281,1997.306,0.8192446043165468
1944.0,643.2000000001863,3.991,3.464,4262.375,5192.38,8756.38,0.5270000000000001,-0.000899281,1946.3939999999768,0.8147482014388489
1997.62,696.7999999998137,3.994,3.44,4400.375,5336.38,8684.38,0.5540000000000003,-0.000899281,2000.092,0.8147482014388489
1980.0,676.0,3.992,3.449,4364.436999999918,5300.44,8720.44,0.5430000000000001,-0.000899281,1980.0,0.8120503597122303
1958.25,641.6000000000931,3.987,3.463,4263.575000000186,5192.38,8723.0,0.524,-0.000899281,1961.9739999999765,0.8147482014388491
1995.19,580.0,3.936,3.489,4285.112999999896,5228.31,9050.44,0.447,-0.000899281,1999.437999999977,0.8147482014388489
1991.38,638.0,3.962,3.464,4342.774999999907,5300.38,8893.31,0.4980000000000002,-0.000899281,1996.8239999999764,0.8147482014388489
1979.81,643.25,3.999,3.699,4284.375,5264.0,8923.12,0.3000000000000002,-0.000899281,1981.6099999999765,0.8138489208633095
2002.56,640.813,3.977,3.79,4298.375,5264.38,8961.88,0.1869999999999998,-0.000899281,1997.235999999977,0.8138489208633095
1949.06,638.375,3.995,3.704,4186.313000000082,5138.0,8874.31,0.2909999999999999,-0.000899281,1946.3879999999767,0.8192446043165468
1993.31,672.0,3.991,3.451,4364.344000000507,5300.34,8636.97,0.54,-0.000899281,1996.006,0.8183453237410072
1937.44,549.563,3.954,3.711,4060.25,5033.0,8863.06,0.2430000000000003,-0.000899281,1940.896,0.8138489208633095
1957.88,638.437,3.997,3.702,4207.375,5173.0,8809.31,0.2949999999999999,-0.000899281,1960.293999999977,0.8138489208633095
1925.19,616.0,3.975,3.483,4130.313000000082,5048.31,8770.81,0.492,-0.000899281,1928.261999999977,0.8174460431654677
1997.5,688.812,4.002,3.691,4340.375,5299.0,8713.88,0.3109999999999999,-0.000899281,1998.986,0.8138489208633095
2006.0,583.25,3.951,3.698,4242.375,5229.06,9059.69,0.2530000000000001,-0.000899281,1999.649999999977,0.8138489208633095
1966.75,648.0,3.995,3.697,4242.375,5215.0,9093.5,0.298,-0.000899281,1969.1599999999885,0.8093525179856116
1989.56,652.75,3.994,3.785,4284.0,5250.0,8869.0,0.209,-0.000899281,1989.112,0.8372302158273381
1996.12,672.0,3.995,3.783,4326.375,5292.38,8711.19,0.2120000000000002,-0.000899281,1998.092,0.8138489208633095
1956.0,638.438,4.004,3.702,4214.313000000082,5166.0,8799.31,0.3019999999999996,-0.000899281,1946.3939999999768,0.8138489208633095
1984.81,667.188,4.003,3.783,4304.938000000082,5264.0,8799.0,0.2200000000000002,-0.000899281,1980.9619999999768,0.8111510791366907
200351.9,2820.0,4.268,3.274,66990.016,78270.02,78270.02,0.9939999999999998,-0.000899281,41661.092,0.8363309352517986
1930.44,616.813,3.986,3.698,4074.311999999918,5026.0,8830.94,0.2880000000000002,-0.000899281,1927.9999999999768,0.8165467625899282
1992.16,670.3999999999069,3.991,3.451,4364.375,5300.38,8640.56,0.54,-0.000899281,1994.688,0.8174460431654677
198260.32,2685.0079999999143,4.269,3.295,67020.0,78332.8,78332.8,0.9740000000000002,-0.000899281,41250.024,0.8129496402877698
200368.71,2680.0106666660868,4.269,3.285,68970.014,80580.42,80580.42,0.984,-0.000899281,41641.36799999997,0.8129496402877698
200131.26,194371.2580001708,4.269,3.283,69329.97999999998,81029.98,81029.98,0.9860000000000002,-0.000899281,41583.85199999998,0.8129496402877698
199734.95,98627.05949999996,4.269,3.284,70740.0,82732.19,82732.19,0.9850000000000004,-0.000899281,41503.58999999998,0.8183453237410072
201333.73,2700.0,4.269,3.291,72089.98400000017,84282.98,84282.98,0.9780000000000002,-0.000899281,41842.30599999999,0.8084532374100719
200853.38,2739.989999999758,4.269,3.293,69480.00199999986,81269.99,81269.99,0.976,-0.000899281,41755.26199999997,0.8129496402877698
199640.51,99134.418,4.269,3.296,66179.99800000014,77335.68,77335.68,0.9730000000000004,-0.000899281,41526.838,0.8129496402877698
201088.23,2690.005333333276,4.269,3.284,69089.98199999984,80729.98,80729.98,0.9850000000000004,-0.000899281,41802.60799999998,0.8102517985611509
201893.85,99176.62049999926,4.266,3.272,66689.98599999957,77955.01,77955.01,0.9940000000000002,-0.000899281,41930.722,0.8129496402877698
2021.67,682.7802000003867,3.979,3.469,4767.583999999799,5768.38,9296.39,0.5100000000000002,-0.000899281,41254.458,0.8120503597122302
2011.68,594.0,3.938,3.463,4738.720000000205,5732.32,9656.32,0.4750000000000001,-0.001798561,1999.8479999999768,0.8127697841726619
1984.38,648.7999999998137,3.979,3.466,4767.552000001073,5768.35,9575.55,0.5129999999999999,-0.000899281,41645.75599999998,0.8120503597122303
2004.0,673.2000000001863,3.984,3.439,4820.384000000078,5804.38,9476.38,0.5449999999999999,-0.000899281,41807.40799999998,0.8093525179856116
1980.0,648.7807999998331,3.987,3.441,4825.184000000358,5804.38,9584.38,0.5460000000000003,-0.000899281,41591.05199999998,0.8120503597122302
1968.35,548.0,3.934,3.459,4681.118999999482,5696.32,9656.32,0.4750000000000001,-0.000899281,41935.780000000006,0.8120503597122302
2004.0,654.3999999999069,3.973,3.449,4767.5840000002645,5768.38,9476.38,0.524,-0.000899281,41663.492,0.835431655
1976.0,649.2000000001863,3.977,3.459,4778.319999999832,5768.32,9669.47,0.5179999999999998,-0.000899281,41509.38999999998,0.8174460431654677
2026.5,584.0,3.933,3.462,4731.520000000484,5732.32,9687.39,0.4709999999999996,-0.001798561,2004.0879999999768,0.8127697841726619
1997.15,663.6000000000931,3.977,3.457,4796.351999999955,5804.35,9816.67,0.52,-0.000899281,41846.67399999999,0.8075539568345323
197596.99,-60038.61167,4.266,3.271,66720.0,78122.08,78122.08,0.995,-0.000899281,41061.49799999998,0.8156474820143886
2019.74,696.0,3.986,3.47,4778.352000000421,5768.35,9342.82,0.516,-0.000899281,41530.786,0.8120503597122302
2004.32,654.0,3.979,3.45,4803.552000000142,5804.35,9644.23,0.5289999999999999,-0.000899281,41759.34999999998,0.8120503597122302
1990.62,670.3999999999069,3.991,3.451,4357.081999999471,5300.28,8640.44,0.54,-0.000899281,1993.4,0.8165467625899281
2004.0,662.3999999999069,3.977,3.46,4394.319999999832,5336.32,8864.32,0.5169999999999999,-0.000899281,41665.892,0.8345323741007193
1976.0,649.2000000001863,3.977,3.459,4778.320000000298,5768.32,9669.47,0.5179999999999998,-0.000899281,41071.04799999997,0.8147482014388489
1989.94,666.3999999999069,3.991,3.453,4349.913000000175,5300.31,8681.19,0.5380000000000003,-0.000899281,1992.188,0.8156474820143884
1977.98,652.7999999998137,3.978,3.461,4328.385000000242,5264.39,8968.42,0.5170000000000003,-0.000899281,41516.03599999998,0.8165467625899281
2009.28,664.0,3.983,3.466,4421.887999999337,5372.29,9003.2,0.5169999999999999,-0.000899281,41764.58199999998,0.8111510791366907
2011.52,596.0,3.938,3.487,4342.720000000205,5300.32,9114.24,0.451,-0.000899281,2002.6519999999769,0.8116906474820145
1987.62,655.2000000001863,3.982,3.468,4342.7209999994375,5264.32,8853.67,0.5140000000000002,-0.000899281,41651.36799999997,0.8111510791366907
2004.0,680.0,3.987,3.454,4429.152999999933,5336.35,8828.35,0.5329999999999999,-0.000899281,41812.20799999998,0.8084532374100719
2027.29,591.9689999995753,3.934,3.489,4371.456000000238,5336.26,9141.92,0.4450000000000003,-0.000899281,2011.1459999999763,0.8116906474820145
2002.5,674.0,3.982,3.458,4414.753000000026,5372.35,9107.36,0.524,-0.000899281,41852.24999999999,0.8066546762589928
1973.66,558.0,3.938,3.502,4205.856,5156.25,8904.51,0.4360000000000004,-0.000899281,41942.336,0.8111510791366907
2023.07,685.2000000001863,3.982,3.449,4448.288999999873,5372.29,8766.72,0.5330000000000004,-0.000899281,41259.548,0.8111510791366907
2021.98,698.3999999999069,3.99,3.444,4460.352000000887,5408.35,8774.82,0.5460000000000003,-0.000899281,41535.47,0.8111510791366907
1980.0,652.0,3.987,3.466,4346.318999999668,5264.32,8900.32,0.5209999999999999,-0.000899281,41598.25199999998,0.8111510791366907
2004.0,662.0,3.977,3.458,4412.354000000283,5336.35,8864.35,0.5189999999999997,-0.000899281,41670.692,0.8336330935251798
2007.71,663.6000000000931,3.984,3.462,4436.318000000436,5372.32,8949.06,0.5219999999999998,-0.000899281,41770.89999999998,0.8102517985611509
1977.98,652.7999999998137,3.978,3.461,4328.384000000544,5264.38,8968.42,0.5170000000000003,-0.000899281,41081.31999999998,0.8138489208633095
2019.62,698.3999999999069,3.99,3.443,4465.151999999769,5408.35,8756.1,0.5470000000000002,-0.000899281,41539.87,0.8102517985611509
1987.56,668.7999999998137,3.991,3.453,4346.343499999959,5300.31,8610.0,0.5380000000000003,-0.000899281,1990.718,0.8147482014388491
1976.64,652.0,3.978,3.46,4335.520000000019,5264.32,8950.4,0.5180000000000002,-0.000899281,41522.92599999998,0.8156474820143884
1971.77,556.0,3.938,3.499,4226.319999999832,5156.32,8909.98,0.439,-0.000899281,41949.014,0.8102517985611509
2010.21,595.9980000001378,3.938,3.487,4342.719999999739,5300.32,9122.62,0.451,-0.000899281,2005.4699999999768,0.810611511
1985.54,655.2000000001863,3.981,3.466,4352.2869999995455,5300.29,8833.66,0.5149999999999997,-0.000899281,41656.82599999998,0.8102517985611509
2020.48,685.2000000001863,3.983,3.448,4454.353000000119,5372.35,8760.1,0.5350000000000001,-0.000899281,41264.332,0.8102517985611509
2002.85,678.3999999999069,3.983,3.456,4430.321000000462,5372.32,9196.35,0.5270000000000001,-0.000899281,41860.59599999999,0.8057553956834532
1980.0,652.0,3.988,3.466,4352.320000000298,5264.32,8864.32,0.5219999999999998,-0.000899281,41605.451999999976,0.8102517985611509
2004.0,679.2000000001863,3.987,3.454,4442.352000000887,5372.35,8864.35,0.5329999999999999,-0.000899281,41817.00799999998,0.8075539568345323
2025.38,590.0019999998622,3.934,3.489,4371.520999999717,5336.32,9117.83,0.4450000000000003,-0.000899281,2016.071999999977,0.810611511
1968.0,652.0,3.988,3.467,4346.289000000339,5264.29,8828.29,0.5209999999999999,-0.000899281,41607.85199999998,0.8093525179856116
1968.38,556.0,3.938,3.517,4220.351000000257,5156.35,8858.62,0.4210000000000002,-0.000899281,41955.202000000005,0.8093525179856116
2017.25,683.1914666662924,3.983,3.449,4443.457999999635,5372.26,8738.5,0.5340000000000003,-0.000899281,41268.558000000005,0.8093525179856116
2004.0,660.0,3.978,3.458,4406.319999999832,5336.32,8864.32,0.52,-0.000899281,41673.58,0.8327338129496404
1981.99,651.2000000001863,3.981,3.466,4349.920999999624,5300.32,8788.32,0.5149999999999997,-0.000899281,41661.64799999997,0.8093525179856116
1985.56,657.625,3.999,3.702,4298.375,5257.06,8737.12,0.2970000000000001,-0.000899281,1989.168,0.8138489208633095
1976.64,652.0,3.978,3.46,4335.519999999553,5264.32,8950.4,0.5180000000000002,-0.000899281,41091.60999999997,0.8129496402877698
2015.97,694.3999999999069,3.99,3.443,4457.951999999583,5408.35,8731.17,0.5470000000000002,-0.000899281,41543.564,0.8093525179856116
2006.79,663.2000000001863,3.984,3.462,4436.351000000257,5372.35,9007.04,0.5219999999999998,-0.000899281,41776.29599999998,0.8093525179856116
1974.88,650.3999999999069,3.978,3.461,4334.382999999914,5264.38,8961.02,0.5170000000000003,-0.000899281,41528.08999999998,0.8147482014388491
2004.0,679.2000000001863,3.988,3.453,4436.319999999832,5372.32,8828.32,0.5350000000000001,-0.000899281,41820.845999999976,0.8066546762589928
2008.16,596.0,3.938,3.488,4335.551000000443,5300.35,9113.21,0.4500000000000002,-0.000899281,2008.8259999999768,0.8095323741007194
2024.1,593.5751999998465,3.935,3.489,4364.354999999981,5336.35,9149.06,0.4460000000000002,-0.000899281,2021.8539999999768,0.8095323741007194
2000.26,675.6000000000931,3.984,3.456,4429.119999999646,5372.32,9198.46,0.528,-0.000899281,41867.298,0.8048561151079137
1968.0,648.0,3.988,3.468,4340.315999999642,5264.32,8864.32,0.52,-0.000899281,1975.1999999999769,0.8084532374100719
1971.04,648.7999999998137,3.978,3.46,4328.351999999955,5264.35,8890.18,0.5180000000000002,-0.000899281,1975.3079999999768,0.8138489208633095
2012.89,694.3999999999069,3.991,3.444,4448.221999999601,5372.22,8728.64,0.5470000000000002,-0.000899281,2018.04,0.8084532374100719
2004.0,664.0,3.978,3.459,4400.320000000298,5336.32,8864.32,0.5190000000000001,-0.000899281,2004.0,0.8318345323741008
1974.88,650.4000000003725,3.978,3.461,4334.383,5264.38,8961.02,0.5170000000000003,-0.000899281,41100.49799999998,0.8120503597122302
2021.54,591.2000000001863,3.935,3.489,4357.182999999728,5300.38,9119.01,0.4460000000000002,-0.000899281,2024.9619999999768,0.8084532374100719
1997.5,671.2000000001863,3.986,3.457,4418.351999999955,5372.35,9185.06,0.5290000000000004,-0.000899281,2000.0519999999883,0.803956835
2004.26,664.7999999998137,3.984,3.463,4429.151999999303,5372.38,8998.05,0.5209999999999999,-0.000899281,2006.4719999999768,0.8084532374100719
2005.95,597.6000000000931,3.938,3.488,4328.382,5264.38,9110.53,0.4500000000000002,-0.000899281,2009.5039999999767,0.8084532374100719
2004.0,678.0,3.988,3.455,4430.319999999832,5372.32,8792.32,0.5329999999999999,-0.000899281,2004.0,0.8057553956834532
200892.99,99536.92650000006,4.269,3.279,68880.00399999972,80526.56,80526.56,0.9900000000000002,-0.000899281,41769.334,0.8129496402877698
2014.15,683.2000000001863,3.983,3.45,4436.351999999955,5372.35,8731.68,0.5329999999999999,-0.000899281,2019.324,0.8084532374100719
1966.05,555.2000000001863,3.938,3.5,4213.119999999646,5156.32,8875.39,0.4380000000000001,-0.000899281,1969.642,0.8084532374100719
1979.33,650.0,3.982,3.467,4340.222000000067,5264.22,8793.63,0.5150000000000001,-0.000899281,1983.7719999999767,0.8084532374100719
2019.2,590.0,3.935,3.49,4349.888999999967,5300.29,9125.19,0.4449999999999998,-0.000899281,2023.5019999999768,0.8075539568345323
1994.62,668.7999999998137,3.987,3.458,4412.257999999914,5336.26,9184.54,0.5289999999999999,-0.000899281,1999.545999999988,0.8030575539568346
2003.17,597.6000000000931,3.939,3.488,4321.249,5264.45,9066.3,0.451,-0.000899281,2007.8019999999767,0.8075539568345323
1971.04,648.7999999998137,3.978,3.46,4328.351999999955,5264.35,8890.18,0.5180000000000002,-0.000899281,1975.3079999999768,0.8111510791366907
2010.88,666.0,3.983,3.434,4796.351999999955,5804.35,9386.14,0.5489999999999999,-0.000899281,41773.386,0.8120503597122303
2001.82,662.3999999999069,3.986,3.463,4418.352000000421,5372.35,8962.85,0.5230000000000001,-0.000899281,2005.9719999999768,0.8075539568345323
1968.64,648.7999999998137,3.978,3.461,4316.339999999851,5228.32,8908.0,0.5170000000000003,-0.000899281,1973.8359999999768,0.8129496402877698
2004.0,664.0,3.979,3.459,4400.320999999531,5336.32,8828.32,0.52,-0.000899281,2004.0,0.8309352517985612
1976.83,648.7999999998137,3.983,3.467,4328.319999999832,5264.32,8795.78,0.516,-0.000899281,1982.2619999999763,0.8075539568345323
1963.81,559.2000000001863,3.939,3.5,4205.9199999999255,5156.32,8883.33,0.439,-0.000899281,1968.734,0.8075539568345323
2011.77,679.2000000001863,3.983,3.451,4429.154999999795,5372.35,8720.35,0.532,-0.000899281,2017.344,0.8075539568345323
1992.0,676.7999999998137,3.988,3.454,4424.320000000298,5336.32,8828.32,0.5339999999999998,-0.000899281,2001.5999999999767,0.8048561151079137
1968.0,648.0,3.988,3.468,4334.321000000462,5264.32,8828.32,0.52,-0.000899281,1972.7999999999768,0.8075539568345323
2010.4,692.3999999999069,3.991,3.445,4436.321000000462,5372.32,8747.08,0.5460000000000003,-0.000899281,2016.172,0.8075539568345323
2001.31,596.0,3.94,3.488,4313.921000000089,5264.32,9131.33,0.4519999999999999,-0.000899281,2005.7599999999768,0.8066546762589928
2007.04,675.2000000001863,3.983,3.45,4418.321000000462,5336.32,8667.81,0.5329999999999999,-0.000899281,2014.138,0.8066546762589928
1965.31,648.7999999998137,3.978,3.461,4310.352000000887,5228.35,8924.57,0.5170000000000003,-0.000899281,1971.3019999999767,0.8120503597122303
2016.84,590.0,3.936,3.49,4342.751000000164,5300.35,9122.72,0.4459999999999997,-0.000899281,2021.4119999999768,0.8066546762589928
2014.4,674.4000000003725,3.987,3.458,4412.479000000283,5336.48,8762.21,0.5289999999999999,-0.000899281,41778.278,0.8111510791366907
2004.0,661.9948333334178,3.979,3.459,4393.088999999687,5336.29,8828.29,0.52,-0.000899281,2004.0,0.8300359712230216
1960.52,555.2000000001863,3.939,3.5,4198.751999999862,5156.35,8882.59,0.439,-0.000899281,1966.106,0.8066546762589928
1992.0,679.2000000001863,3.987,3.454,4418.319999999832,5336.32,8792.32,0.5329999999999999,-0.000899281,1999.1999999999769,0.803956835
1999.19,660.0,3.987,3.464,4412.351999999955,5372.35,9009.05,0.5230000000000001,-0.000899281,2003.9539999999768,0.8066546762589928
1973.28,647.2000000001863,3.983,3.468,4322.319999999832,5264.32,8787.2,0.5150000000000001,-0.000899281,1979.3939999999768,0.8066546762589928
1968.64,648.7999999998137,3.978,3.461,4316.339999999851,5228.32,8908.0,0.5170000000000003,-0.000899281,1973.8359999999768,0.8102517985611509
1991.01,664.7999999998137,3.989,3.459,4394.351000000257,5336.35,9177.86,0.5299999999999998,-0.000899281,1997.247999999988,0.8021582733812951
2006.88,690.3999999999069,3.991,3.445,4430.321000000462,5372.32,8724.7,0.5460000000000003,-0.000899281,2013.152,0.8066546762589928
1968.0,650.0,3.987,3.468,4322.350999999326,5228.35,8828.35,0.5190000000000001,-0.000899281,1970.399999999977,0.8066546762589928
1965.3,648.7999999998137,3.978,3.461,4310.351999999955,5228.35,8924.57,0.5170000000000003,-0.000899281,1971.2999999999768,0.8093525179856116
1997.7,593.6000000000931,3.939,3.489,4299.520000000019,5264.32,9081.06,0.4500000000000002,-0.000899281,2003.2579999999768,0.8057553956834532
1970.81,647.2000000001863,3.983,3.468,4313.951,5264.35,8804.23,0.5150000000000001,-0.000899281,1976.447999999977,0.8057553956834532
2012.29,672.0,3.987,3.456,4421.920999999158,5372.32,8765.15,0.5310000000000001,-0.000899281,41783.224,0.8102517985611509
2013.8,587.2000000001863,3.937,3.491,4335.583000000101,5300.38,9127.07,0.4459999999999997,-0.000899281,2019.0959999999768,0.8057553956834532
1968.0,646.3999999999069,3.987,3.468,4313.960000000428,5228.36,8828.36,0.5190000000000001,-0.000899281,1968.0,0.8057553956834532
1958.75,558.0,3.939,3.501,4184.25,5120.25,8884.8,0.4380000000000001,-0.000899281,1963.502,0.8057553956834532
2003.81,675.6000000000931,3.983,3.451,4407.526199999731,5336.32,8647.71,0.532,-0.000899281,2010.804,0.8057553956834532
1987.3,661.2000000001863,3.988,3.459,4382.351999999955,5336.35,9123.45,0.5289999999999999,-0.000899281,1994.1379999999888,0.8012589928057554
1992.0,675.2000000001863,3.988,3.455,4407.520000000019,5336.32,8792.32,0.5329999999999999,-0.000899281,1996.7999999999768,0.8030575539568346
1996.73,660.0,3.987,3.465,4400.321000000462,5336.32,9003.07,0.5220000000000002,-0.000899281,2001.7579999999768,0.8057553956834532
1992.0,661.6000000000931,3.979,3.459,4382.320000000298,5300.32,8864.32,0.52,-0.000899281,2001.6,0.8291366906474821
1962.59,644.7999999998137,3.978,3.462,4298.358999999706,5228.36,8905.09,0.516,-0.000899281,1968.491999999977,0.8111510791366907
2004.16,687.0,3.99,3.446,4421.952000000048,5372.35,8718.4,0.544,-0.000899281,2010.06,0.8057553956834532
1995.04,675.2000000001863,3.988,3.455,4400.351999999955,5336.35,8792.35,0.5329999999999999,-0.000899281,1995.0079999999768,0.8021582733812951
1993.41,656.0,3.987,3.464,4393.151999999769,5336.35,9015.68,0.5230000000000001,-0.000899281,1999.0819999999767,0.8048561151079138
1997.05,594.0,3.941,3.49,4292.351999999955,5228.35,9084.99,0.4509999999999996,-0.000899281,2001.0359999999769,0.8048561151079137
1983.46,657.6000000000931,3.988,3.46,4371.426000000443,5300.23,9097.09,0.528,-0.000899281,1990.777999999988,0.8003597122302158
2001.02,684.7999999998137,3.99,3.446,4412.351999999955,5336.35,8705.44,0.544,-0.000899281,2007.07,0.8048561151079138
1961.92,648.8206666666083,3.978,3.462,4292.350999999326,5228.35,8879.8,0.516,-0.000899281,1965.899999999977,0.8102517985611509
1992.0,660.0320000001229,3.978,3.459,4376.383,5300.38,8828.38,0.5190000000000001,-0.000899281,1999.2,0.8282374100719423
1954.53,555.2000000001863,3.939,3.501,4177.119999999646,5120.32,8859.23,0.4380000000000001,-0.000899281,1960.732,0.8048561151079138
1968.0,649.9674999997951,3.988,3.468,4310.351999999955,5228.35,8792.35,0.52,-0.000899281,1968.0,0.8048561151079138
2010.55,585.6000000000931,3.936,3.491,4321.151999999769,5264.35,9107.68,0.4449999999999998,-0.000899281,2016.3859999999768,0.8048561151079137
2009.31,668.0,3.987,3.458,4414.752000000328,5336.35,8738.72,0.5289999999999999,-0.000899281,41787.974,0.8093525179856116
1967.43,644.0,3.982,3.469,4304.267666666303,5228.26,8777.25,0.5130000000000003,-0.000899281,1973.5359999999769,0.8048561151079137
1962.59,644.7999999998137,3.978,3.462,4298.360000000335,5228.36,8905.09,0.516,-0.000899281,1968.4899999999768,0.8084532374100719
2001.34,673.6000000000931,3.983,3.452,4400.319999999832,5336.32,8684.7,0.5310000000000001,-0.000899281,2007.622,0.8048561151079138
1992.0,673.2000000001863,3.988,3.456,4393.151000000071,5300.35,8792.35,0.532,-0.000899281,1992.607999999977,0.8012589928057554
2006.66,668.0,3.987,3.458,4406.320999999531,5336.32,8725.21,0.5289999999999999,-0.000899281,2010.708,0.8084532374100719
1961.92,648.8206666661426,3.978,3.462,4292.350999999791,5228.35,8879.8,0.516,-0.000899281,1965.8979999999767,0.8075539568345323
1998.18,669.6000000000931,3.983,3.454,4393.121,5336.32,8665.95,0.5289999999999999,-0.000899281,2004.428,0.8039568345323742
1965.41,646.3999999999069,3.988,3.466,4306.719999999739,5228.32,8792.32,0.5219999999999998,-0.000899281,1967.4819999999768,0.8039568345323742
1964.41,641.6000000000931,3.982,3.469,4292.389999999665,5228.39,8779.94,0.5130000000000003,-0.000899281,1970.5519999999767,0.803956835
2007.94,582.0,3.935,3.493,4313.981999999844,5264.38,9098.37,0.4420000000000001,-0.000899281,2013.6659999999767,0.803956835
1989.98,654.0,3.988,3.465,4378.626999999862,5336.23,8996.52,0.5230000000000001,-0.000899281,1996.225999999977,0.8039568345323742
1994.37,591.2000000001863,3.941,3.489,4292.320999999996,5228.32,9099.56,0.4519999999999999,-0.000899281,1998.7199999999768,0.803956835
1980.67,656.0,3.988,3.461,4358.217999999877,5300.22,9101.98,0.5270000000000001,-0.000899281,1987.411999999988,0.7994604316546763
1944.0,555.2000000001863,3.939,3.502,4169.8809999995865,5120.28,8853.18,0.4370000000000003,-0.000899281,1956.322,0.8039568345323742
1992.0,657.6000000000931,3.979,3.461,4370.194999999832,5300.19,8828.19,0.5180000000000002,-0.000899281,1996.8,0.8273381294964028
1958.75,646.7999999998137,3.978,3.461,4292.321000000462,5228.32,8906.53,0.5170000000000003,-0.000899281,1963.4419999999768,0.8093525179856116
1998.02,684.7999999998137,3.991,3.448,4400.257000000216,5336.26,8687.65,0.5430000000000001,-0.000899281,2004.096,0.8039568345323742
1977.6,656.3999999999069,3.987,3.462,4349.952,5300.35,9097.27,0.5249999999999999,-0.000899281,1984.007999999988,0.7985611510791367
1991.81,588.0,3.941,3.49,4280.382,5228.38,9103.23,0.4509999999999996,-0.000899281,1996.447999999977,0.8030575539568346
1987.2,654.3999999999069,3.988,3.466,4370.351000000257,5300.35,8991.48,0.5219999999999998,-0.000899281,1993.3019999999767,0.8030575539568344
1995.39,683.2000000001863,3.991,3.448,4393.151000000071,5336.35,8674.08,0.5430000000000001,-0.000899281,2001.094,0.8030575539568344
1958.75,646.7999999998137,3.978,3.461,4292.321000000462,5228.32,8906.53,0.5170000000000003,-0.000899281,1963.4399999999769,0.8066546762589928
1955.24,647.2000000001863,3.978,3.462,4277.952000000048,5192.35,8895.17,0.516,-0.000899281,1960.7619999999763,0.8084532374100719
2005.41,584.0,3.936,3.493,4299.552000000142,5264.35,9089.31,0.443,-0.000899281,2010.9079999999765,0.8030575539568346
1980.0,671.2000000001863,3.988,3.456,4382.319999999832,5300.32,8792.32,0.532,-0.000899281,1990.207999999977,0.8003597122302158
1995.87,669.6000000000931,3.983,3.453,4378.7520000007935,5300.35,8667.65,0.5300000000000002,-0.000899281,2001.248,0.8030575539568344
2003.97,668.0,3.988,3.458,4400.350999999791,5336.35,8736.58,0.5299999999999998,-0.000899281,2009.326,0.8075539568345323
1956.0,644.0,3.988,3.467,4299.550999999512,5228.35,8792.35,0.5209999999999999,-0.000899281,1965.0819999999767,0.8030575539568344
1961.18,641.6000000000931,3.981,3.469,4285.121000000276,5228.32,8748.81,0.512,-0.000899281,1967.4219999999768,0.8030575539568346
1948.86,555.2000000001863,3.939,3.502,4155.520000000019,5084.32,8866.09,0.4370000000000003,-0.000899281,1953.332,0.8030575539568344
1992.0,657.6000000000931,3.979,3.46,4358.289000000339,5300.29,8828.29,0.5190000000000001,-0.000899281,1994.4,0.8264388489208633
1988.86,586.0,3.941,3.491,4270.719999999739,5228.32,9073.93,0.4499999999999997,-0.000899281,1993.957999999977,0.8021582733812951
1974.59,652.7999999998137,3.987,3.463,4340.352000000887,5264.35,9061.15,0.524,-0.000899281,1980.723999999988,0.7976618705035972
1958.66,638.0,3.982,3.471,4274.352000000887,5228.35,8749.6,0.5110000000000001,-0.000899281,1964.4979999999769,0.8021582733812951
1992.0,657.6000000000931,3.979,3.461,4352.351999999955,5300.35,8828.35,0.5180000000000002,-0.000899281,1992.0,0.8255395683453237
1952.03,643.2000000001863,3.977,3.462,4268.351000000257,5192.35,8892.99,0.5149999999999997,-0.000899281,1958.1059999999768,0.8075539568345323
1984.12,650.3999999999069,3.987,3.466,4358.351000000257,5300.35,8956.8,0.5209999999999999,-0.000899281,1990.2879999999768,0.8021582733812951
1992.74,668.0,3.983,3.454,4371.582999999635,5300.38,8654.43,0.5289999999999999,-0.000899281,1998.388,0.8021582733812951
1980.0,673.6000000000931,3.988,3.456,4376.351000000257,5300.35,8756.35,0.532,-0.000899281,1987.8079999999768,0.7994604316546763
1992.41,683.2000000001863,3.991,3.449,4385.826,5336.23,8663.45,0.5420000000000003,-0.000899281,1998.2,0.8021582733812951
2003.11,580.0,3.935,3.493,4292.351999999955,5264.35,9055.4,0.4420000000000001,-0.000899281,2008.1619999999768,0.8021582733812951
1945.6,552.0,3.939,3.502,4148.320000000298,5084.32,8821.63,0.4370000000000003,-0.000899281,1950.348,0.8021582733812951
1956.0,640.7999999998137,3.988,3.469,4292.351999999955,5192.35,8756.35,0.5190000000000001,-0.000899281,1962.6819999999768,0.8021582733812951
2000.64,666.0,3.988,3.458,4393.150999999605,5336.35,8712.19,0.5299999999999998,-0.000899281,2006.574,0.8066546762589928
1955.23,647.2000000001863,3.978,3.462,4277.952000000514,5192.35,8895.17,0.516,-0.000899281,1960.7579999999768,0.8057553956834532
2001.0,582.0,3.935,3.493,4285.066000000108,5264.27,9049.73,0.4420000000000001,-0.000899281,2005.601999999977,0.8012589928057554
1998.11,660.0,3.988,3.459,4382.382000000216,5300.38,8707.16,0.5289999999999999,-0.000899281,2003.738,0.8057553956834532
1980.0,658.0,3.979,3.461,4349.881000000518,5264.28,8792.28,0.5180000000000002,-0.000899281,1989.6,0.8246402877697842
1952.03,643.2000000001863,3.977,3.462,4268.351999999955,5192.35,8892.99,0.5149999999999997,-0.000899281,1958.1039999999768,0.8048561151079138
1980.0,669.6000000000931,3.988,3.457,4370.351999999955,5300.35,8756.35,0.5310000000000001,-0.000899281,1985.407999999977,0.7985611510791367
1956.31,640.0,3.982,3.47,4268.358999999706,5192.36,8743.97,0.512,-0.000899281,1961.5979999999768,0.8012589928057554
1990.39,679.2000000001863,3.99,3.449,4376.344000000041,5300.34,8666.3,0.5410000000000004,-0.000899281,1995.446,0.8012589928057554
1990.69,668.0,3.983,3.455,4364.25,5300.25,8650.59,0.528,-0.000899281,1995.764,0.8012589928057554
1956.0,640.7999999998137,3.988,3.469,4280.383,5192.38,8792.38,0.5190000000000001,-0.000899281,1960.2819999999767,0.8012589928057554
1944.05,551.2000000001863,3.94,3.503,4141.144,5084.34,8828.34,0.4369999999999998,-0.000899281,1947.408,0.8012589928057554
1981.83,648.7999999998137,3.988,3.468,4349.959999999963,5300.36,8935.2,0.52,-0.000899281,1987.3079999999768,0.8012589928057554
1949.56,644.0,3.978,3.463,4256.343999999575,5192.34,8879.77,0.5150000000000001,-0.000899281,1955.4999999999768,0.8066546762589928
1972.09,652.7999999998137,3.986,3.463,4328.360000000335,5264.36,9008.36,0.5230000000000001,-0.000899281,1977.6819999999884,0.7967625899280575
1986.69,586.0,3.941,3.49,4263.543999999762,5192.34,9061.95,0.4509999999999996,-0.000899281,1991.7559999999764,0.8012589928057554
1947.08,640.0,3.978,3.463,4249.119200000074,5156.31,8889.41,0.5150000000000001,-0.000899281,1952.5319999999767,0.8057553956834532
1944.0,640.7999999998137,3.988,3.469,4274.328000000212,5192.33,8792.33,0.5190000000000001,-0.000899281,1955.4819999999768,0.8003597122302158
1968.0,651.2000000001863,3.986,3.464,4322.311999999918,5264.31,8969.53,0.5220000000000002,-0.000899281,1974.5899999999883,0.795863309
1941.52,551.2000000001863,3.94,3.503,4133.991000000387,5084.39,8832.58,0.4369999999999998,-0.000899281,1944.806,0.8003597122302158
1995.24,662.4000000003725,3.987,3.46,4376.352000000887,5300.35,8718.31,0.5270000000000001,-0.000899281,2000.924,0.8048561151079137
1998.41,578.3999999999069,3.934,3.493,4285.158999999519,5228.36,9026.28,0.4410000000000003,-0.000899281,2003.1739999999768,0.8003597122302158
1949.56,644.0,3.978,3.463,4256.344000000507,5192.34,8879.77,0.5150000000000001,-0.000899281,1955.4979999999769,0.8039568345323742
1979.58,646.7999999998137,3.988,3.467,4342.728000000119,5300.33,8937.7,0.5209999999999999,-0.000899281,1984.5419999999765,0.8003597122302158
1983.78,584.0,3.94,3.493,4256.25,5192.25,9045.41,0.447,-0.000899281,1989.101999999977,0.8003597122302158
1980.0,668.0,3.989,3.457,4364.358999999706,5300.36,8756.36,0.532,-0.000899281,1982.399999999977,0.7976618705035972
1988.42,681.0,3.99,3.449,4371.513000000268,5300.31,8638.3,0.5410000000000004,-0.000899281,1992.926,0.8003597122302158
1954.08,640.0,3.982,3.471,4256.25,5192.25,8729.11,0.5110000000000001,-0.000899281,1958.9279999999767,0.8003597122302158
1988.83,668.0,3.983,3.455,4357.142999999691,5300.34,8651.91,0.528,-0.000899281,1993.262,0.8003597122302158
1980.03,657.6000000000931,3.98,3.461,4342.728000000119,5264.33,8792.33,0.5190000000000001,-0.000899281,1987.206,0.8237410071942446
1994.97,576.7999999998137,3.934,3.494,4277.958999999799,5228.36,9020.0,0.4399999999999999,-0.000899281,2000.5799999999767,0.7994604316546763
1944.0,636.7999999998137,3.988,3.469,4268.328000000212,5192.33,8720.33,0.5190000000000001,-0.000899281,1951.1999999999769,0.7994604316546763
1939.2,550.2000000001863,3.94,3.504,4126.760000000242,5084.36,8826.5,0.4359999999999999,-0.000899281,1943.846,0.7994604316546763
1944.0,637.6000000000931,3.978,3.463,4241.818999999668,5156.22,8852.09,0.5150000000000001,-0.000899281,1949.5819999999767,0.8048561151079137
1986.56,681.6000000000931,3.991,3.449,4364.328000000212,5300.33,8646.2,0.5420000000000003,-0.000899281,1990.634,0.7994604316546763
1951.75,636.0,3.982,3.471,4250.358999999706,5192.36,8744.39,0.5110000000000001,-0.000899281,1956.3959999999763,0.7994604316546763
1986.41,666.3999999999069,3.983,3.455,4349.943999999668,5300.34,8626.69,0.528,-0.000899281,1990.908,0.7994604316546763
1992.42,662.4000000003725,3.987,3.46,4364.350999999791,5300.35,8691.45,0.5270000000000001,-0.000899281,1998.076,0.803956835
1980.0,669.6000000000931,3.989,3.457,4357.018999999855,5264.22,8756.22,0.532,-0.000899281,1980.0,0.7967625899280575
1947.08,640.0,3.978,3.463,4249.118400000036,5156.31,8889.41,0.5150000000000001,-0.000899281,1952.5299999999768,0.8030575539568344
1980.0,653.6000000000931,3.98,3.461,4335.464999999851,5264.26,8828.26,0.5190000000000001,-0.000899281,1984.806,0.8228417266187049
1977.06,647.2000000001863,3.988,3.469,4334.328999999911,5264.33,8926.19,0.5190000000000001,-0.000899281,1981.957999999977,0.7994604316546763
1966.53,649.6000000000931,3.985,3.466,4316.359000000171,5264.36,9002.19,0.5189999999999997,-0.000899281,1971.7619999999883,0.7949640287769784
1981.53,584.0,3.94,3.492,4249.174999999814,5192.38,9030.45,0.4479999999999999,-0.000899281,1986.533999999977,0.7994604316546763
1980.0,652.0,3.98,3.462,4328.281000000425,5264.28,8828.28,0.5179999999999998,-0.000899281,1982.406,0.8219424460431656
1968.0,665.6000000000931,3.989,3.457,4346.328000000212,5264.33,8756.33,0.532,-0.000899281,1977.5999999999767,0.795863309
1974.34,645.6000000000931,3.987,3.469,4322.421999999788,5264.42,8899.72,0.5180000000000002,-0.000899281,1979.3859999999763,0.7985611510791367
1963.97,646.0,3.985,3.465,4310.390999999829,5264.39,9006.59,0.52,-0.000899281,1969.0359999999885,0.7940647482014389
1978.59,584.0,3.939,3.493,4238.311999999918,5192.31,9001.78,0.4460000000000002,-0.000899281,1983.889999999977,0.7985611510791367
1944.0,637.5999999996275,3.978,3.463,4241.819000000134,5156.22,8852.09,0.5150000000000001,-0.000899281,1949.5799999999767,0.8021582733812951
1941.0,634.0,3.978,3.464,4232.36,5156.36,8871.14,0.5140000000000002,-0.000899281,1946.7339999999767,0.803956835
1983.88,666.3999999999069,3.983,3.456,4340.328000000212,5264.33,8576.33,0.5270000000000001,-0.000899281,1988.51,0.7985611510791367
1948.77,638.0,3.982,3.472,4241.835000000428,5192.24,8717.12,0.5100000000000002,-0.000899281,1953.9139999999768,0.7985611510791367
1989.89,576.0,3.932,3.495,4256.344000000041,5228.34,9069.19,0.4369999999999998,-0.000899281,1997.475999999977,0.7985611510791367
1944.0,639.2000000001863,3.988,3.47,4256.359000000637,5192.36,8756.36,0.5179999999999998,-0.000899281,1948.7999999999768,0.7985611510791367
1984.58,677.6000000000931,3.991,3.448,4358.358999999706,5300.36,8650.44,0.5430000000000001,-0.000899281,1988.472,0.7985611510791367
1936.7,548.0,3.94,3.504,4118.342999999877,5048.34,8826.42,0.4359999999999999,-0.000899281,1941.414,0.7985611510791367
1989.82,658.4000000003725,3.987,3.46,4357.049999999814,5300.25,8684.06,0.5270000000000001,-0.000899281,1995.246,0.8030575539568346
1941.0,634.0,3.978,3.464,4232.360000000335,5156.36,8871.14,0.5140000000000002,-0.000899281,1946.7339999999767,0.8012589928057554
1980.0,652.0,3.98,3.462,4321.160000000149,5264.36,8792.36,0.5179999999999998,-0.000899281,1980.006,0.821043165
1933.28,545.6000000000931,3.94,3.505,4105.128,5048.33,8816.8,0.435,-0.000899281,1938.95,0.7976618705035972
1960.74,644.0,3.984,3.466,4299.528000000399,5264.33,8972.55,0.5179999999999998,-0.000899281,1966.2659999999885,0.7931654676258992
1987.58,572.0,3.932,3.497,4241.959999999963,5192.36,9040.0,0.435,-0.000899281,1994.3699999999767,0.7976618705035972
1971.61,642.0,3.987,3.47,4313.959,5264.36,8919.36,0.5169999999999999,-0.000899281,1976.8839999999768,0.7976618705035972
1976.12,581.9844999997877,3.939,3.493,4227.528000000399,5192.33,9011.75,0.4460000000000002,-0.000899281,1981.3419999999765,0.7976618705035972
1968.0,662.0,3.988,3.458,4340.312999999616,5264.31,8684.31,0.5299999999999998,-0.000899281,1975.1999999999769,0.7949640287769784
1944.0,635.2000000001863,3.987,3.47,4250.343000000343,5156.34,8756.34,0.5169999999999999,-0.000899281,1946.399999999977,0.7976618705035972
1945.86,634.4103333330713,3.981,3.472,4232.359000000171,5156.36,8697.47,0.5089999999999999,-0.000899281,1951.3539999999768,0.7976618705035972
1982.59,678.0,3.99,3.45,4352.375,5300.38,8656.64,0.54,-0.000899281,1986.5080000000005,0.7976618705035972
1981.55,664.7999999998137,3.983,3.456,4334.235000000335,5264.24,8601.0,0.5270000000000001,-0.000899281,1986.272,0.7976618705035972
1937.95,636.0,3.978,3.465,4220.390999999363,5156.39,8860.06,0.5130000000000003,-0.000899281,1943.9179999999767,0.8030575539568346
1986.75,658.7999999998137,3.987,3.461,4349.950999999419,5300.35,8650.37,0.5260000000000002,-0.000899281,1992.468,0.8021582733812951
1973.77,579.2000000001863,3.938,3.494,4220.358999999706,5156.36,9003.66,0.4439999999999999,-0.000899281,1978.7579999999768,0.7967625899280575
1930.34,546.0,3.94,3.505,4097.960000000428,5048.36,8802.05,0.435,-0.000899281,1936.208,0.7967625899280575
1944.0,636.0,3.987,3.471,4238.312999999616,5156.31,8720.31,0.516,-0.000899281,1944.0,0.7967625899280575
1958.16,644.3999999999069,3.984,3.467,4298.360000000335,5228.36,8967.27,0.5169999999999999,-0.000899281,1963.479999999988,0.7922661870503596
1969.05,640.0,3.987,3.47,4304.344000000507,5264.34,8891.06,0.5169999999999999,-0.000899281,1974.3279999999768,0.7967625899280575
1987.69,574.0,3.932,3.498,4234.712999999523,5192.31,9022.05,0.4339999999999997,-0.000899281,1991.707999999977,0.7967625899280575
1980.0,676.0,3.99,3.451,4342.7440000004135,5264.34,8647.06,0.5390000000000001,-0.000899281,1984.43,0.7967625899280575
1944.0,634.3999999999069,3.982,3.472,4220.358999999706,5156.36,8741.31,0.5100000000000002,-0.000899281,1948.8919999999769,0.7967625899280575
1968.0,648.0,3.98,3.463,4313.9280000003055,5228.33,8792.33,0.5169999999999999,-0.000899281,1977.606,0.8201438848920862
1968.0,664.0,3.989,3.458,4328.344000000507,5264.34,8756.34,0.5309999999999997,-0.000899281,1972.7999999999768,0.7940647482014389
1985.02,656.7999999998137,3.987,3.461,4340.383,5264.38,8667.87,0.5260000000000002,-0.000899281,1989.85,0.8012589928057554
1979.81,664.7999999998137,3.983,3.456,4328.264999999665,5264.26,8632.83,0.5270000000000001,-0.000899281,1984.096,0.7967625899280575
1935.08,632.0,3.978,3.465,4213.128000000026,5120.33,8830.12,0.5130000000000003,-0.000899281,1941.0219999999767,0.8021582733812951
1937.95,636.0,3.978,3.465,4220.391,5156.39,8860.06,0.5130000000000003,-0.000899281,1943.9179999999767,0.8003597122302158
1978.42,676.0,3.99,3.45,4334.311999999918,5264.31,8638.84,0.54,-0.000899281,1982.43,0.7958633093525179
1966.16,638.0,3.987,3.47,4298.344000000507,5264.34,8867.3,0.5169999999999999,-0.000899281,1971.643999999977,0.7958633093525179
1982.75,656.7999999998137,3.988,3.461,4334.344000000507,5264.34,8624.83,0.5270000000000001,-0.000899281,1987.352,0.8003597122302158
1935.08,632.0,3.978,3.465,4213.128,5120.33,8830.12,0.5130000000000003,-0.000899281,1941.0219999999767,0.7994604316546763
1968.0,650.0,3.98,3.466,4306.686999999918,5230.69,8794.69,0.5139999999999998,-0.000899281,1975.2,0.8192446043165468
1968.0,660.0,3.989,3.459,4322.312000000384,5228.31,8756.31,0.5299999999999998,-0.000899281,1970.399999999977,0.7931654676258992
1977.62,660.8103333329782,3.982,3.457,4316.360000000335,5264.36,8631.91,0.5250000000000004,-0.000899281,1981.854,0.7958633093525179
1932.7,630.0,3.978,3.468,4202.219000000507,5120.22,8820.39,0.5100000000000002,-0.000899281,1938.1459999999763,0.8012589928057554
1971.2,581.6000000000931,3.938,3.494,4213.158999999985,5156.36,8952.27,0.4439999999999999,-0.000899281,1976.2419999999763,0.795863309
1984.23,572.0,3.931,3.496,4241.960000000428,5192.36,9026.34,0.435,-0.000899281,1988.8719999999769,0.795863309
1927.84,544.0,3.94,3.507,4088.313000000548,5048.31,8785.38,0.4329999999999998,-0.000899281,1933.472,0.7958633093525179
1940.83,632.7999999998137,3.982,3.473,4214.39,5156.39,8719.33,0.5090000000000003,-0.000899281,1946.241999999977,0.795863309
1955.81,644.7999999998137,3.984,3.467,4286.391000000294,5228.39,8959.75,0.5169999999999999,-0.000899281,1961.0419999999883,0.7913669064748201
1932.0,633.6000000000931,3.987,3.47,4232.342999999877,5156.34,8720.34,0.5169999999999999,-0.000899281,1941.5999999999767,0.7958633093525179
1964.28,638.3999999999069,3.986,3.471,4292.327999999281,5228.33,8868.19,0.5150000000000001,-0.000899281,1969.0879999999768,0.7949640287769785
1968.0,646.3999999999069,3.98,3.464,4298.235,5228.23,8792.23,0.516,-0.000899281,1972.8,0.8183453237410072
1969.83,580.0,3.937,3.494,4208.360000000335,5156.36,8969.67,0.4429999999999996,-0.000899281,1973.9019999999769,0.7949640287769784
1968.0,660.0,3.989,3.46,4316.235,5228.23,8720.23,0.5289999999999999,-0.000899281,1968.0,0.7922661870503596
1953.61,640.7999999998137,3.983,3.468,4285.127999999095,5228.33,8975.69,0.5150000000000001,-0.000899281,1958.4579999999885,0.7904676258992807
1925.83,544.0,3.94,3.507,4082.313000000548,5012.31,8788.12,0.4329999999999998,-0.000899281,1930.798,0.7949640287769785
1939.08,632.7999999998137,3.982,3.473,4205.9280000003055,5156.33,8720.7,0.5090000000000003,-0.000899281,1943.707999999977,0.7949640287769784
1975.5,663.2000000001863,3.982,3.457,4310.25,5228.25,8614.17,0.5250000000000004,-0.000899281,1979.672,0.7949640287769785
1981.53,570.3999999999069,3.931,3.498,4220.328000000212,5192.33,9025.0,0.4329999999999998,-0.000899281,1986.1839999999768,0.7949640287769784
1976.5,674.3999999999069,3.99,3.452,4328.390999999363,5264.39,8633.5,0.5380000000000003,-0.000899281,1980.418,0.7949640287769785
1981.09,656.7999999998137,3.988,3.461,4328.328999999911,5264.33,8654.41,0.5270000000000001,-0.000899281,1985.086,0.7994604316546763
1932.7,630.0,3.978,3.468,4202.218999999575,5120.22,8820.39,0.5100000000000002,-0.000899281,1938.1459999999763,0.7985611510791367
1930.53,630.3999999999069,3.978,3.468,4191.591000000481,5120.39,8851.11,0.5100000000000002,-0.000899281,1935.4519999999768,0.8003597122302158
1932.0,633.6000000000931,3.987,3.472,4227.5600000005215,5156.36,8720.36,0.5150000000000001,-0.000899281,1939.1999999999769,0.7949640287769785
1956.0,656.0,3.989,3.459,4310.36,5228.36,8756.36,0.5299999999999998,-0.000899281,1965.5999999999767,0.7913669064748201
1968.12,580.0,3.937,3.495,4205.975000000093,5156.38,8951.64,0.4419999999999997,-0.000899281,1971.8079999999768,0.7940647482014389
1951.77,643.2000000001863,3.983,3.468,4274.327999999281,5228.33,8972.58,0.5150000000000001,-0.000899281,1956.0179999999884,0.789568345
1973.89,661.2000000001863,3.983,3.457,4304.327999999747,5228.33,8622.88,0.5260000000000002,-0.000899281,1977.674,0.7940647482014389
1930.53,630.4000000003725,3.978,3.468,4191.589999999851,5120.39,8851.11,0.5100000000000002,-0.000899281,1935.4519999999768,0.7976618705035972
1928.36,628.0,3.978,3.467,4184.360000000335,5120.36,8820.81,0.5110000000000001,-0.000899281,1932.9239999999768,0.7994604316546763
1968.0,646.3999999999069,3.98,3.464,4292.344000000507,5228.34,8792.34,0.516,-0.000899281,1970.4,0.8174460431654677
1937.02,628.7999999998137,3.982,3.474,4198.618999999948,5120.22,8714.11,0.508,-0.000899281,1941.3579999999763,0.7940647482014389
1975.45,674.3999999999069,3.99,3.45,4322.421999999788,5264.42,8662.78,0.54,-0.000899281,1978.592,0.7940647482014389
1982.56,572.0,3.932,3.499,4226.312999999616,5192.31,8969.59,0.4329999999999998,-0.000899281,1984.7179999999769,0.7940647482014389
1932.0,633.6000000000931,3.987,3.472,4220.358999999706,5156.36,8756.36,0.5150000000000001,-0.000899281,1936.7999999999768,0.7940647482014389
1978.81,654.0,3.987,3.462,4321.128,5264.36,8622.47,0.5249999999999999,-0.000899281,1982.884,0.7985611510791367
1924.0,543.0,3.939,3.507,4069.143999999389,5012.34,8789.25,0.4319999999999999,-0.000899281,1928.258,0.7940647482014389
1962.11,636.7999999998137,3.986,3.472,4285.143999999855,5228.34,8832.67,0.5140000000000002,-0.000899281,1966.6419999999769,0.7940647482014389
1960.67,636.7999999998137,3.986,3.472,4280.313000000082,5228.31,8838.97,0.5140000000000002,-0.000899281,1964.4539999999768,0.7931654676258992
1956.0,658.0,3.989,3.46,4304.390999999829,5228.39,8756.39,0.5289999999999999,-0.000899281,1963.1999999999769,0.7904676258992807
1921.47,542.0,3.94,3.507,4069.1749999998137,5012.38,8743.0,0.4329999999999998,-0.000899281,1925.896,0.7931654676258992
1972.09,661.2000000001863,3.983,3.459,4298.358999999706,5228.36,8625.67,0.524,-0.000899281,1975.782,0.7931654676258992
1948.67,637.2000000001863,3.983,3.467,4270.712000000291,5228.31,8922.14,0.516,-0.000899281,1953.6039999999884,0.7886690647482014
1932.0,633.6000000000931,3.987,3.471,4214.265999999829,5156.27,8720.27,0.516,-0.000899281,1934.399999999977,0.7931654676258992
1981.16,572.0,3.933,3.497,4234.649999999907,5192.25,8979.66,0.4359999999999999,-0.000899281,1983.4339999999768,0.7931654676258992
1966.56,576.0,3.937,3.495,4198.727999999654,5156.33,9008.61,0.4419999999999997,-0.000899281,1969.8959999999763,0.7931654676258992
1927.14,628.0,3.978,3.467,4178.36,5084.36,8832.33,0.5110000000000001,-0.000899281,1930.7619999999763,0.7985611510791367
1928.36,628.0,3.978,3.467,4184.359999999404,5120.36,8820.81,0.5110000000000001,-0.000899281,1932.9239999999768,0.7967625899280575
1976.89,655.2000000001863,3.987,3.461,4313.958999999799,5264.36,8656.77,0.5260000000000002,-0.000899281,1980.9120000000005,0.7976618705035972
1973.7,674.3999999999069,3.99,3.451,4316.344000000041,5264.34,8620.92,0.5390000000000001,-0.000899281,1976.814,0.7931654676258992
1968.0,648.0,3.98,3.465,4285.189999999944,5228.39,8792.39,0.5150000000000001,-0.000899281,1968.0,0.8165467625899281
1934.84,630.0,3.982,3.473,4191.543000000529,5120.34,8703.22,0.5090000000000003,-0.000899281,1939.1539999999768,0.7931654676258992
1974.08,652.0,3.987,3.462,4306.713000000455,5228.31,8620.47,0.5249999999999999,-0.000899281,1978.724,0.7967625899280575
1932.0,629.9741666661575,3.987,3.471,4208.343999999575,5120.34,8730.08,0.516,-0.000899281,1932.0,0.7922661870503597
1972.17,672.7999999998137,3.99,3.45,4313.927999999374,5264.33,8624.26,0.54,-0.000899281,1975.248,0.7922661870503597
1919.81,542.0,3.94,3.508,4061.9280000003055,5012.33,8757.0,0.4319999999999999,-0.000899281,1923.79,0.7922661870503597
1970.05,659.2000000001863,3.983,3.458,4292.344000000041,5228.34,8589.59,0.5249999999999999,-0.000899281,1973.83,0.7922661870503597
1932.0,634.0,3.981,3.468,4262.312999999616,5192.31,8946.78,0.5129999999999999,-0.000899281,1948.3719999999885,0.7877697841726619
1968.0,644.7999999998137,3.98,3.465,4280.296999999788,5228.3,8720.3,0.5150000000000001,-0.000899281,1968.0,0.8156474820143884
1956.45,631.2000000001863,3.985,3.472,4274.233999999706,5228.23,8853.0,0.5129999999999999,-0.000899281,1961.9339999999768,0.7922661870503597
1933.17,626.0,3.982,3.475,4184.343999999575,5120.34,8728.22,0.5070000000000001,-0.000899281,1936.9879999999769,0.7922661870503596
1927.14,628.0,3.978,3.467,4178.359000000171,5084.36,8832.33,0.5110000000000001,-0.000899281,1930.7619999999763,0.7958633093525179
1963.06,574.3999999999069,3.936,3.495,4196.313000000082,5156.31,8961.44,0.4409999999999998,-0.000899281,1967.7539999999765,0.7922661870503596
1979.45,570.3999999999069,3.932,3.498,4227.684000000358,5192.48,8972.97,0.4339999999999997,-0.000899281,1981.7859999999769,0.7922661870503596
1956.0,656.3999999999069,3.989,3.46,4298.342999999877,5228.34,8720.34,0.5289999999999999,-0.000899281,1960.7999999999768,0.789568345
1924.25,624.7999999998137,3.978,3.467,4172.327999999747,5084.33,8825.98,0.5110000000000001,-0.000899281,1928.5959999999768,0.7976618705035972
1957.31,628.781,3.996,3.698,4207.311999999918,5180.0,8973.72,0.298,-0.000899281,1960.1639999999768,0.7913669064748202
1965.12,652.7820000001229,3.999,3.786,4235.0,5187.0,8827.0,0.213,-0.000899281,1960.2239999999765,0.7886690647482014
1972.78,652.0,3.987,3.462,4299.512000000104,5228.31,8642.33,0.5249999999999999,-0.000899281,1976.73,0.795863309
1968.0,640.7810000004247,3.99,3.788,4214.030999999493,5180.0,8869.0,0.2020000000000004,-0.000899281,1968.0,0.8147482014388491
1924.25,624.7999999998137,3.978,3.467,4172.328000000678,5084.33,8825.99,0.5110000000000001,-0.000899281,1928.5959999999768,0.7949640287769785
1971.28,667.188,3.997,3.695,4249.375,5207.98,8718.44,0.302,-0.000899281,1973.82,0.7913669064748202
1941.59,633.5939999995753,4.0,3.787,4158.0,5110.0,8820.0,0.213,-0.000899281,1933.9179999999767,0.7913669064748202
1916.62,535.2190000005066,3.949,3.713,3990.312999999616,4963.0,8836.0,0.2359999999999997,-0.000899281,1921.546,0.7913669064748202
1968.03,652.781,3.99,3.788,4228.360000000335,5194.36,8706.27,0.2020000000000004,-0.000899281,1971.912,0.7913669064748202
1929.94,621.5940000005066,3.991,3.704,4116.327999999747,5082.03,8784.14,0.2869999999999999,-0.000899281,1934.8099999999763,0.7913669064748201
1969.66,576.0,3.95,3.801,4151.342999999877,5131.34,9031.69,0.149,-0.000899281,1967.4459999999767,0.7913669064748201
1988.28,573.594,3.948,3.695,4186.313000000082,5166.03,9067.97,0.2530000000000001,-0.000899281,1982.5959999999768,0.7913669064748201
1931.22,628.813,3.991,3.706,4116.375,5068.0,8883.69,0.2850000000000001,-0.000899281,1928.2999999999768,0.7967625899280575
1945.47,633.5939999995753,3.993,3.697,4179.375,5145.0,9072.38,0.2959999999999998,-0.000899281,1946.3039999999885,0.7868705035971223
1918.28,535.0,3.936,3.801,3968.344000000506,4940.34,8817.22,0.1349999999999998,-0.000899281,1920.036,0.7904676258992805
1969.75,574.3999999999069,3.935,3.794,4155.575000000186,5120.38,9006.12,0.141,-0.000899281,1967.4299999999769,0.7904676258992807
1956.0,651.6000000000931,3.986,3.78,4227.575000000186,5156.38,8828.38,0.2060000000000004,-0.000899281,1957.8239999999764,0.7877697841726619
1971.19,668.7999999998137,3.984,3.779,4232.25,5192.25,8724.41,0.205,-0.000899281,1972.7580000000005,0.7904676258992805
1930.47,628.7999999998137,3.977,3.784,4124.281000000425,5048.28,8896.44,0.193,-0.000899281,1928.2879999999768,0.795863309
1944.0,634.4000000003725,3.98,3.784,4191.543999999762,5156.34,8980.62,0.1960000000000001,-0.000899281,1944.381999999988,0.7859712230215827
1967.56,651.6000000000931,3.977,3.782,4205.8809999995865,5156.28,8650.41,0.1949999999999998,-0.000899281,1970.324,0.7904676258992805
1931.16,622.0,3.977,3.787,4094.405999999493,5048.41,8756.22,0.1899999999999999,-0.000899281,1933.225999999977,0.7904676258992807
1971.36,653.5999999996275,3.987,3.482,4292.344000000507,5228.34,8640.55,0.5049999999999999,-0.000899281,1974.784,0.7949640287769784
1958.56,630.0,3.983,3.782,4205.881000000052,5192.28,8865.38,0.201,-0.000899281,1959.0199999999768,0.7904676258992805
1932.0,628.0,3.986,3.781,4162.7440000004135,5084.34,8792.34,0.205,-0.000899281,1933.9179999999767,0.7904676258992805
1931.22,628.812,3.991,3.706,4116.375,5068.0,8883.69,0.2850000000000001,-0.000899281,1928.2999999999768,0.7940647482014389
1968.0,640.0,3.977,3.782,4205.943000000436,5156.34,8828.34,0.1949999999999998,-0.000899281,1968.0,0.8138489208633093
1984.53,572.0,3.931,3.793,4193.313000000082,5156.31,9027.09,0.1379999999999999,-0.000899281,1983.1959999999767,0.7904676258992807
1934.81,626.0,3.981,3.478,4172.342999999877,5120.34,8726.03,0.5029999999999997,-0.000899281,1932.783999999977,0.789568345
1972.97,661.6000000000931,3.981,3.463,4277.943,5192.34,8615.31,0.5179999999999998,-0.000899281,1970.14,0.789568345
1958.88,632.0,3.985,3.476,4274.344000000507,5228.34,8848.38,0.5089999999999999,-0.000899281,1958.3739999999768,0.789568345
1968.0,643.2000000001863,3.979,3.469,4274.343000000343,5192.34,8756.34,0.5100000000000002,-0.000899281,1968.0,0.8129496402877697
1928.28,628.7999999998137,3.978,3.469,4184.343000000343,5120.34,8836.5,0.5090000000000003,-0.000899281,1928.2719999999767,0.7949640287769784
1920.19,540.0,3.939,3.511,4047.5439999997616,4976.34,8748.66,0.4279999999999999,-0.000899281,1919.274,0.789568345
1981.84,572.7999999998137,3.931,3.499,4234.713000000455,5192.31,8992.09,0.4319999999999999,-0.000899281,1983.0519999999767,0.789568345
1969.59,651.5999999996275,3.987,3.463,4286.343999999575,5228.34,8621.08,0.524,-0.000899281,1972.94,0.7940647482014389
1930.47,628.7999999998137,3.977,3.784,4124.280999999493,5048.28,8896.44,0.193,-0.000899281,1928.2879999999764,0.7931654676258992
1932.03,630.0,3.987,3.473,4213.143999999855,5120.34,8720.34,0.5140000000000002,-0.000899281,1933.9239999999768,0.789568345
1966.59,576.0,3.935,3.496,4213.081999999937,5156.28,9017.81,0.439,-0.000899281,1967.1239999999768,0.789568345
1949.28,636.0,3.981,3.471,4268.218999999575,5192.22,8994.62,0.5099999999999998,-0.000899281,1943.8839999999884,0.7850719424460431
1956.0,654.3999999999069,3.988,3.463,4292.344000000041,5228.34,8720.34,0.5249999999999999,-0.000899281,1957.8239999999764,0.7868705035971223
1975.47,676.7999999998137,3.989,3.455,4304.344000000507,5228.34,8667.91,0.5339999999999998,-0.000899281,1972.762,0.789568345
1956.0,654.3999999999069,3.989,3.461,4299.512000000104,5228.31,8756.31,0.528,-0.000899281,1957.8239999999764,0.7859712230215827
1933.5,624.7999999998137,3.982,3.477,4184.343999999575,5120.34,8725.56,0.5050000000000003,-0.000899281,1932.5159999999769,0.7886690647482014
1919.38,540.0,3.94,3.509,4054.742999999784,4976.34,8775.16,0.431,-0.000899281,1918.856,0.7886690647482014
1947.09,634.4000000003725,3.98,3.47,4262.218999999575,5192.22,8967.0,0.5099999999999998,-0.000899281,1943.5679999999884,0.7841726618705036
1956.34,633.5999999996275,3.985,3.474,4274.375,5228.38,8824.03,0.5109999999999997,-0.000899281,1957.5079999999768,0.7886690647482014
1979.81,568.7999999998137,3.931,3.499,4227.606,5192.41,9007.91,0.4319999999999999,-0.000899281,1982.7819999999767,0.7886690647482014
1968.67,651.5999999996275,3.987,3.463,4280.343999999575,5228.34,8648.67,0.524,-0.000899281,1971.296,0.7931654676258992
1968.0,644.7999999998137,3.979,3.467,4280.311999999918,5228.31,8792.31,0.512,-0.000899281,1968.0,0.8120503597122303
1925.41,624.7999999998137,3.978,3.467,4172.375,5084.38,8827.53,0.5110000000000001,-0.000899281,1927.925999999977,0.7940647482014389
1973.47,676.7999999998137,3.989,3.452,4321.143999999855,5264.34,8649.06,0.5369999999999999,-0.000899281,1972.716,0.7886690647482014
1970.44,657.6000000000931,3.981,3.458,4298.343999999575,5228.34,8582.31,0.5229999999999997,-0.000899281,1969.81,0.7886690647482014
1956.0,574.0,3.935,3.496,4198.712999999989,5156.31,8965.03,0.439,-0.000899281,1965.0119999999763,0.7886690647482014
1932.0,629.6000000000931,3.988,3.473,4213.142999999691,5120.34,8756.34,0.5150000000000001,-0.000899281,1933.9239999999768,0.7886690647482014
1928.28,628.7999999998137,3.978,3.469,4184.343999999575,5120.34,8836.5,0.5090000000000003,-0.000899281,1928.2719999999767,0.7922661870503597
1957.38,569.5999999996275,3.934,3.498,4177.144,5120.34,8976.97,0.4359999999999999,-0.000899281,1963.8759999999768,0.7877697841726619
1968.19,660.0,3.981,3.458,4292.217999999877,5228.22,8607.0,0.5229999999999997,-0.000899281,1969.438,0.7877697841726619
1927.72,620.0,3.987,3.472,4205.975000000093,5120.38,8684.38,0.5150000000000001,-0.000899281,1933.0679999999768,0.7877697841726619
1953.16,632.0,3.984,3.474,4263.543000000529,5228.34,8820.72,0.5099999999999998,-0.000899281,1956.8499999999767,0.7877697841726619
1968.0,643.2000000001863,3.979,3.467,4274.343000000343,5192.34,8756.34,0.512,-0.000899281,1968.0,0.8111510791366905
1966.28,650.0,3.987,3.463,4277.943,5228.34,8596.86,0.524,-0.000899281,1969.736,0.7922661870503596
1977.56,570.0,3.931,3.498,4220.343999999575,5192.34,8984.41,0.4329999999999998,-0.000899281,1982.4039999999768,0.7877697841726619
1971.12,672.7999999998137,3.989,3.451,4313.975000000093,5228.38,8645.81,0.5379999999999998,-0.000899281,1972.506,0.7877697841726619
1916.69,620.0,3.974,3.468,4162.774999999907,5084.38,8791.56,0.5060000000000002,-0.000899281,1926.4139999999768,0.7931654676258992
1944.88,635.9793333336711,3.981,3.469,4256.344000000507,5192.34,8973.38,0.512,-0.000899281,1946.143999999988,0.7832733812949642
1916.16,536.0,3.939,3.508,4047.513000000268,4976.31,8790.56,0.431,-0.000899281,1918.126,0.7877697841726619
1956.0,652.7999999998137,3.989,3.461,4292.375,5228.38,8720.38,0.528,-0.000899281,1957.8239999999764,0.7850719424460431
1930.34,627.2000000001863,3.982,3.475,4178.342999999877,5120.34,8734.88,0.5070000000000001,-0.000899281,1931.9499999999769,0.7877697841726619
1925.41,624.7999999998137,3.978,3.467,4172.375,5084.38,8827.53,0.5110000000000001,-0.000899281,1927.925999999977,0.7913669064748202
1942.56,632.7999999998137,3.98,3.469,4250.369833333418,5192.34,8931.81,0.5110000000000001,-0.000899281,1945.5619999999883,0.7823741007194245
1918.66,621.5999999996275,3.977,3.472,4130.343999999575,5048.34,8806.91,0.5049999999999999,-0.000899281,1923.9019999999769,0.7922661870503596
1916.69,620.0,3.974,3.468,4162.7750000003725,5084.38,8791.56,0.5060000000000002,-0.000899281,1926.4139999999768,0.7904676258992805
1913.22,538.0,3.939,3.509,4040.2500000004657,4976.25,8756.53,0.4300000000000001,-0.000899281,1917.446,0.7868705035971223
1964.78,658.0,3.981,3.458,4280.311999999918,5228.31,8577.09,0.5229999999999997,-0.000899281,1968.788,0.7868705035971223
1944.0,569.5999999996275,3.934,3.499,4162.743999999948,5120.34,8921.41,0.435,-0.000899281,1958.7439999999765,0.7868705035971223
1956.0,652.7999999998137,3.989,3.462,4280.375,5192.38,8720.38,0.5269999999999997,-0.000899281,1956.0,0.7841726618705036
1926.91,624.0,3.981,3.475,4169.912000000011,5120.31,8706.5,0.5059999999999998,-0.000899281,1931.3439999999769,0.7868705035971223
1920.0,624.7999999998137,3.986,3.476,4169.912000000011,5084.31,8720.31,0.5100000000000002,-0.000899281,1928.7499999999768,0.7868705035971223
1975.28,571.2000000001863,3.93,3.5,4213.111999999732,5156.31,8993.38,0.4300000000000001,-0.000899281,1979.803999999977,0.7868705035971223
1950.94,628.0,3.984,3.475,4256.344000000507,5192.34,8816.16,0.5089999999999999,-0.000899281,1955.5759999999768,0.7868705035971223
1962.97,640.812,3.994,3.702,4214.280999999493,5172.98,8750.0,0.2920000000000002,-0.000899281,1967.774,0.7913669064748201
1968.44,671.2000000001863,3.989,3.451,4304.312999999616,5228.31,8641.41,0.5379999999999998,-0.000899281,1971.938,0.7868705035971223
1956.0,640.0,3.979,3.467,4263.513000000268,5192.31,8720.31,0.512,-0.000899281,1965.6,0.8102517985611511
1920.0,624.7999999998137,3.986,3.474,4178.344000000507,5084.34,8720.34,0.512,-0.000899281,1926.3499999999767,0.7859712230215827
1948.09,626.4000000003725,3.984,3.475,4249.206000000238,5192.41,8833.28,0.5089999999999999,-0.000899281,1953.4819999999768,0.7859712230215827
1965.88,669.6000000000931,3.988,3.452,4292.344000000041,5228.34,8636.72,0.536,-0.000899281,1970.876,0.7859712230215827
1973.94,571.2000000001863,3.93,3.499,4205.944000000134,5156.34,8988.59,0.431,-0.000899281,1977.6859999999767,0.7859712230215827
1916.09,620.0,3.976,3.471,4141.049999999814,5048.25,8794.44,0.5049999999999999,-0.000899281,1921.0259999999769,0.7913669064748201
1940.81,635.2000000001863,3.98,3.47,4241.944000000134,5192.34,8939.69,0.5099999999999998,-0.000899281,1944.923999999988,0.7814748201438849
1956.0,651.2000000001863,3.988,3.463,4274.249999999534,5192.25,8720.25,0.5249999999999999,-0.000899281,1956.0,0.7832733812949642
1918.66,621.5999999996275,3.977,3.472,4130.344000000507,5048.34,8806.91,0.5049999999999999,-0.000899281,1923.9019999999769,0.789568345
1953.62,570.0,3.934,3.499,4162.713000000455,5120.31,8929.25,0.435,-0.000899281,1955.5179999999768,0.7859712230215827
1962.38,654.3999999999069,3.981,3.459,4270.743999999948,5192.34,8594.47,0.5219999999999998,-0.000899281,1967.752,0.7859712230215827
1910.22,535.2000000001863,3.939,3.509,4033.143999999389,4976.34,8740.84,0.4300000000000001,-0.000899281,1915.834,0.7859712230215827
1924.34,621.5999999996275,3.981,3.476,4160.344000000041,5084.34,8673.78,0.5049999999999999,-0.000899281,1929.9799999999768,0.7859712230215827
1962.94,640.0,3.981,3.781,4184.343999999575,5120.34,8671.41,0.1999999999999997,-0.000899281,1966.09,0.7904676258992807
1956.0,639.5999999996275,3.979,3.468,4256.343999999575,5192.34,8720.34,0.5110000000000001,-0.000899281,1963.2,0.8093525179856116
1939.5,635.2000000001863,3.98,3.47,4238.405999999493,5156.41,8961.28,0.5099999999999998,-0.000899281,1942.9679999999885,0.7805755395683454
1913.66,616.0,3.976,3.47,4130.343999999575,5048.34,8798.59,0.5059999999999998,-0.000899281,1918.101999999977,0.7904676258992807
1916.09,620.0,3.976,3.471,4141.049999999814,5048.25,8794.44,0.5049999999999999,-0.000899281,1921.0259999999769,0.7886690647482014
1953.19,570.0,3.934,3.499,4154.313000000082,5084.31,8953.5,0.435,-0.000899281,1952.8379999999768,0.7850719424460431
1920.0,622.0,3.986,3.474,4172.375,5084.38,8720.38,0.512,-0.000899281,1923.943999999977,0.7850719424460432
1922.38,622.0,3.981,3.476,4150.561999999918,5086.56,8727.56,0.5049999999999999,-0.000899281,1927.4939999999765,0.7850719424460431
1955.28,649.5999999996275,3.988,3.463,4263.543000000529,5192.34,8720.34,0.5249999999999999,-0.000899281,1955.8559999999768,0.7823741007194245
1956.0,640.0,3.978,3.468,4249.143999999389,5192.34,8756.34,0.5100000000000002,-0.000899281,1960.8,0.8084532374100718
1945.09,624.7999999998137,3.983,3.477,4238.343000000343,5192.34,8825.25,0.5060000000000002,-0.000899281,1950.7239999999765,0.7850719424460432
1963.22,668.0,3.988,3.452,4285.143999999389,5228.34,8617.34,0.536,-0.000899281,1968.426,0.7850719424460432
1972.28,568.0,3.931,3.499,4198.7750000003725,5156.38,9017.84,0.4319999999999999,-0.000899281,1975.7739999999765,0.7850719424460431
1969.38,648.0,3.986,3.469,4263.512000000104,5192.31,8630.66,0.5170000000000003,-0.000899281,1966.048,0.789568345
1959.06,652.7999999998137,3.981,3.46,4262.311999999918,5192.31,8570.81,0.5209999999999999,-0.000899281,1964.97,0.7850719424460432
1907.94,535.9786666668952,3.938,3.51,4018.7430000007153,4976.34,8771.28,0.4280000000000004,-0.000899281,1913.384,0.7850719424460432
1938.62,635.2000000001863,3.979,3.47,4232.313000000082,5156.31,8978.59,0.5089999999999999,-0.000899281,1941.273999999988,0.7796762589928058
1968.06,652.0,3.986,3.464,4280.375,5228.38,8619.94,0.5220000000000002,-0.000899281,1965.926,0.7886690647482014
1970.66,568.0,3.93,3.5,4191.575000000186,5156.38,9022.25,0.4300000000000001,-0.000899281,1973.943999999977,0.7841726618705036
1956.0,640.0,3.978,3.469,4241.944000000134,5192.34,8756.34,0.5090000000000003,-0.000899281,1958.4,0.8075539568345323
1920.0,622.0,3.986,3.474,4169.9119999995455,5084.31,8720.31,0.512,-0.000899281,1921.543999999977,0.7841726618705037
1961.22,668.0,3.988,3.453,4277.912999999244,5192.31,8634.72,0.5350000000000001,-0.000899281,1965.976,0.7841726618705037
1942.91,626.0,3.983,3.494,4227.513000000268,5192.31,8801.62,0.4889999999999999,-0.000899281,1948.0379999999764,0.7841726618705037
1911.88,618.0,3.976,3.47,4124.343000000343,5048.34,8803.47,0.5059999999999998,-0.000899281,1915.3959999999763,0.789568345
1905.22,534.0,3.938,3.51,4011.543000000529,4940.34,8720.34,0.4280000000000004,-0.000899281,1910.552,0.7841726618705037
1950.59,568.0,3.933,3.499,4154.343999999575,5084.34,8967.88,0.4339999999999997,-0.000899281,1951.7559999999764,0.7841726618705036
1944.0,645.5999999996275,3.988,3.463,4256.375,5192.38,8648.38,0.5249999999999999,-0.000899281,1953.455999999977,0.7814748201438849
1919.16,620.0,3.981,3.477,4141.144,5084.34,8648.34,0.504,-0.000899281,1924.6259999999768,0.7841726618705036
1956.72,652.7999999998137,3.981,3.461,4250.344000000507,5192.34,8571.59,0.52,-0.000899281,1962.226,0.7841726618705037
1913.66,616.0,3.976,3.47,4130.344000000507,5048.34,8798.59,0.5059999999999998,-0.000899281,1918.101999999977,0.7877697841726619
1911.88,618.0,3.976,3.47,4124.343999999575,5048.34,8803.47,0.5059999999999998,-0.000899281,1915.395999999977,0.7868705035971223
1966.09,648.0,3.986,3.464,4277.925400000066,5228.31,8622.12,0.5220000000000002,-0.000899281,1965.888,0.7877697841726619
1954.47,648.7999999998137,3.98,3.461,4244.219000000041,5192.22,8556.53,0.5190000000000001,-0.000899281,1959.482,0.783273381
1941.22,624.0,3.983,3.476,4226.317333333194,5156.31,8798.06,0.5070000000000001,-0.000899281,1945.649999999977,0.783273381
1920.0,623.2000000001863,3.986,3.474,4162.712000000291,5084.31,8720.34,0.512,-0.000899281,1920.0,0.783273381
1959.41,664.0,3.988,3.454,4270.743999999948,5192.34,8624.34,0.5339999999999998,-0.000899281,1963.634,0.783273381
1956.0,636.0,3.978,3.469,4238.313000000082,5156.31,8720.31,0.5090000000000003,-0.000899281,1956.0,0.8066546762589928
1969.06,568.0,3.931,3.501,4184.375,5156.38,8998.47,0.4300000000000001,-0.000899281,1972.2439999999765,0.7832733812949642
1950.88,570.0,3.933,3.499,4141.0180000001565,5084.22,8918.06,0.4339999999999997,-0.000899281,1950.4559999999765,0.7832733812949642
1903.59,534.0,3.938,3.511,4004.375,4940.38,8731.69,0.427,-0.000899281,1908.038,0.783273381
1937.06,634.0,3.98,3.47,4226.311999999918,5156.31,8941.06,0.5099999999999998,-0.000899281,1939.709999999988,0.7787769784172662
1944.0,645.5999999996275,3.988,3.463,4250.343999999575,5156.34,8684.34,0.5249999999999999,-0.000899281,1951.0559999999768,0.7805755395683454
1917.97,620.4160000002012,3.981,3.477,4133.943999999203,5048.34,8682.34,0.504,-0.000899281,1922.1519999999769,0.7832733812949642
1909.66,618.4000000003725,3.976,3.47,4112.343999999575,5048.34,8775.31,0.5059999999999998,-0.000899281,1913.9899999999768,0.7886690647482014
1935.75,635.2000000001863,3.98,3.471,4220.343999999575,5156.34,9002.69,0.5089999999999999,-0.000899281,1938.3479999999884,0.7778776978417266
1953.34,648.7999999998137,3.981,3.462,4238.343999999575,5156.34,8580.31,0.5189999999999997,-0.000899281,1957.194,0.7823741007194245
1916.34,618.4000000003725,3.98,3.477,4126.712000000291,5048.31,8674.91,0.5030000000000001,-0.000899281,1920.0379999999768,0.7823741007194245
1944.0,645.5999999996275,3.988,3.464,4244.313000000082,5156.31,8720.31,0.524,-0.000899281,1948.6559999999768,0.7796762589928058
1949.94,570.0,3.933,3.498,4148.313000000082,5084.31,8934.88,0.4349999999999996,-0.000899281,1951.6439999999768,0.7823741007194245
1963.03,646.4000000003725,3.986,3.464,4270.7750000003725,5192.38,8609.84,0.5220000000000002,-0.000899281,1965.9,0.7868705035971223
1956.0,636.0310000004247,3.978,3.47,4234.712000000291,5156.31,8720.31,0.508,-0.000899281,1956.0,0.8057553956834532
1909.94,616.0,3.977,3.47,4106.344000000507,5012.34,8768.75,0.5069999999999997,-0.000899281,1912.245999999977,0.7877697841726619
1957.88,664.0,3.988,3.453,4263.543000000529,5192.34,8616.31,0.5350000000000001,-0.000899281,1961.522,0.7823741007194245
1968.25,568.0,3.931,3.5,4177.080999999307,5120.28,8992.12,0.431,-0.000899281,1970.8379999999768,0.7823741007194245
1901.81,534.0,3.938,3.51,3997.143000000157,4940.34,8703.78,0.4280000000000004,-0.000899281,1905.756,0.7823741007194245
1939.5,623.2000000001863,3.983,3.477,4220.313000000082,5156.31,8807.06,0.5060000000000002,-0.000899281,1943.361999999977,0.7823741007194245
1920.03,624.7999999998137,3.987,3.475,4155.512000000104,5084.31,8756.31,0.512,-0.000899281,1920.005999999977,0.7823741007194245
1909.66,618.4000000003725,3.976,3.47,4112.344000000507,5048.34,8775.31,0.5059999999999998,-0.000899281,1913.9899999999768,0.7859712230215827
1900.47,530.0,3.938,3.511,3989.943,4940.34,8728.19,0.427,-0.000899281,1903.806,0.7814748201438849
1948.0,570.4000000003725,3.933,3.498,4141.111999999732,5084.31,8910.25,0.4349999999999996,-0.000899281,1950.5199999999768,0.7814748201438849
1920.0,624.7999999998137,3.987,3.473,4160.343999999575,5084.34,8720.34,0.5140000000000002,-0.000899281,1920.005999999977,0.7814748201438849
1937.84,620.0,3.983,3.478,4208.311999999918,5156.31,8828.75,0.5049999999999999,-0.000899281,1941.3119999999767,0.7814748201438849
1914.44,616.0,3.981,3.478,4124.344000000507,5048.34,8692.47,0.5029999999999997,-0.000899281,1918.0579999999768,0.7814748201438849
1909.94,616.0,3.977,3.47,4106.343999999575,5012.34,8768.75,0.5069999999999997,-0.000899281,1912.245999999977,0.7850719424460432
1933.06,631.2000000001863,3.98,3.472,4214.375,5156.38,8932.97,0.508,-0.000899281,1936.7979999999884,0.776978417
1907.97,618.0,3.977,3.471,4112.25,5012.25,8786.97,0.5059999999999998,-0.000899281,1910.6219999999769,0.7868705035971223
1961.22,644.4000000003725,3.986,3.464,4262.311999999918,5192.31,8647.53,0.5220000000000002,-0.000899281,1965.556,0.7859712230215827
1944.0,638.0,3.978,3.47,4227.543999999762,5156.34,8764.66,0.508,-0.000899281,1953.6,0.8048561151079137
1944.0,648.0,3.988,3.464,4241.943999999203,5156.34,8684.34,0.524,-0.000899281,1946.255999999977,0.7787769784172662
1950.91,649.2000000001863,3.981,3.461,4232.25,5156.25,8544.28,0.52,-0.000899281,1954.9,0.7814748201438849
1965.31,565.5999999996275,3.931,3.501,4177.174999999814,5120.38,8982.59,0.4300000000000001,-0.000899281,1969.111999999977,0.7814748201438849
1956.06,666.0,3.988,3.454,4262.306833333336,5192.31,8646.34,0.5339999999999998,-0.000899281,1959.558,0.7814748201438849
1911.97,618.0,3.98,3.478,4118.313000000082,5048.31,8680.97,0.5019999999999998,-0.000899281,1915.975999999977,0.7805755395683454
1944.0,644.0,3.987,3.464,4234.712000000291,5156.31,8684.31,0.5230000000000001,-0.000899281,1944.0,0.7778776978417266
1920.0,622.0,3.986,3.473,4155.481,5084.28,8792.28,0.5130000000000003,-0.000899281,1920.005999999977,0.7805755395683454
1898.09,532.0,3.938,3.511,3986.375,4940.38,8722.75,0.427,-0.000899281,1901.836,0.7805755395683454
1949.06,647.2000000001863,3.981,3.462,4227.606000000611,5156.41,8559.47,0.5189999999999997,-0.000899281,1952.9,0.7805755395683454
1946.22,568.0,3.933,3.499,4133.943999999203,5084.34,8915.28,0.4339999999999997,-0.000899281,1949.125999999977,0.7805755395683454
1935.19,622.0,3.982,3.478,4202.313000000082,5156.31,8817.16,0.504,-0.000899281,1939.3319999999767,0.7805755395683454
1958.5,644.7999999998137,3.985,3.465,4256.406000000425,5192.41,8616.53,0.52,-0.000899281,1963.38,0.7850719424460431
1905.5,614.4000000003725,3.976,3.47,4100.311999999918,5012.31,8780.09,0.5059999999999998,-0.000899281,1908.9899999999768,0.7859712230215827
1931.62,631.2000000001863,3.981,3.471,4208.343999999575,5156.34,8936.34,0.5099999999999998,-0.000899281,1935.221999999988,0.7760791366906475
1944.0,634.4000000003725,3.978,3.469,4220.344000000507,5156.34,8756.34,0.5090000000000003,-0.000899281,1951.2,0.803956835
1962.16,564.0,3.929,3.501,4170.006000000052,5120.41,8969.47,0.4279999999999999,-0.000899281,1967.0879999999768,0.7805755395683454
1953.59,662.4000000003725,3.988,3.455,4256.343999999575,5192.34,8605.84,0.5329999999999999,-0.000899281,1957.632,0.7805755395683454
1907.97,618.0,3.977,3.471,4112.25,5012.25,8786.97,0.5059999999999998,-0.000899281,1910.6219999999769,0.7841726618705037
1909.56,615.2000000001863,3.98,3.478,4106.375,5048.38,8651.56,0.5019999999999998,-0.000899281,1914.0559999999764,0.7796762589928058
1908.0,624.0,3.986,3.474,4148.375,5048.38,8720.38,0.512,-0.000899281,1917.6059999999768,0.7796762589928058
1928.69,629.5999999996275,3.98,3.471,4198.7750000003725,5120.38,8924.66,0.5089999999999999,-0.000899281,1933.2359999999885,0.7751798561151079
1960.31,564.0,3.929,3.501,4155.543999999762,5120.34,8970.78,0.4279999999999999,-0.000899281,1965.0179999999768,0.7796762589928058
1947.34,645.5999999996275,3.98,3.462,4220.311999999918,5156.31,8568.59,0.5179999999999998,-0.000899281,1951.024,0.7796762589928058
1943.94,568.8310000002384,3.933,3.499,4133.944000000134,5084.34,8904.56,0.4339999999999997,-0.000899281,1947.7959999999769,0.7796762589928058
1944.0,646.0,3.987,3.464,4227.543999999762,5156.34,8684.34,0.5230000000000001,-0.000899281,1944.0,0.776978417
1905.5,614.4000000003725,3.976,3.47,4100.313000000082,5012.31,8780.09,0.5059999999999998,-0.000899281,1908.9899999999768,0.783273381
1952.22,662.4000000003725,3.988,3.455,4244.343000000343,5192.34,8612.81,0.5329999999999999,-0.000899281,1955.832,0.7796762589928058
1903.22,612.7999999998137,3.976,3.471,4094.375,5012.38,8768.62,0.5049999999999999,-0.000899281,1907.2579999999768,0.7850719424460431
1956.41,642.0,3.985,3.466,4244.343999999575,5192.34,8615.66,0.5189999999999997,-0.000899281,1961.05,0.7841726618705036
1932.47,618.0,3.982,3.478,4196.406000000425,5156.41,8785.16,0.504,-0.000899281,1937.2439999999765,0.7796762589928058
1944.0,634.0,3.977,3.47,4220.311999999918,5156.31,8720.31,0.5069999999999997,-0.000899281,1948.8,0.8030575539568346
1896.53,530.0,3.937,3.512,3975.513000000268,4904.31,8714.59,0.4249999999999998,-0.000899281,1900.098,0.7796762589928058
1908.0,621.5999999996275,3.985,3.474,4142.375,5048.38,8756.38,0.5109999999999997,-0.000899281,1915.205999999977,0.7787769784172662
1906.59,613.5999999996275,3.98,3.479,4100.343999999575,5048.34,8669.66,0.5009999999999999,-0.000899281,1911.7799999999768,0.7787769784172662
1930.16,618.0,3.982,3.478,4184.343999999575,5120.34,8769.22,0.504,-0.000899281,1935.0319999999767,0.7787769784172662
1955.03,640.7999999998137,3.986,3.466,4238.343000000343,5156.34,8619.97,0.52,-0.000899281,1958.838,0.7832733812949642
1901.53,614.0,3.976,3.471,4083.513000000268,5012.31,8793.38,0.5049999999999999,-0.000899281,1905.6319999999769,0.7841726618705036
1903.22,612.7999999998137,3.976,3.471,4094.375,5012.38,8768.62,0.5049999999999999,-0.000899281,1907.2579999999768,0.7823741007194245
1945.22,648.0,3.98,3.463,4214.219000000507,5156.22,8554.03,0.5169999999999999,-0.000899281,1949.174,0.7787769784172662
1943.19,564.7999999998137,3.933,3.5,4126.712000000291,5084.31,8959.62,0.4329999999999998,-0.000899281,1946.2579999999768,0.7787769784172662
1932.0,644.0,3.987,3.464,4226.311999999918,5156.31,8648.31,0.5230000000000001,-0.000899281,1941.5999999999767,0.7760791366906475
1927.03,626.0,3.98,3.472,4190.219000000507,5120.22,8946.78,0.508,-0.000899281,1931.229999999988,0.7742805755395683
1950.16,660.7999999998137,3.988,3.455,4238.313000000082,5156.31,8592.94,0.5329999999999999,-0.000899281,1953.982,0.7787769784172662
1958.28,562.0,3.93,3.502,4148.375,5120.38,8968.16,0.4280000000000004,-0.000899281,1962.861999999977,0.7787769784172662
1893.59,532.0,3.937,3.512,3968.375,4904.38,8720.88,0.4249999999999998,-0.000899281,1898.098,0.7787769784172662
1944.0,632.7999999998137,3.978,3.47,4208.344000000507,5156.34,8684.34,0.508,-0.000899281,1946.4,0.8021582733812949
1953.62,642.0,3.986,3.465,4232.313000000082,5156.31,8601.12,0.5210000000000004,-0.000899281,1956.956,0.7823741007194245
1928.22,616.0,3.981,3.479,4178.281000000425,5120.28,8792.25,0.5019999999999998,-0.000899281,1932.7759999999769,0.7778776978417267
1932.0,640.7999999998137,3.986,3.465,4214.343999999575,5156.34,8648.34,0.5210000000000004,-0.000899281,1939.1999999999769,0.7751798561151079
1898.62,611.2000000001863,3.976,3.471,4076.3439999995753,5012.34,8765.12,0.5049999999999999,-0.000899281,1903.3679999999767,0.7832733812949642
1940.97,566.0,3.933,3.5,4119.543999999762,5048.34,8929.62,0.4329999999999998,-0.000899281,1944.4639999999767,0.7778776978417266
1942.97,644.0,3.98,3.463,4205.974999999628,5120.38,8533.84,0.5169999999999999,-0.000899281,1947.1,0.7778776978417267
1948.06,660.7999999998137,3.988,3.456,4232.281999999657,5156.28,8590.62,0.532,-0.000899281,1952.018,0.7778776978417267
1925.28,624.0,3.98,3.472,4184.343999999575,5120.34,9011.44,0.508,-0.000899281,1929.1359999999884,0.7733812949640287
1901.53,614.0,3.976,3.471,4083.513000000268,5012.31,8793.38,0.5049999999999999,-0.000899281,1905.6319999999769,0.7814748201438849
1952.75,559.2000000001863,3.928,3.502,4141.143999999389,5084.34,8995.31,0.4260000000000001,-0.000899281,1959.7619999999763,0.7778776978417266
1944.0,630.0,3.977,3.47,4205.9119999995455,5156.31,8684.31,0.5069999999999997,-0.000899281,1944.0,0.8012589928057554
1891.34,528.7999999998137,3.937,3.512,3961.1749999998137,4904.38,8706.53,0.4249999999999998,-0.000899281,1896.004,0.7778776978417267
1904.81,609.5999999996275,3.98,3.479,4090.713000000456,5012.31,8672.44,0.5009999999999999,-0.000899281,1909.473999999977,0.7778776978417266
1908.0,620.0,3.985,3.475,4133.944000000134,5048.34,8720.34,0.5099999999999998,-0.000899281,1912.7999999999768,0.7778776978417267
1932.0,642.0,3.986,3.465,4208.343999999575,5120.34,8648.34,0.5210000000000004,-0.000899281,1936.7999999999768,0.7742805755395683
1941.31,644.4000000003725,3.98,3.463,4198.743000000715,5120.34,8547.53,0.5169999999999999,-0.000899281,1945.18,0.7769784172661871
1897.06,612.0,3.976,3.472,4069.143999999389,4976.34,8778.78,0.504,-0.000899281,1901.1859999999767,0.7823741007194245
1939.5,566.0,3.933,3.5,4112.343000000343,5048.34,8920.75,0.4329999999999998,-0.000899281,1942.7639999999767,0.776978417
1946.41,658.0,3.988,3.457,4226.375,5156.38,8607.59,0.5310000000000001,-0.000899281,1950.088,0.7769784172661871
1898.62,611.2000000001863,3.976,3.471,4076.344000000506,5012.34,8765.12,0.5049999999999999,-0.000899281,1903.3679999999767,0.7805755395683454
1923.81,624.0,3.98,3.472,4177.111999999732,5120.31,8972.34,0.508,-0.000899281,1927.2859999999885,0.7724820143884892
1944.0,631.2000000001863,3.977,3.472,4198.712000000291,5120.31,8684.31,0.5049999999999999,-0.000899281,1944.0,0.8003597122302158
1926.53,616.7999999998137,3.981,3.479,4172.25,5120.25,8763.81,0.5019999999999998,-0.000899281,1930.5139999999767,0.7769784172661871
1951.09,643.2319999998435,3.986,3.466,4227.513000000268,5156.31,8593.88,0.52,-0.000899281,1954.93,0.7814748201438849
1902.25,606.0,3.98,3.481,4083.513000000268,5012.31,8673.31,0.4990000000000001,-0.000899281,1907.0359999999769,0.776978417
1949.44,556.0,3.928,3.504,4119.575000000186,5084.38,8967.19,0.4239999999999999,-0.000899281,1956.5879999999768,0.776978417
1889.12,528.0,3.936,3.512,3953.943999999203,4904.34,8678.12,0.4239999999999999,-0.000899281,1893.734,0.7769784172661871
1908.0,618.4000000003725,3.984,3.475,4126.806000000797,5048.41,8684.41,0.5089999999999999,-0.000899281,1910.399999999977,0.7769784172661871
1932.0,639.2000000001863,3.986,3.465,4205.849999999628,5120.25,8648.25,0.5210000000000004,-0.000899281,1934.399999999977,0.7733812949640287
1925.66,616.7999999998137,3.981,3.48,4166.313000000082,5120.31,8789.81,0.5009999999999999,-0.000899281,1928.607999999977,0.7760791366906474
1900.44,608.0,3.98,3.48,4076.375,5012.38,8656.12,0.5,-0.000899281,1904.7299999999768,0.7760791366906475
1895.31,609.5999999996275,3.975,3.473,4064.2189999995753,4976.22,8756.22,0.5020000000000002,-0.000899281,1899.1479999999767,0.7814748201438849
1950.19,639.2000000001863,3.985,3.466,4220.313000000082,5156.31,8615.75,0.5189999999999997,-0.000899281,1953.268,0.7805755395683454
1939.41,642.4000000003725,3.98,3.464,4191.512000000104,5120.31,8540.0,0.516,-0.000899281,1943.25,0.7760791366906474
1887.22,528.0,3.936,3.513,3946.7120000002906,4904.31,8671.62,0.423,-0.000899281,1891.56,0.7760791366906474
1948.34,557.5999999996275,3.928,3.506,4112.311999999918,5084.31,8965.97,0.4220000000000001,-0.000899281,1953.8239999999769,0.7760791366906475
1922.06,626.0,3.979,3.474,4169.943999999203,5120.34,8936.19,0.5049999999999999,-0.000899281,1925.373999999988,0.7715827338129496
1944.0,627.2000000001863,3.977,3.472,4196.343999999575,5120.34,8720.34,0.5049999999999999,-0.000899281,1944.0,0.7994604316546763
1897.06,612.0,3.976,3.472,4069.143000000157,4976.34,8778.78,0.504,-0.000899281,1901.1859999999767,0.7796762589928058
1944.69,659.2000000001863,3.987,3.457,4220.311999999918,5156.31,8576.59,0.5300000000000002,-0.000899281,1948.308,0.7760791366906474
1938.22,562.0,3.932,3.5,4105.111999999732,5048.31,8908.69,0.4319999999999999,-0.000899281,1941.1639999999768,0.7760791366906475
1908.0,616.0,3.984,3.476,4119.544000000693,5048.34,8720.34,0.508,-0.000899281,1908.0,0.7760791366906474
1938.16,642.4000000003725,3.98,3.465,4184.344000000507,5120.34,8534.91,0.5150000000000001,-0.000899281,1941.414,0.7751798561151079
1895.31,609.5999999996275,3.975,3.473,4064.218000000343,4976.22,8756.22,0.5020000000000002,-0.000899281,1899.1479999999767,0.7787769784172662
1921.84,626.0,3.98,3.473,4166.344000000507,5084.34,8975.0,0.5070000000000001,-0.000899281,1924.0039999999883,0.770683453
1932.0,639.2000000001863,3.986,3.466,4198.713000000455,5120.31,8648.31,0.52,-0.000899281,1932.0,0.7724820143884892
1894.12,609.5999999996275,3.976,3.472,4061.912999999709,4976.31,8791.66,0.504,-0.000899281,1897.3279999999768,0.7805755395683454
1898.59,608.0,3.98,3.481,4069.143000000157,5012.34,8636.81,0.4990000000000001,-0.000899281,1902.5359999999769,0.7751798561151079
1932.0,627.2000000001863,3.977,3.472,4191.544000000693,5120.34,8684.34,0.5049999999999999,-0.000899281,1941.6,0.7985611510791367
1946.22,557.5999999996275,3.928,3.505,4112.343999999575,5084.34,8918.06,0.423,-0.000899281,1951.005999999977,0.7751798561151079
1943.94,659.2000000001863,3.987,3.456,4214.344000000507,5156.34,8590.06,0.5310000000000001,-0.000899281,1946.652,0.7751798561151079
1908.0,612.7999999998137,3.984,3.475,4112.313000000082,5048.31,8684.31,0.5089999999999999,-0.000899281,1908.0,0.7751798561151079
1924.31,614.0,3.981,3.636,4128.0,5076.0,8727.56,0.3449999999999997,-0.000899281,1926.9759999999765,0.7751798561151079
1885.81,527.0,3.936,3.513,3944.280999999493,4868.28,8695.03,0.423,-0.000899281,1889.416,0.7751798561151079
1937.0,563.2206666665152,3.932,3.5,4105.1430000001565,5048.34,8912.31,0.4319999999999999,-0.000899281,1939.7759999999769,0.7751798561151079
1948.62,640.0,3.985,3.466,4220.343999999575,5156.34,8600.94,0.5189999999999997,-0.000899281,1951.71,0.7796762589928058
1932.0,639.5999999996275,3.985,3.465,4196.343999999575,5120.34,8612.34,0.52,-0.000899281,1932.0,0.7715827338129496
1894.12,609.5999999996275,3.976,3.472,4061.9119999995455,4976.31,8791.66,0.504,-0.000899281,1897.3279999999768,0.7778776978417267
1936.34,640.7999999998137,3.979,3.464,4178.344000000507,5120.34,8522.34,0.5150000000000001,-0.000899281,1939.638,0.7742805755395683
1946.91,639.5999999996275,3.985,3.466,4213.174999999814,5156.38,8576.12,0.5189999999999997,-0.000899281,1950.086,0.7787769784172662
1923.0,615.2000000001863,3.98,3.48,4160.311999999918,5120.31,8762.28,0.5,-0.000899281,1925.543999999977,0.7742805755395683
1897.62,606.0,3.98,3.481,4064.3439999995753,5012.34,8655.75,0.4990000000000001,-0.000899281,1900.7419999999763,0.7742805755395683
1942.84,659.2000000001863,3.987,3.456,4213.200600000098,5156.38,8592.81,0.5310000000000001,-0.000899281,1945.188,0.7742805755395683
1906.31,614.0,3.984,3.476,4112.375,5012.38,8684.38,0.508,-0.000899281,1907.6619999999768,0.7742805755395683
1892.19,610.0,3.975,3.473,4054.775000000373,4976.38,8745.16,0.5020000000000002,-0.000899281,1895.4599999999768,0.7796762589928058
1932.0,628.0,3.977,3.472,4190.25,5120.25,8684.25,0.5049999999999999,-0.000899281,1939.2,0.7976618705035972
1945.56,554.0,3.927,3.507,4097.974999999628,5048.38,8964.53,0.4199999999999999,-0.000899281,1948.4619999999768,0.7742805755395683
1934.94,564.0103333331645,3.933,3.502,4097.819000000134,5048.22,8911.56,0.431,-0.000899281,1938.125999999977,0.7742805755395683
1884.09,525.5999999996275,3.936,3.514,3939.543000000529,4868.34,8679.03,0.4220000000000001,-0.000899281,1887.516,0.7742805755395683
1918.75,624.7999999998137,3.978,3.473,4162.588000000455,5084.19,8894.09,0.5050000000000003,-0.000899281,1922.3479999999884,0.7697841726618704
1896.0,612.0,3.983,3.477,4105.174999999814,5012.38,8684.38,0.5060000000000002,-0.000899281,1905.2619999999763,0.7733812949640286
1932.0,626.0,3.976,3.472,4184.281000000425,5120.28,8684.28,0.504,-0.000899281,1936.8,0.7967625899280576
1918.0,620.7999999998137,3.978,3.474,4154.343999999575,5084.34,8956.81,0.504,-0.000899281,1920.891999999988,0.7688848920863309
1934.59,640.7999999998137,3.98,3.464,4172.343000000343,5120.34,8514.69,0.516,-0.000899281,1937.962,0.7733812949640286
1932.0,637.5999999996275,3.985,3.465,4191.543999999762,5120.34,8647.91,0.52,-0.000899281,1932.0,0.770683453
1945.41,637.5999999996275,3.985,3.467,4208.375,5156.38,8613.12,0.5179999999999998,-0.000899281,1948.444,0.7778776978417266
1921.75,612.0,3.98,3.479,4154.343999999575,5084.34,8776.56,0.5009999999999999,-0.000899281,1924.2499999999768,0.7733812949640286
1895.69,606.0,3.98,3.481,4061.819000000134,4976.22,8641.62,0.4990000000000001,-0.000899281,1898.9179999999767,0.7733812949640287
1890.47,608.0206666672602,3.975,3.473,4052.405999999493,4976.41,8759.62,0.5020000000000002,-0.000899281,1893.8299999999767,0.7787769784172662
1941.59,656.0,3.987,3.457,4208.375,5156.38,8581.41,0.5300000000000002,-0.000899281,1943.894,0.7733812949640286
1944.62,556.0,3.927,3.506,4097.9119999995455,5048.31,8951.16,0.4210000000000002,-0.000899281,1946.8359999999768,0.7733812949640287
1881.06,523.0,3.935,3.513,3932.311999999918,4868.31,8692.19,0.4220000000000001,-0.000899281,1885.46,0.7733812949640286
1931.12,557.5999999996275,3.932,3.502,4090.7430000007153,5048.34,8884.59,0.4300000000000001,-0.000899281,1936.1559999999768,0.7733812949640287
1892.19,610.0,3.975,3.473,4054.775000000373,4976.38,8745.16,0.5020000000000002,-0.000899281,1895.4599999999768,0.7769784172661871
1920.31,613.5999999996275,3.98,3.479,4148.343999999575,5084.34,8788.78,0.5009999999999999,-0.000899281,1923.005999999977,0.7724820143884892
1932.0,623.937,3.976,3.473,4177.1430000001565,5120.34,8720.31,0.5030000000000001,-0.000899281,1934.4,0.795863309
1887.25,602.4000000003725,3.974,3.473,4040.280999999493,4976.28,8773.06,0.5010000000000003,-0.000899281,1891.8679999999767,0.7778776978417266
1943.84,638.0,3.985,3.467,4198.712000000291,5120.31,8592.59,0.5179999999999998,-0.000899281,1946.994,0.776978417
1939.62,657.5999999996275,3.987,3.456,4202.343000000343,5120.34,8599.31,0.5310000000000001,-0.000899281,1942.536,0.7724820143884892
1896.0,609.5999999996275,3.983,3.477,4094.313000000082,5012.31,8648.34,0.5060000000000002,-0.000899281,1902.861999999977,0.7724820143884892
1920.0,636.0,3.985,3.466,4184.313000000082,5120.31,8648.31,0.5189999999999997,-0.000899281,1929.5999999999767,0.7697841726618704
1878.75,524.0,3.935,3.515,3925.0499999998137,4868.25,8663.44,0.4199999999999999,-0.000899281,1883.386,0.7724820143884892
1929.44,558.0,3.932,3.504,4076.313000000082,5012.31,8908.25,0.4279999999999999,-0.000899281,1934.1439999999768,0.7724820143884892
1943.94,552.0,3.927,3.506,4105.112999999896,5048.31,8937.88,0.4210000000000002,-0.000899281,1945.735999999977,0.7724820143884892
1915.81,622.0,3.978,3.474,4148.375,5084.38,8912.62,0.504,-0.000899281,1919.291999999988,0.7679856115107914
1893.12,604.0,3.979,3.482,4052.313000000082,4976.31,8607.91,0.4969999999999999,-0.000899281,1897.0919999999765,0.7724820143884892
1932.78,638.0,3.979,3.465,4166.344000000507,5084.34,8510.03,0.5140000000000002,-0.000899281,1936.256,0.7724820143884892
1890.47,608.0213333331048,3.975,3.473,4052.4060000004247,4976.41,8759.62,0.5020000000000002,-0.000899281,1893.8299999999767,0.7760791366906474
1944.25,556.0,3.928,3.506,4097.849999999628,5048.25,8934.38,0.4220000000000001,-0.000899281,1944.9179999999767,0.7715827338129496
1932.0,624.0,3.976,3.474,4169.912999999709,5084.31,8684.31,0.5019999999999998,-0.000899281,1932.0,0.7949640287769784
1920.0,632.0,3.984,3.467,4178.313000000082,5120.31,8612.31,0.5169999999999999,-0.000899281,1927.1999999999769,0.7688848920863309
1912.69,620.0,3.978,3.474,4142.25,5084.25,8914.81,0.504,-0.000899281,1917.4179999999883,0.7670863309352518
1887.25,602.4000000003725,3.974,3.473,4040.2810000004247,4976.28,8773.06,0.5010000000000003,-0.000899281,1891.8679999999767,0.7751798561151079
1930.81,637.2000000001863,3.979,3.465,4160.219000000507,5084.22,8533.16,0.5140000000000002,-0.000899281,1934.536,0.7715827338129496
1942.44,636.0,3.984,3.468,4196.313000000082,5120.31,8568.91,0.516,-0.000899281,1945.444,0.7760791366906475
1884.94,604.7999999998137,3.974,3.474,4033.111999999732,4940.31,8709.31,0.5,-0.000899281,1889.793999999977,0.776978417
1876.75,522.0,3.935,3.515,3917.974999999628,4868.38,8668.81,0.4199999999999999,-0.000899281,1881.292,0.7715827338129496
1918.44,612.0,3.979,3.48,4141.112999999896,5084.31,8762.56,0.4990000000000001,-0.000899281,1921.5619999999767,0.7715827338129496
1891.75,604.0,3.979,3.483,4047.575000000186,4976.38,8653.06,0.496,-0.000899281,1895.3539999999768,0.7715827338129496
1927.38,556.0,3.932,3.504,4069.112999999896,5012.31,8900.31,0.4279999999999999,-0.000899281,1931.9759999999765,0.7715827338129496
1896.0,606.0,3.983,3.478,4082.375,5012.38,8684.38,0.5049999999999999,-0.000899281,1900.4619999999768,0.7715827338129496
1937.62,656.0,3.986,3.458,4196.281000000425,5120.28,8552.41,0.528,-0.000899281,1941.122,0.7715827338129496
1928.5,636.0,3.979,3.466,4155.575000000186,5084.38,8534.88,0.5129999999999999,-0.000899281,1932.604,0.770683453
1896.75,602.0,3.972,3.476,4124.375,5048.38,8950.88,0.496,-0.000899281,1912.3999999999885,0.7661870503597122
1882.44,603.2000000001863,3.973,3.476,4028.375,4940.38,8720.38,0.4969999999999999,-0.000899281,1887.457999999977,0.7760791366906475
1944.56,556.0,3.928,3.505,4097.974999999628,5048.38,8943.62,0.423,-0.000899281,1944.5859999999768,0.770683453
1941.44,636.0,3.984,3.468,4190.281999999657,5120.28,8556.66,0.516,-0.000899281,1944.0080000000005,0.7751798561151079
1909.44,604.7999999998137,3.978,3.48,4136.375,5084.38,8784.81,0.4980000000000002,-0.000899281,1918.5879999999768,0.770683453
1884.0,604.0,3.983,3.479,4076.311999999918,4976.31,8684.31,0.504,-0.000899281,1895.6619999999768,0.770683453
1935.81,656.0,3.986,3.457,4190.311999999918,5120.31,8549.75,0.5290000000000004,-0.000899281,1939.496,0.770683453
1921.75,552.0,3.93,3.504,4061.912999999709,5012.31,8912.06,0.4260000000000001,-0.000899281,1928.9259999999765,0.770683453
1889.5,600.8209999995306,3.979,3.483,4040.311999999918,4976.31,8648.06,0.496,-0.000899281,1893.5359999999769,0.770683453
1872.62,518.0,3.934,3.516,3908.311999999918,4832.31,8612.31,0.4180000000000001,-0.000899281,1878.654,0.770683453
1884.94,604.7999999998137,3.974,3.474,4033.111999999732,4940.31,8709.31,0.5,-0.000899281,1889.793999999977,0.7742805755395683
1920.0,630.4000000003725,3.984,3.467,4169.974999999628,5084.38,8612.38,0.5169999999999999,-0.000899281,1924.7999999999768,0.7679856115107914
1932.0,622.0,3.975,3.475,4166.311999999918,5084.31,8720.31,0.5,-0.000899281,1932.0,0.7940647482014388
1940.31,636.0319999996573,3.984,3.467,4184.313000000082,5120.31,8569.16,0.5169999999999999,-0.000899281,1942.688,0.7742805755395683
1931.38,558.0309999994934,3.945,3.806,4011.375,4984.38,8949.06,0.1389999999999998,-0.000899281,1928.2139999999767,0.7697841726618704
1900.75,607.188,3.997,3.792,4011.0,4963.0,8771.0,0.205,-0.000899281,1894.5499999999768,0.7697841726618705
1933.31,648.0,3.993,3.7,4123.311999999918,5082.06,8646.19,0.2929999999999997,-0.000899281,1937.59,0.7697841726618705
1951.0,556.813,3.942,3.704,4060.375,5047.0,8988.56,0.238,-0.000899281,1945.6739999999768,0.7697841726618704
1929.62,616.813,3.984,3.793,4081.0,5047.0,8792.0,0.1909999999999998,-0.000899281,1931.524,0.7931654676258992
1924.75,628.812,3.995,3.79,4102.063000000082,5054.06,8715.0,0.205,-0.000899281,1923.3499999999767,0.7670863309352518
1902.69,607.188,3.984,3.704,4018.25,4984.0,9071.06,0.2799999999999998,-0.000899281,1909.187999999988,0.7652877697841727
1882.44,603.2000000001863,3.973,3.476,4028.375,4940.38,8720.38,0.4969999999999999,-0.000899281,1887.457999999977,0.7733812949640286
1925.31,626.375,3.985,3.793,4095.186999999918,5061.25,8616.69,0.1919999999999997,-0.000899281,1930.398,0.7697841726618705
1911.75,604.813,3.989,3.708,4046.375,5019.0,8932.31,0.2809999999999997,-0.000899281,1916.3379999999768,0.7697841726618705
1886.38,602.438,3.985,3.708,3969.311999999918,4921.0,8828.88,0.2769999999999997,-0.000899281,1886.2959999999769,0.7751798561151079
1886.56,595.187,3.988,3.709,3969.311999999918,4928.0,8749.81,0.2789999999999999,-0.000899281,1891.3239999999769,0.7697841726618704
1870.81,518.375,3.944,3.718,3829.375,4802.0,8762.25,0.2259999999999999,-0.000899281,1875.998,0.7697841726618705
1938.59,634.4000000003725,3.984,3.467,4184.25,5120.25,8534.22,0.5169999999999999,-0.000899281,1941.324,0.7733812949640287
1890.4,602.0,3.97,3.791,3962.3519999999553,4904.35,8753.86,0.1790000000000002,-0.000899281,1886.2819999999767,0.7742805755395683
1886.38,602.438,3.985,3.708,3969.311999999918,4921.0,8828.88,0.2769999999999997,-0.000899281,1886.2959999999769,0.7724820143884892
1934.59,638.0,3.971,3.791,4054.593000000343,5014.59,8601.22,0.1800000000000001,-0.000899281,1930.398,0.7688848920863309
1933.12,554.0,3.931,3.801,4018.720000000671,4976.32,8906.37,0.1299999999999999,-0.000899281,1928.6139999999768,0.7688848920863309
1893.34,601.5999999996275,3.971,3.794,3932.3519999999553,4904.35,8686.72,0.177,-0.000899281,1890.8539999999768,0.7688848920863309
1920.0,632.0,3.978,3.786,4090.720399999991,5048.32,8720.32,0.1920000000000001,-0.000899281,1920.9499999999769,0.7661870503597122
1908.0,612.0,3.981,3.787,4019.0272000003606,4940.61,8756.61,0.1939999999999999,-0.000899281,1896.9499999999769,0.7688848920863309
1932.0,617.5999999996275,3.967,3.788,4069.0869999993593,5012.29,8756.29,0.1790000000000002,-0.000899281,1931.524,0.7922661870503596
1915.97,616.0,3.975,3.79,4040.3519999999553,5012.35,8952.67,0.185,-0.000899281,1908.7819999999883,0.7643884892086331
1920.54,608.0,3.978,3.789,4054.752000001259,5012.35,8796.8,0.189,-0.000899281,1916.0959999999768,0.7688848920863309
1877.06,518.0,3.927,3.807,3805.120000000112,4762.72,8756.45,0.1200000000000001,-0.000899281,1875.198,0.7688848920863309
1957.15,560.0,3.93,3.799,4047.520000000484,5012.32,9025.63,0.1310000000000002,-0.000899281,1948.1799999999769,0.7688848920863309
1937.28,648.7999999998137,3.98,3.787,4093.056000000797,5050.66,8637.95,0.193,-0.000899281,1936.728,0.7688848920863309
1933.89,637.2000000001863,3.973,3.467,4166.321000000462,5084.32,8581.06,0.5059999999999998,-0.000899281,1930.62,0.7679856115107914
1896.0,612.0,3.981,3.478,4106.352000000887,5012.35,8720.35,0.5029999999999997,-0.000899281,1896.9499999999769,0.7679856115107914
1912.77,614.0,3.975,3.48,4162.751000000164,5084.35,8879.3,0.4950000000000001,-0.000899281,1908.1739999999888,0.7634892086330936
1953.89,558.0,3.93,3.504,4133.950999999419,5084.35,9017.76,0.4260000000000001,-0.000899281,1950.1699999999769,0.7679856115107914
1892.35,599.2000000001863,3.973,3.485,4046.319000000134,4976.32,8631.07,0.488,-0.000899281,1890.6999999999769,0.7679856115107914
1871.2,584.0,3.964,3.796,3836.320000000298,4796.32,8759.52,0.1680000000000001,-0.000899281,1882.4419999999768,0.7715827338129496
1936.61,650.4000000003725,3.981,3.462,4184.383999999613,5120.38,8576.74,0.5189999999999997,-0.000899281,1936.126,0.7679856115107914
1918.21,606.0,3.978,3.484,4160.350999999791,5084.35,8775.1,0.4940000000000002,-0.000899281,1915.675999999977,0.7679856115107914
1887.2,604.0,3.97,3.475,4052.350999999792,4976.35,8790.78,0.4950000000000001,-0.000899281,1886.2719999999767,0.7733812949640287
1932.0,620.7999999998137,3.969,3.477,4155.519,5084.32,8720.32,0.492,-0.000899281,1931.524,0.7913669064748201
1932.0,632.0,3.98,3.47,4178.350999999791,5084.35,8684.35,0.5099999999999998,-0.000899281,1923.3499999999767,0.7652877697841727
1878.02,521.0,3.929,3.518,3914.368999999948,4832.38,8701.25,0.411,-0.000899281,1875.052,0.7679856115107914
1937.28,632.4000000003725,3.984,3.468,4177.206000000238,5120.41,8578.84,0.516,-0.000899281,1940.012,0.7724820143884892
1929.66,556.0,3.931,3.505,4090.720000000671,5048.35,8914.78,0.4260000000000001,-0.000899281,1928.657999999977,0.7679856115107914
1896.0,612.0,3.982,3.478,4097.919999998994,5012.32,8720.32,0.504,-0.000899281,1896.9499999999769,0.7670863309352518
1880.99,524.0,3.931,3.516,3917.951999999583,4868.35,8698.98,0.415,-0.000899281,1875.9,0.7670863309352518
1926.82,554.0,3.93,3.507,4083.5830000005662,5012.38,8894.3,0.423,-0.000899281,1928.5459999999769,0.7670863309352518
1935.62,632.7999999998137,3.983,3.468,4169.943999999203,5120.34,8583.72,0.5150000000000001,-0.000899281,1938.648,0.7715827338129496
1950.75,556.0,3.93,3.505,4119.520000000484,5084.32,8978.27,0.4250000000000002,-0.000899281,1951.4699999999768,0.7670863309352518
1911.1,614.0,3.976,3.479,4154.350999999791,5084.35,8889.98,0.4969999999999999,-0.000899281,1907.855999999988,0.7625899280575539
1937.92,651.2000000001863,3.984,3.461,4184.320000000298,5120.32,8593.98,0.5230000000000001,-0.000899281,1936.186,0.7670863309352518
1932.0,625.5999999996275,3.972,3.474,4162.752000001259,5084.35,8720.35,0.4979999999999998,-0.000899281,1931.524,0.7904676258992805
1934.34,638.4000000003725,3.976,3.466,4162.752000001259,5084.35,8554.5,0.5099999999999998,-0.000899281,1931.326,0.7670863309352518
1894.69,600.0,3.976,3.485,4040.3209999995306,4976.32,8660.58,0.4910000000000001,-0.000899281,1891.2879999999768,0.7670863309352518
1932.0,636.0,3.982,3.47,4184.448,5084.45,8673.95,0.512,-0.000899281,1925.7499999999768,0.7643884892086331
1867.74,582.0,3.964,3.501,3944.350999999792,4868.35,8722.56,0.4630000000000001,-0.000899281,1878.5399999999768,0.770683453
1915.55,606.4000000003725,3.978,3.484,4148.223999999464,5084.22,8747.46,0.4940000000000002,-0.000899281,1915.0979999999768,0.7670863309352518
1885.34,600.0,3.971,3.475,4040.320000000298,4940.32,8751.97,0.496,-0.000899281,1886.351999999977,0.7724820143884892
1931.96,638.4000000003725,3.977,3.465,4166.349999999628,5084.35,8542.78,0.512,-0.000899281,1932.018,0.7661870503597121
1892.45,602.0,3.975,3.482,4047.519,4976.32,8642.11,0.4929999999999999,-0.000899281,1891.8779999999765,0.7661870503597122
1883.49,602.0,3.971,3.475,4033.151999999769,4940.35,8752.83,0.496,-0.000899281,1886.5619999999767,0.7715827338129496
1932.0,626.0,3.973,3.474,4169.917999999598,5084.32,8720.32,0.4989999999999996,-0.000899281,1931.524,0.789568345
1935.52,651.2000000001863,3.984,3.459,4190.3849999997765,5120.38,8571.1,0.5249999999999999,-0.000899281,1936.128,0.7661870503597121
1948.29,556.7999999998137,3.929,3.505,4112.320000000298,5048.32,8975.49,0.4239999999999999,-0.000899281,1952.2159999999767,0.7661870503597122
1896.0,610.0,3.981,3.478,4094.385000000708,5012.39,8684.39,0.5029999999999997,-0.000899281,1899.3499999999767,0.7661870503597121
1923.91,552.7999999998137,3.93,3.507,4069.120000000112,5012.32,8874.75,0.423,-0.000899281,1928.9779999999769,0.7661870503597122
1880.16,523.2000000001863,3.931,3.514,3925.0579999992624,4868.26,8715.68,0.4170000000000002,-0.000899281,1877.408,0.7661870503597121
1932.0,636.7999999998137,3.983,3.467,4190.318999999203,5120.32,8720.32,0.516,-0.000899281,1928.149999999977,0.7634892086330936
1865.18,582.0,3.963,3.501,3932.350999999792,4832.35,8710.66,0.4620000000000002,-0.000899281,1874.5879999999768,0.7697841726618705
1909.15,614.4000000003725,3.976,3.479,4148.3849999997765,5084.38,8904.87,0.4969999999999999,-0.000899281,1910.3359999999884,0.7616906474820144
1913.02,604.0,3.978,3.484,4148.349000000395,5084.35,8759.94,0.4940000000000002,-0.000899281,1915.8139999999769,0.7661870503597121
1932.0,634.0,3.983,3.47,4166.375,5084.38,8580.88,0.5129999999999999,-0.000899281,1936.76,0.770683453
1862.3,580.0,3.964,3.501,3925.150999999605,4832.35,8677.69,0.4630000000000001,-0.000899281,1870.5599999999763,0.7688848920863309
1896.0,606.4000000003725,3.981,3.478,4088.3519999999553,5012.35,8720.35,0.5029999999999997,-0.000899281,1898.399999999977,0.7652877697841727
1932.0,638.0,3.982,3.466,4184.320000000298,5120.32,8684.32,0.516,-0.000899281,1929.5999999999767,0.7625899280575539
1921.09,550.0,3.929,3.507,4058.320000000298,5012.32,8874.18,0.4219999999999997,-0.000899281,1926.9199999999769,0.7652877697841727
1929.89,634.4000000003725,3.977,3.466,4160.355000000447,5084.36,8582.11,0.5109999999999997,-0.000899281,1932.934,0.7652877697841727
1928.62,624.0,3.991,3.709,4102.375,5061.0,8671.06,0.282,-0.000899281,1934.422,0.7697841726618704
1878.27,524.0,3.932,3.514,3920.321000000462,4868.32,8698.75,0.4180000000000001,-0.000899281,1878.9,0.7652877697841727
1906.66,612.0,3.975,3.479,4141.058000000194,5084.26,8864.26,0.496,-0.000899281,1911.1299999999885,0.7607913669064749
1932.0,627.5999999996275,3.973,3.472,4169.951999999583,5084.35,8684.35,0.5009999999999999,-0.000899281,1932.0,0.7886690647482014
1911.07,604.7999999998137,3.978,3.485,4136.320000000298,5084.32,8756.8,0.4930000000000003,-0.000899281,1915.6779999999767,0.7652877697841727
1933.12,649.5999999996275,3.984,3.46,4184.351999999955,5120.35,8559.33,0.524,-0.000899281,1936.09,0.7652877697841727
1879.46,598.4000000003725,3.97,3.475,4025.950999998488,4940.35,8752.99,0.4950000000000001,-0.000899281,1885.177999999977,0.770683453
1889.92,598.4000000003725,3.976,3.482,4046.321000000462,4976.32,8629.06,0.4939999999999998,-0.000899281,1892.5499999999768,0.7652877697841727
1945.18,555.2000000001863,3.929,3.505,4105.151999999769,5048.35,8927.2,0.4239999999999999,-0.000899281,1951.0519999999767,0.7652877697841727
1888.38,598.4000000003725,3.976,3.482,4034.3829999994487,4976.38,8615.65,0.4939999999999998,-0.000899281,1891.5579999999768,0.7643884892086331
1931.49,649.5999999996275,3.984,3.46,4177.151999999769,5084.35,8565.63,0.524,-0.000899281,1934.932,0.7643884892086331
1921.09,555.2000000001863,3.929,3.507,4047.5509999990463,4976.35,8854.85,0.4219999999999997,-0.000899281,1924.5139999999767,0.7643884892086331
1904.74,610.7999999998137,3.975,3.479,4130.316000000574,5048.32,8917.92,0.496,-0.000899281,1908.8839999999884,0.7598920863309353
1927.71,634.4000000003725,3.977,3.466,4148.352000000887,5084.35,8554.02,0.5109999999999997,-0.000899281,1931.558,0.7643884892086331
1936.42,628.0,3.977,3.787,4061.951999999583,5012.35,8612.35,0.1899999999999999,-0.000899281,1933.988,0.7688848920863309
1896.0,608.0,3.981,3.479,4070.351999999024,4976.35,8684.35,0.5019999999999998,-0.000899281,1896.0,0.7643884892086331
1920.0,636.7999999998137,3.982,3.466,4184.320999999531,5084.32,8684.32,0.516,-0.000899281,1929.5999999999767,0.7616906474820144
1857.57,578.0,3.964,3.502,3914.288999999873,4832.29,8660.0,0.4620000000000002,-0.000899281,1864.7979999999768,0.7679856115107914
1877.05,524.0,3.932,3.514,3917.951,4868.35,8697.38,0.4180000000000001,-0.000899281,1878.898,0.7643884892086331
1908.54,602.0,3.978,3.485,4130.382000000216,5084.38,8731.68,0.4930000000000003,-0.000899281,1913.2779999999768,0.7643884892086331
1932.0,627.2000000001863,3.973,3.473,4162.754999999888,5084.35,8720.35,0.5,-0.000899281,1932.0,0.7877697841726619
1942.53,551.9896666668355,3.929,3.506,4090.752000000328,5048.35,8923.93,0.423,-0.000899281,1948.1279999999765,0.7643884892086331
1877.44,600.0,3.97,3.476,4010.350999999792,4940.35,8727.9,0.4940000000000002,-0.000899281,1882.5859999999768,0.7697841726618704
1885.82,600.0,3.976,3.482,4033.120000000112,4976.32,8611.94,0.4939999999999998,-0.000899281,1890.2519999999768,0.7634892086330936
1855.58,574.0,3.964,3.503,3896.351000000722,4796.35,8648.35,0.4609999999999998,-0.000899281,1861.6739999999768,0.7670863309352518
1920.0,638.0,3.983,3.465,4177.12,5084.32,8648.32,0.5180000000000002,-0.000899281,1927.1999999999769,0.7607913669064749
1884.0,604.7999999998137,3.981,3.479,4069.124000000768,4976.32,8684.32,0.5019999999999998,-0.000899281,1893.5999999999767,0.7634892086330936
1929.38,645.5999999996275,3.984,3.46,4172.320000000298,5084.32,8573.22,0.524,-0.000899281,1933.486,0.7634892086330936
1912.67,546.0206666672602,3.928,3.507,4047.5520000001416,4976.35,8867.52,0.4209999999999998,-0.000899281,1921.1159999999768,0.7634892086330936
1932.0,627.2000000001863,3.973,3.473,4160.378999999724,5084.38,8720.38,0.5,-0.000899281,1932.0,0.7868705035971223
1905.38,600.0,3.976,3.485,4119.427000000142,5048.23,8759.13,0.4910000000000001,-0.000899281,1910.7119999999768,0.7634892086330936
1875.39,521.0,3.932,3.514,3910.751000000164,4832.35,8703.91,0.4180000000000001,-0.000899281,1878.372,0.7634892086330936
1925.15,634.0,3.976,3.467,4148.315999999642,5084.32,8556.83,0.5089999999999999,-0.000899281,1929.81,0.7634892086330936
1875.17,596.7999999998137,3.969,3.476,4004.350999999792,4904.35,8745.7,0.4929999999999999,-0.000899281,1880.1799999999769,0.7688848920863309
1940.57,553.5999999996275,3.929,3.506,4083.5520000001416,5048.35,8927.23,0.423,-0.000899281,1945.4639999999767,0.7634892086330936
1936.8,628.7999999998137,3.979,3.472,4169.856,5084.26,8606.98,0.5070000000000001,-0.000899281,1933.892,0.7679856115107914
1901.79,607.2000000001863,3.974,3.479,4124.351999999955,5048.35,8894.92,0.4950000000000001,-0.000899281,1906.6879999999885,0.7589928057553956
1938.02,552.0,3.928,3.507,4076.320000000298,5048.32,8890.66,0.4209999999999998,-0.000899281,1942.9179999999767,0.7625899280575539
1876.06,598.0,3.971,3.477,3997.120000000112,4904.32,8770.88,0.4940000000000002,-0.000899281,1878.3239999999769,0.7679856115107914
1917.8,553.5999999996275,3.929,3.51,4018.752000000328,4976.35,8869.27,0.419,-0.000899281,1919.3119999999767,0.7625899280575539
1927.55,648.0,3.984,3.46,4162.751000000164,5084.35,8566.78,0.524,-0.000899281,1931.412,0.762589928
1902.79,598.0,3.977,3.486,4112.389999999665,5048.39,8748.23,0.4909999999999996,-0.000899281,1908.159999999977,0.762589928
1932.0,627.2000000001863,3.973,3.473,4154.225999999791,5084.23,8720.23,0.5,-0.000899281,1932.0,0.7859712230215827
1900.54,609.5999999996275,3.974,3.48,4112.351999999955,5048.35,8915.23,0.4940000000000002,-0.000899281,1904.575999999988,0.7580935251798561
1873.51,521.0,3.932,3.514,3903.520000000484,4832.32,8685.98,0.4180000000000001,-0.000899281,1876.876,0.762589928
1922.43,632.7999999998137,3.976,3.467,4136.319999999367,5048.32,8519.52,0.5089999999999999,-0.000899281,1927.428,0.762589928
1939.39,633.5999999996275,3.982,3.471,4169.917999999598,5084.32,8613.47,0.5110000000000001,-0.000899281,1934.646,0.7670863309352518
1884.0,606.4000000003725,3.982,3.48,4058.321000000462,4976.32,8684.32,0.5020000000000002,-0.000899281,1891.1999999999769,0.762589928
1920.0,638.0,3.982,3.466,4172.351999999955,5084.35,8648.35,0.516,-0.000899281,1924.7999999999768,0.7598920863309353
1852.61,572.0,3.963,3.503,3890.3240000000224,4796.32,8676.61,0.4599999999999999,-0.000899281,1858.6479999999767,0.7661870503597121
1883.84,596.0,3.975,3.483,4022.350999999792,4940.35,8610.56,0.492,-0.000899281,1888.0819999999767,0.7625899280575539
1896.0,610.0,3.974,3.48,4106.257000000216,5048.26,8892.67,0.4940000000000002,-0.000899281,1901.9459999999883,0.7571942446043165
1873.54,596.7999999998137,3.97,3.477,3997.119999999181,4904.32,8756.93,0.4930000000000003,-0.000899281,1876.3339999999769,0.7670863309352518
1937.95,633.5999999996275,3.982,3.469,4177.053999999538,5120.25,8611.84,0.5130000000000003,-0.000899281,1935.836,0.7661870503597122
1919.42,632.0,3.975,3.467,4130.382000000216,5048.38,8519.23,0.508,-0.000899281,1924.92,0.7616906474820144
1920.0,635.2000000001863,3.982,3.466,4166.320000000298,5084.32,8648.32,0.516,-0.000899281,1922.399999999977,0.7589928057553956
1884.0,604.7999999998137,3.981,3.479,4061.983000000008,4976.38,8684.38,0.5019999999999998,-0.000899281,1888.7999999999768,0.7616906474820144
1924.29,644.4000000003725,3.983,3.461,4155.520000000484,5084.32,8544.41,0.5220000000000002,-0.000899281,1929.166,0.7616906474820144
1881.53,598.0,3.975,3.484,4016.3209999995306,4940.32,8641.6,0.4910000000000001,-0.000899281,1885.8979999999767,0.7616906474820144
1870.08,522.0,3.931,3.514,3896.3519999999553,4832.35,8664.03,0.4170000000000002,-0.000899281,1874.86,0.7616906474820144
1901.02,598.0,3.976,3.487,4100.319999999367,5048.32,8744.0,0.4889999999999999,-0.000899281,1905.7599999999768,0.7616906474820144
1935.75,554.0,3.928,3.507,4076.3519999999553,5048.35,8907.74,0.4209999999999998,-0.000899281,1940.409999999977,0.7616906474820144
1853.28,574.0,3.964,3.505,3881.952000000514,4796.35,8669.38,0.4590000000000001,-0.000899281,1856.2679999999768,0.7652877697841727
1916.86,552.0,3.929,3.508,4040.3209999995306,4976.32,8862.37,0.4209999999999998,-0.000899281,1917.9019999999769,0.7616906474820144
1920.0,625.2000000001863,3.973,3.473,4148.257000000216,5084.26,8720.26,0.5,-0.000899281,1929.6,0.7850719424460431
1879.46,595.2000000001863,3.975,3.484,4004.3519999999553,4940.35,8641.57,0.4910000000000001,-0.000899281,1883.8059999999764,0.7607913669064749
1917.89,629.5999999996275,3.975,3.468,4119.520999999717,5048.32,8555.01,0.5070000000000001,-0.000899281,1922.52,0.7607913669064749
1873.34,596.0,3.97,3.479,3986.320000000298,4904.32,8772.26,0.4910000000000001,-0.000899281,1875.1099999999765,0.7661870503597122
1934.85,630.0,3.982,3.469,4172.319999999367,5084.32,8576.74,0.5130000000000003,-0.000899281,1937.082,0.7652877697841727
1922.21,642.4000000003725,3.983,3.462,4148.359,5084.36,8544.23,0.5209999999999999,-0.000899281,1926.984,0.7607913669064749
1920.0,635.2000000001863,3.982,3.468,4155.652999999933,5084.45,8648.45,0.5140000000000002,-0.000899281,1920.0,0.7580935251798561
1884.0,604.7999999998137,3.981,3.48,4047.56,4976.36,8684.39,0.5009999999999999,-0.000899281,1886.399999999977,0.7607913669064749
1847.65,570.0,3.963,3.503,3881.951999999583,4796.35,8663.84,0.4599999999999999,-0.000899281,1853.3379999999768,0.7643884892086331
1920.0,625.2000000001863,3.973,3.473,4141.151999999769,5084.35,8684.35,0.5,-0.000899281,1927.2,0.7841726618705036
1908.0,549.5999999996275,3.929,3.507,4040.321000000462,4976.32,8871.17,0.4219999999999997,-0.000899281,1915.283999999977,0.7607913669064749
1933.57,550.0,3.927,3.508,4069.150999999605,5012.35,8905.88,0.419,-0.000899281,1938.0879999999763,0.7607913669064749
1898.27,596.0,3.976,3.486,4094.25,5048.25,8737.88,0.4899999999999997,-0.000899281,1903.1999999999769,0.7607913669064749
1869.05,520.0,3.931,3.515,3889.120000000112,4832.32,8684.32,0.4159999999999999,-0.000899281,1873.016,0.7607913669064749
1899.48,606.0,3.973,3.48,4100.351999999955,5048.35,8910.88,0.4929999999999999,-0.000899281,1900.5099999999888,0.7562949640287769
1934.24,630.0,3.982,3.471,4166.227000000887,5084.23,8597.22,0.5110000000000001,-0.000899281,1936.646,0.7643884892086331
1899.69,612.0,3.973,3.48,4100.218000000343,5012.22,8915.39,0.4929999999999999,-0.000899281,1899.4999999999884,0.7553956834532374
1920.0,631.2000000001863,3.982,3.467,4154.350999999791,5084.35,8663.42,0.5150000000000001,-0.000899281,1920.0,0.7571942446043165
1915.97,630.0,3.975,3.469,4118.321000000462,5048.32,8534.62,0.5060000000000002,-0.000899281,1920.172,0.7598920863309353
1847.39,571.2000000001863,3.962,3.504,3866.3519999999553,4760.35,8655.16,0.4580000000000002,-0.000899281,1851.3019999999767,0.7634892086330936
1876.93,597.5999999996275,3.974,3.486,4004.320000000298,4940.32,8597.25,0.488,-0.000899281,1881.5159999999769,0.7598920863309353
1869.16,594.0,3.97,3.476,3992.319999999367,4904.32,8749.69,0.4940000000000002,-0.000899281,1873.4539999999768,0.7652877697841727
1932.29,552.0,3.926,3.508,4061.951999999583,5012.35,8894.05,0.4180000000000001,-0.000899281,1936.0399999999768,0.7598920863309353
1896.61,598.0,3.976,3.487,4083.5509999999776,5012.35,8716.61,0.4889999999999999,-0.000899281,1900.8139999999769,0.7598920863309353
1867.46,520.0,3.931,3.515,3884.3519999999553,4832.35,8693.86,0.4159999999999999,-0.000899281,1871.098,0.7598920863309353
1884.0,603.0,3.981,3.479,4054.783000000753,4976.38,8684.38,0.5019999999999998,-0.000899281,1884.0,0.7598920863309353
1921.22,642.4000000003725,3.983,3.462,4142.382999999449,5084.38,8556.03,0.5209999999999999,-0.000899281,1924.93,0.7598920863309353
1920.0,623.2000000001863,3.974,3.475,4136.320000000298,5048.32,8720.32,0.4990000000000001,-0.000899281,1924.8,0.783273381
1914.49,550.0053333332762,3.929,3.507,4033.120000000112,4976.32,8866.76,0.4219999999999997,-0.000899281,1913.9639999999767,0.7598920863309353
1930.69,548.0,3.927,3.508,4061.951999999583,5012.35,8908.38,0.419,-0.000899281,1934.0639999999769,0.7589928057553956
1913.47,550.0,3.928,3.506,4025.9199999999255,4976.32,8869.28,0.4220000000000001,-0.000899281,1914.1239999999768,0.7589928057553956
1932.0,628.0,3.982,3.47,4162.719999999739,5084.32,8594.79,0.512,-0.000899281,1935.686,0.7634892086330936
1894.62,594.4000000003725,3.976,3.487,4076.382000000216,5012.38,8684.38,0.4889999999999999,-0.000899281,1898.6619999999768,0.7589928057553956
1920.0,623.2000000001863,3.974,3.474,4130.351000000723,5048.35,8720.35,0.5,-0.000899281,1922.4,0.7823741007194245
1865.79,520.0,3.931,3.516,3881.9199999999255,4832.32,8696.76,0.415,-0.000899281,1869.178,0.7589928057553956
1912.87,626.0,3.974,3.47,4112.320000000298,5048.32,8490.05,0.504,-0.000899281,1917.716,0.7589928057553956
1867.72,594.0,3.97,3.478,3980.3590000001714,4904.36,8732.58,0.492,-0.000899281,1871.9639999999767,0.7643884892086331
1918.53,640.7999999998137,3.983,3.462,4136.320000000298,5048.32,8536.0,0.5209999999999999,-0.000899281,1922.76,0.7589928057553956
1875.49,594.0,3.974,3.485,3992.3519999999553,4904.35,8632.73,0.4890000000000003,-0.000899281,1879.4499999999769,0.7589928057553956
1920.0,631.2000000001863,3.982,3.467,4148.320000000298,5048.32,8684.32,0.5150000000000001,-0.000899281,1920.0,0.7562949640287769
1900.19,610.0,3.974,3.478,4100.351999999955,5012.35,8930.53,0.496,-0.000899281,1899.179999999988,0.7544964028776978
1884.0,603.2000000001863,3.981,3.48,4040.320000000298,4940.32,8684.32,0.5009999999999999,-0.000899281,1884.0,0.7589928057553956
1844.96,571.2000000001863,3.963,3.504,3872.3209999995306,4796.32,8612.32,0.4590000000000001,-0.000899281,1849.1779999999767,0.762589928
1920.0,619.2000000001863,3.974,3.475,4126.743999999948,5048.34,8756.34,0.4990000000000001,-0.000899281,1920.0,0.7814748201438849
1927.3,547.2000000001863,3.926,3.509,4054.743999999948,5012.34,8877.44,0.4170000000000002,-0.000899281,1931.9199999999769,0.7580935251798561
1916.84,638.0,3.983,3.463,4130.319999999367,5048.33,8541.19,0.52,-0.000899281,1920.618,0.7580935251798561
1893.91,594.4000000003725,3.976,3.488,4076.2189999995753,5012.22,8726.56,0.488,-0.000899281,1896.8859999999768,0.7580935251798561
1864.09,520.0,3.931,3.516,3874.720999999903,4796.32,8676.93,0.415,-0.000899281,1867.294,0.7580935251798561
1873.28,592.0,3.973,3.485,3989.950999999419,4904.36,8611.01,0.488,-0.000899281,1877.3379999999763,0.7580935251798561
1930.66,628.0,3.981,3.47,4155.550999999978,5084.35,8607.04,0.5109999999999997,-0.000899281,1933.94,0.7625899280575539
1912.74,552.0,3.928,3.508,4025.927999999374,4976.33,8828.12,0.4199999999999999,-0.000899281,1913.111999999977,0.7580935251798561
1842.4,568.0,3.962,3.505,3866.3829999994487,4760.38,8624.9,0.4570000000000003,-0.000899281,1847.1359999999768,0.7616906474820144
1884.0,603.2000000001863,3.981,3.481,4040.280999999493,4940.28,8651.14,0.5,-0.000899281,1884.0,0.7580935251798561
1865.89,594.0,3.97,3.479,3975.513000000268,4904.31,8724.0,0.4910000000000001,-0.000899281,1869.9299999999769,0.7634892086330936
1911.39,626.4000000003725,3.974,3.469,4100.382999999449,5012.38,8525.91,0.5050000000000003,-0.000899281,1915.5080000000005,0.7580935251798561
1908.0,631.2000000001863,3.983,3.468,4142.359000000171,5048.36,8684.36,0.5150000000000001,-0.000899281,1917.5999999999767,0.7553956834532374
1900.67,612.0,3.974,3.478,4097.951999999583,5012.35,8940.32,0.496,-0.000899281,1899.2059999999883,0.7535971223021584
1898.78,613.2155,3.974,3.477,4097.958999998868,5012.36,8916.09,0.4970000000000003,-0.000899281,1899.7619999999883,0.7526978417266187
1908.52,622.4000000003725,3.974,3.471,4097.959999999963,5012.36,8448.55,0.5030000000000001,-0.000899281,1913.328,0.7571942446043166
1924.0,548.0,3.924,3.51,4033.143000000157,4976.34,8932.86,0.4140000000000001,-0.000899281,1929.5699999999767,0.7571942446043165
1884.0,603.2000000001863,3.981,3.481,4034.311999999918,4940.31,8648.31,0.5,-0.000899281,1884.0,0.7571942446043166
1841.16,569.5999999996275,3.962,3.505,3860.3519999999553,4760.36,8625.16,0.4570000000000003,-0.000899281,1844.7119999999768,0.7607913669064749
1908.0,631.2000000001863,3.983,3.468,4141.033999999985,5048.23,8684.23,0.5150000000000001,-0.000899281,1915.1999999999769,0.7544964028776978
1865.05,590.0,3.97,3.479,3968.3439999995753,4868.34,8743.0,0.4910000000000001,-0.000899281,1868.2319999999768,0.7625899280575539
1892.48,592.7999999998137,3.976,3.487,4069.112999999896,5012.31,8720.95,0.4889999999999999,-0.000899281,1895.1779999999767,0.7571942446043166
1927.2,626.4000000003725,3.98,3.471,4148.351000000723,5084.35,8560.48,0.5089999999999999,-0.000899281,1931.79,0.7616906474820144
1871.36,592.0,3.974,3.486,3982.7430000007153,4904.34,8572.41,0.488,-0.000899281,1875.303999999977,0.7571942446043165
1911.88,552.0,3.928,3.507,4018.759000000544,4976.36,8878.73,0.4209999999999998,-0.000899281,1912.1159999999768,0.7571942446043165
1915.52,639.2000000001863,3.983,3.463,4126.618000000715,5048.22,8543.42,0.52,-0.000899281,1918.864,0.7571942446043166
1920.0,619.2000000001863,3.974,3.475,4124.359000000171,5048.36,8720.36,0.4990000000000001,-0.000899281,1920.0,0.7805755395683454
1862.83,520.0,3.931,3.516,3867.5590000003576,4796.36,8701.83,0.415,-0.000899281,1865.844,0.7571942446043166
1863.66,591.2000000001863,3.969,3.478,3968.311999999918,4868.31,8702.69,0.4909999999999996,-0.000899281,1866.2959999999769,0.7616906474820144
1890.62,594.0,3.975,3.488,4061.9599999999614,5012.36,8704.12,0.4870000000000001,-0.000899281,1893.6479999999767,0.7562949640287769
1921.95,546.0,3.924,3.511,4025.866000000387,4976.27,8899.14,0.4129999999999998,-0.000899281,1927.245999999977,0.7562949640287769
1926.2,626.4000000003725,3.981,3.471,4141.150999999605,5084.35,8581.86,0.5099999999999998,-0.000899281,1930.06,0.7607913669064749
1861.62,519.0,3.931,3.516,3867.527999999933,4796.33,8690.66,0.415,-0.000899281,1864.358,0.7562949640287769
1920.0,619.2000000001863,3.975,3.475,4118.313000000082,5048.31,8758.66,0.5,-0.000899281,1920.0,0.7796762589928058
1914.08,639.2000000001863,3.982,3.463,4124.265000000596,5048.27,8530.56,0.5190000000000001,-0.000899281,1917.238,0.7562949640287769
1898.08,614.0,3.975,3.478,4090.7120000002906,5012.31,8973.11,0.4969999999999999,-0.000899281,1899.4819999999884,0.7517985611510791
1908.0,631.2000000001863,3.983,3.468,4133.974999999628,5048.38,8612.38,0.5150000000000001,-0.000899281,1912.7999999999768,0.7535971223021584
1906.72,624.0,3.974,3.47,4090.713000000456,5012.31,8460.06,0.504,-0.000899281,1911.0940000000005,0.7562949640287769
1839.58,566.0,3.962,3.506,3853.112999999896,4760.31,8624.99,0.4560000000000004,-0.000899281,1843.0979999999768,0.7598920863309353
1872.0,602.0,3.981,3.48,4033.112999999896,4940.31,8684.31,0.5009999999999999,-0.000899281,1881.5999999999767,0.7562949640287769
1910.84,552.0,3.928,3.508,4011.5590000003576,4940.36,8887.69,0.4199999999999999,-0.000899281,1912.6839999999768,0.7562949640287769
1869.02,590.0,3.974,3.485,3975.56,4904.36,8561.25,0.4890000000000003,-0.000899281,1873.2159999999767,0.7562949640287769
1890.01,591.2000000001863,3.975,3.487,4058.328000000678,5012.33,8748.39,0.488,-0.000899281,1892.3279999999768,0.7553956834532374
1923.91,624.7999999998137,3.98,3.473,4136.25,5048.25,8543.45,0.5070000000000001,-0.000899281,1927.994,0.7598920863309353
1861.56,590.0,3.97,3.478,3962.296999999322,4868.3,8726.08,0.492,-0.000899281,1864.7759999999769,0.7607913669064749
1912.34,637.5999999996275,3.982,3.463,4118.327999999747,5048.33,8527.36,0.5190000000000001,-0.000899281,1915.462,0.7553956834532374
1908.0,628.0313333338127,3.983,3.468,4130.359000000171,5048.36,8684.36,0.5150000000000001,-0.000899281,1910.399999999977,0.7526978417266187
1837.86,568.0,3.962,3.506,3845.9599999999614,4760.36,8627.53,0.4560000000000004,-0.000899281,1841.1919999999768,0.7589928057553956
1904.67,620.7999999998137,3.974,3.472,4088.3439999995753,5012.34,8475.23,0.5020000000000002,-0.000899281,1908.834,0.7553956834532374
1872.0,601.5999999996275,3.98,3.481,4028.3590000001714,4940.36,8684.36,0.4990000000000001,-0.000899281,1879.1999999999769,0.7553956834532374
1896.7,610.0,3.975,3.479,4083.544000000693,5012.34,8965.11,0.496,-0.000899281,1898.8839999999884,0.7508992805755396
1924.12,549.5999999996275,3.925,3.511,4018.744000000879,4976.34,8903.61,0.4139999999999997,-0.000899281,1925.611999999977,0.7553956834532374
1858.38,518.0,3.931,3.518,3860.3439999995753,4796.34,8682.02,0.4130000000000002,-0.000899281,1862.542,0.7553956834532374
1867.17,590.0,3.973,3.487,3968.375,4904.38,8571.83,0.4859999999999997,-0.000899281,1871.2639999999767,0.7553956834532374
1909.25,548.0,3.928,3.508,4011.527999999933,4940.33,8834.75,0.4199999999999999,-0.000899281,1911.6359999999768,0.7553956834532374
1920.0,616.0,3.975,3.476,4112.360000000335,5048.36,8756.36,0.4990000000000001,-0.000899281,1920.0,0.7787769784172662
1910.89,637.5999999996275,3.982,3.464,4112.311999999918,5048.31,8510.59,0.5180000000000002,-0.000899281,1913.934,0.7544964028776978
1872.0,597.5999999996275,3.981,3.482,4018.759999999777,4940.36,8684.36,0.4989999999999996,-0.000899281,1876.7999999999768,0.7544964028776978
1908.0,627.5999999996275,3.983,3.469,4124.327999999747,5048.33,8648.33,0.5140000000000002,-0.000899281,1908.0,0.7517985611510791
1902.91,616.7999999998137,3.974,3.472,4076.3439999995753,5012.34,8471.94,0.5020000000000002,-0.000899281,1906.842,0.7544964028776978
1894.62,610.0,3.976,3.479,4076.3590000001714,5012.36,8955.2,0.4969999999999999,-0.000899281,1897.7699999999884,0.75
1859.42,589.5999999996275,3.969,3.478,3953.912999999709,4868.31,8704.25,0.4909999999999996,-0.000899281,1863.1159999999768,0.7598920863309353
1864.8,588.0,3.973,3.487,3962.359999999404,4904.36,8573.98,0.4859999999999997,-0.000899281,1869.1259999999768,0.7544964028776978
1834.87,563.9999999990687,3.962,3.506,3842.328999999911,4760.33,8621.31,0.4560000000000004,-0.000899281,1839.1739999999768,0.7580935251798561
1907.52,550.0,3.928,3.507,4004.3590000001714,4940.36,8818.97,0.4209999999999998,-0.000899281,1910.4459999999767,0.7544964028776978
1920.0,617.5999999996275,3.975,3.476,4105.143999999389,5048.34,8720.34,0.4990000000000001,-0.000899281,1920.0,0.7778776978417266
1918.81,545.0,3.923,3.51,4033.1909999996415,4976.39,8900.39,0.4130000000000002,-0.000899281,1923.235999999977,0.7544964028776978
1856.39,518.0,3.932,3.518,3853.158999999985,4796.36,8680.2,0.4140000000000001,-0.000899281,1860.662,0.7544964028776978
1922.37,624.7999999998137,3.98,3.471,4133.888999999501,5048.29,8566.4,0.5089999999999999,-0.000899281,1926.068,0.7589928057553956
1888.64,592.0,3.975,3.488,4052.311999999918,4976.31,8716.25,0.4870000000000001,-0.000899281,1891.1319999999769,0.7544964028776978
1906.38,550.0,3.928,3.508,3997.1749999998137,4940.38,8868.41,0.4199999999999999,-0.000899281,1909.1739999999768,0.7535971223021584
1908.0,616.0,3.974,3.477,4100.328000000678,5012.33,8720.33,0.4970000000000003,-0.000899281,1917.6,0.776978417
1917.81,542.0,3.924,3.511,4004.3590000001714,4976.36,8887.23,0.4129999999999998,-0.000899281,1921.3379999999768,0.7535971223021584
1901.25,619.2000000001863,3.974,3.472,4070.313000000082,5012.31,8491.03,0.5020000000000002,-0.000899281,1904.814,0.7535971223021583
1909.19,634.0,3.982,3.464,4106.359000000171,5048.36,8512.89,0.5180000000000002,-0.000899281,1912.404,0.7535971223021583
1832.88,564.0,3.962,3.506,3831.5439999997616,4760.34,8615.42,0.4560000000000004,-0.000899281,1837.2699999999768,0.7571942446043166
1862.5,584.7999999998137,3.973,3.488,3956.327999999746,4868.33,8539.39,0.4849999999999999,-0.000899281,1866.9699999999768,0.7535971223021584
1892.25,607.2000000001863,3.976,3.479,4069.128999999724,5012.33,8935.45,0.4969999999999999,-0.000899281,1896.0859999999884,0.7491007194244604
1886.94,592.0,3.974,3.487,4047.527999999933,4976.33,8702.59,0.4870000000000001,-0.000899281,1889.7379999999769,0.7535971223021583
1854.02,514.0,3.931,3.519,3845.958999998868,4796.36,8676.55,0.4119999999999999,-0.000899281,1858.648,0.7535971223021583
1921.02,622.0,3.98,3.471,4124.351999999955,5048.35,8548.57,0.5089999999999999,-0.000899281,1924.14,0.7580935251798561
1858.62,586.0,3.97,3.479,3946.729000000283,4868.33,8755.91,0.4910000000000001,-0.000899281,1861.6619999999768,0.7589928057553956
1872.0,596.0,3.98,3.481,4011.5590000003576,4940.36,8612.36,0.4990000000000001,-0.000899281,1874.399999999977,0.7535971223021583
1908.0,626.0,3.983,3.47,4118.389999999665,5048.39,8648.39,0.5129999999999999,-0.000899281,1908.0,0.7508992805755396
1908.0,612.0,3.974,3.477,4094.218000000343,5012.22,8756.22,0.4970000000000003,-0.000899281,1915.2,0.7760791366906475
1905.83,550.0,3.929,3.508,3989.912999999709,4940.31,8847.14,0.4209999999999998,-0.000899281,1907.9639999999767,0.7526978417266187
1891.08,608.0,3.976,3.498,4061.958999999799,4976.36,8915.58,0.4779999999999997,-0.000899281,1894.545999999988,0.7482014388489209
1830.94,563.0,3.962,3.507,3824.327999999746,4724.33,8599.39,0.455,-0.000899281,1835.2259999999765,0.7562949640287769
1908.0,624.0,3.983,3.471,4112.311999999918,5012.31,8648.31,0.512,-0.000899281,1908.0,0.75
1872.0,596.0,3.98,3.483,4004.3439999995753,4940.34,8648.34,0.4969999999999999,-0.000899281,1872.0,0.7526978417266187
1856.0,588.0,3.969,3.479,3939.5600000005215,4868.36,8713.31,0.4899999999999997,-0.000899281,1859.851999999977,0.7580935251798561
1919.56,622.0,3.98,3.472,4119.544000000693,5048.34,8567.36,0.508,-0.000899281,1922.612,0.7571942446043165
1851.14,516.0,3.931,3.519,3838.7120000002906,4760.31,8655.91,0.4119999999999999,-0.000899281,1856.31,0.7526978417266187
1886.5,594.0,3.974,3.487,4040.25,4976.25,8716.06,0.4870000000000001,-0.000899281,1888.5419999999765,0.7526978417266187
1898.59,616.0,3.974,3.472,4064.2659999998286,4976.27,8437.47,0.5020000000000002,-0.000899281,1902.828,0.7526978417266187
1918.5,544.0,3.925,3.511,4018.7253999998793,4976.34,8864.34,0.4139999999999997,-0.000899281,1920.2379999999769,0.7526978417266187
1907.58,636.0,3.981,3.464,4100.328999999911,5012.33,8503.24,0.5169999999999999,-0.000899281,1910.816,0.7526978417266187
1860.47,586.0,3.973,3.488,3950.3600000003353,4868.36,8538.62,0.4849999999999999,-0.000899281,1864.791999999977,0.7526978417266187
1905.16,550.0,3.929,3.508,3989.958999998868,4940.36,8860.33,0.4209999999999998,-0.000899281,1906.8279999999768,0.7517985611510791
1859.17,583.2000000001863,3.972,3.489,3944.219000000506,4868.22,8575.61,0.4830000000000001,-0.000899281,1862.821999999977,0.7517985611510791
1916.88,542.4000000003725,3.924,3.512,4011.466000000015,4976.27,8895.11,0.4119999999999999,-0.000899281,1919.2239999999765,0.7517985611510791
1908.0,614.4000000003725,3.973,3.478,4088.311999999918,5012.31,8684.31,0.4949999999999996,-0.000899281,1912.8,0.775179856
1906.17,634.4000000003725,3.981,3.464,4097.947200000286,5012.33,8504.03,0.5169999999999999,-0.000899281,1909.234,0.7517985611510791
1890.25,604.0,3.976,3.48,4054.758999999613,4976.36,8938.34,0.496,-0.000899281,1892.979999999988,0.7473021582733813
1829.12,562.4000000003725,3.962,3.507,3818.312,4724.31,8603.86,0.455,-0.000899281,1833.1339999999768,0.7553956834532374
1853.34,586.4000000003725,3.968,3.48,3932.3439999995753,4832.34,8705.62,0.488,-0.000899281,1857.7879999999764,0.7571942446043165
1896.58,617.5999999996275,3.974,3.473,4058.328999999911,4976.33,8448.27,0.5010000000000003,-0.000899281,1900.8,0.7517985611510791
1896.0,622.0,3.983,3.471,4105.143999999389,5012.34,8612.34,0.512,-0.000899281,1905.5999999999767,0.7491007194244604
1918.12,623.2000000001863,3.98,3.473,4118.359999999404,5048.36,8553.19,0.5070000000000001,-0.000899281,1920.996,0.7562949640287769
1872.0,594.0,3.98,3.482,3997.143999999389,4904.34,8648.38,0.4979999999999998,-0.000899281,1872.0,0.7517985611510791
1886.5,594.0,3.974,3.487,4040.3590000001714,4976.36,8726.19,0.4870000000000001,-0.000899281,1887.7179999999769,0.7517985611510791
1849.31,512.4000000003725,3.931,3.519,3830.359999999404,4760.36,8678.83,0.4119999999999999,-0.000899281,1853.848,0.7517985611510791
1852.28,582.4000000003725,3.969,3.48,3925.128000000492,4832.33,8695.3,0.4889999999999999,-0.000899281,1855.9319999999768,0.7562949640287769
1918.27,544.0,3.925,3.511,4011.56,4976.36,8878.05,0.4139999999999997,-0.000899281,1918.053999999977,0.7508992805755396
1860.0,593.0,3.98,3.483,3986.3600000003353,4904.36,8648.39,0.4969999999999999,-0.000899281,1869.5999999999767,0.7508992805755395
1905.5,620.0,3.983,3.472,4097.958999999799,5012.36,8612.36,0.5110000000000001,-0.000899281,1905.0999999999767,0.7482014388489209
1884.0,604.0,3.976,3.48,4052.219000000506,4976.22,8934.69,0.496,-0.000899281,1890.439999999988,0.7464028776978419
1916.39,619.2123999996111,3.98,3.473,4112.360000000335,5048.36,8557.92,0.5070000000000001,-0.000899281,1919.492,0.7553956834532374
1885.64,594.0,3.974,3.487,4040.327999999746,4976.33,8706.08,0.4870000000000001,-0.000899281,1886.8439999999769,0.7508992805755395
1908.0,610.4000000003725,3.973,3.479,4082.313000000082,5012.31,8695.27,0.4939999999999998,-0.000899281,1910.4,0.7742805755395683
1895.7,617.5999999996275,3.974,3.474,4052.343000000343,4976.34,8463.09,0.5,-0.000899281,1899.006,0.7508992805755395
1847.76,512.0,3.931,3.52,3824.313000000082,4760.31,8675.06,0.411,-0.000899281,1851.724,0.7508992805755395
1904.76,634.4000000003725,3.981,3.465,4090.743999999948,5012.34,8489.72,0.516,-0.000899281,1907.718,0.7508992805755395
1904.0,546.4000000003725,3.929,3.509,3982.775000000373,4940.38,8885.66,0.4199999999999999,-0.000899281,1905.7779999999768,0.7508992805755396
1826.92,562.0,3.962,3.508,3812.3899999996647,4724.39,8605.76,0.4540000000000002,-0.000899281,1830.9459999999767,0.7544964028776978
1858.27,583.2000000001863,3.973,3.489,3938.3899999996647,4868.39,8584.22,0.484,-0.000899281,1861.0419999999765,0.7508992805755396
1917.05,545.0,3.924,3.511,4011.4189999997616,4976.22,8865.02,0.4129999999999998,-0.000899281,1917.7019999999768,0.75
1894.59,542.0,3.926,3.508,3980.327999999746,4940.33,8869.86,0.4180000000000001,-0.000899281,1903.1919999999768,0.75
1824.0,560.0,3.962,3.508,3806.328000000678,4724.33,8605.19,0.4540000000000002,-0.000899281,1828.7719999999767,0.7535971223021583
1903.39,632.0,3.981,3.464,4088.3899999996647,5012.39,8493.0,0.5169999999999999,-0.000899281,1906.218,0.75
1856.52,584.0,3.972,3.489,3934.563000000082,4870.56,8539.94,0.4830000000000001,-0.000899281,1859.3859999999768,0.75
1873.23,582.0,3.973,3.487,4034.3600000003353,4976.36,8736.06,0.4859999999999997,-0.000899281,1883.761999999977,0.75
1908.0,612.7999999998137,3.973,3.479,4076.3600000003353,5012.36,8684.36,0.4939999999999998,-0.000899281,1908.0,0.7733812949640287
1846.41,512.0,3.932,3.521,3817.143999999389,4760.34,8643.09,0.411,-0.000899281,1849.7280000000003,0.75
1869.03,586.0,3.968,3.481,4040.327999999746,4976.33,8921.03,0.4870000000000001,-0.000899281,1885.3219999999883,0.7455035971223022
1914.77,620.0,3.979,3.473,4106.234999999404,5048.23,8537.67,0.5060000000000002,-0.000899281,1917.972,0.7544964028776978
1896.0,618.0,3.982,3.474,4090.729000000283,5012.33,8612.33,0.508,-0.000899281,1902.6999999999769,0.7473021582733813
1860.0,590.4000000003725,3.98,3.483,3982.760000000708,4904.36,8612.36,0.4969999999999999,-0.000899281,1867.1999999999769,0.75
1894.16,613.5999999996275,3.974,3.475,4046.25,4976.25,8465.25,0.4990000000000001,-0.000899281,1897.256,0.75
1851.11,584.0,3.969,3.481,3920.3439999995753,4832.34,8699.09,0.488,-0.000899281,1854.2699999999768,0.7553956834532374
1892.76,613.5999999996275,3.974,3.474,4040.359,4976.36,8416.89,0.5,-0.000899281,1895.558,0.7491007194244604
1855.0,581.5999999996275,3.972,3.489,3932.327999999746,4868.33,8521.86,0.4830000000000001,-0.000899281,1857.8859999999768,0.7491007194244604
1844.89,511.9896666668356,3.932,3.521,3812.328000000678,4760.33,8638.34,0.411,-0.000899281,1847.902,0.7491007194244604
1915.55,542.4000000003725,3.924,3.51,4011.5439999997616,4976.34,8851.16,0.4140000000000001,-0.000899281,1917.2499999999768,0.7491007194244604
1908.0,610.0,3.973,3.478,4076.297000000253,5012.3,8684.3,0.4949999999999996,-0.000899281,1908.0,0.7724820143884893
1901.98,632.7999999998137,3.981,3.465,4082.3439999995753,5012.34,8484.0,0.516,-0.000899281,1904.776,0.7491007194244604
1893.12,542.0,3.926,3.512,3946.713000000456,4904.31,8816.06,0.4140000000000001,-0.000899281,1900.5399999999768,0.7491007194244604
1824.55,560.0,3.962,3.509,3802.7430000007153,4724.34,8593.12,0.4530000000000003,-0.000899281,1827.1059999999768,0.7526978417266187
1913.31,621.5999999996275,3.98,3.474,4105.112999999896,5012.31,8547.91,0.5059999999999998,-0.000899281,1916.43,0.7535971223021584
1867.69,580.0,3.969,3.493,3974.344000000506,4904.34,8739.05,0.476,-0.000899281,1879.9119999999768,0.7491007194244604
1896.0,618.4000000003725,3.983,3.473,4088.375,5012.38,8612.38,0.5100000000000002,-0.000899281,1900.2999999999768,0.7464028776978419
1860.0,588.0,3.98,3.483,3980.3439999995753,4904.34,8648.34,0.4969999999999999,-0.000899281,1864.7999999999768,0.7491007194244604
1848.92,580.7999999998137,3.969,3.48,3917.947199999355,4832.33,8710.84,0.4889999999999999,-0.000899281,1852.3299999999767,0.7544964028776978
1866.81,588.0,3.968,3.49,3975.513000000268,4904.31,8894.3,0.4779999999999997,-0.000899281,1880.2339999999883,0.7446043165467626
1890.06,607.187,3.98,3.797,3969.375,4935.36,8568.95,0.1829999999999998,-0.000899281,1893.852,0.7482014388489209
1850.62,576.0,3.98,3.712,3850.375,4809.0,8669.81,0.2679999999999998,-0.000899281,1855.9159999999767,0.7482014388489209
1856.62,585.5940000005066,3.981,3.711,3850.3590000001714,4802.03,8768.73,0.27,-0.000899281,1852.4539999999768,0.7535971223021584
1912.0,617.5999999996275,3.979,3.473,4097.943999999203,5012.34,8552.03,0.5060000000000002,-0.000899281,1914.918,0.7526978417266187
1882.47,602.4060000004247,3.982,3.7,3934.3439999995753,4893.03,8932.19,0.282,-0.000899281,1878.5119999999883,0.7437050359712231
1875.78,592.7810000004247,3.993,3.795,3920.0,4865.0,8750.0,0.1979999999999999,-0.000899281,1865.5559999999764,0.7482014388489209
1899.88,626.4060000004247,3.988,3.708,4011.328000000678,4963.02,8596.16,0.2799999999999998,-0.000899281,1903.236,0.7482014388489209
1841.22,508.7819999996573,3.94,3.716,3731.327999999746,4703.98,8750.44,0.2239999999999997,-0.000899281,1845.918,0.7482014388489209
1905.59,604.812,3.981,3.796,4004.0,4963.0,8736.0,0.185,-0.000899281,1907.518,0.7715827338129496
1900.78,615.6095000002533,3.992,3.793,4024.9840000001714,4970.02,8722.02,0.1989999999999998,-0.000899281,1898.8559999999768,0.7455035971223022
1823.69,560.0,3.962,3.508,3800.3600000003353,4724.36,8594.09,0.4540000000000002,-0.000899281,1825.6559999999763,0.7517985611510791
1906.34,547.188,3.941,3.81,3912.969000000506,4886.0,8883.84,0.1309999999999997,-0.000899281,1900.6419999999769,0.7482014388489209
1873.03,583.2189999995753,3.981,3.706,3920.343000000343,4893.01,8791.59,0.2749999999999999,-0.000899281,1877.2179999999769,0.7482014388489209
1922.5,547.188,3.939,3.707,3962.2810000004247,4942.0,8954.34,0.2320000000000002,-0.000899281,1918.0499999999768,0.7482014388489209
1858.78,584.0,3.969,3.794,3860.2189999995753,4796.22,8765.59,0.1749999999999998,-0.000899281,1853.5419999999765,0.7526978417266187
1828.44,566.375,3.971,3.71,3724.311999998986,4676.0,8714.01,0.2610000000000001,-0.000899281,1825.5199999999768,0.7508992805755395
1872.0,592.0,3.981,3.789,3932.313000000082,4868.31,8684.31,0.1919999999999997,-0.000899281,1865.5559999999764,0.7473021582733813
1884.0,602.0,3.974,3.789,3961.137800000608,4904.34,8953.34,0.185,-0.000899281,1877.2619999999883,0.7428057553956835
1902.09,626.0,3.977,3.789,3982.743999999948,4940.34,8582.53,0.1879999999999997,-0.000899281,1902.42,0.7473021582733813
1910.05,620.0,3.979,3.474,4090.744000000879,5012.34,8519.27,0.5049999999999999,-0.000899281,1913.304,0.7517985611510791
1855.81,578.3751999996603,3.969,3.797,3817.112999999896,4760.31,8623.22,0.1719999999999997,-0.000899281,1855.2439999999765,0.7473021582733813
1908.0,605.5999999996275,3.97,3.791,3989.943999999203,4940.34,8684.34,0.1790000000000002,-0.000899281,1907.518,0.770683453
1888.44,593.5999999996275,3.973,3.79,3932.25,4904.25,8768.66,0.1829999999999998,-0.000899281,1877.6059999999768,0.7473021582733813
1921.44,542.0,3.924,3.802,3968.311999999918,4940.31,8958.41,0.1219999999999998,-0.000899281,1918.9619999999768,0.7473021582733813
1893.38,611.2000000001863,3.969,3.793,3939.543000000529,4904.34,8532.12,0.1759999999999997,-0.000899281,1893.212,0.7473021582733813
1908.94,548.0,3.928,3.802,3932.344000000506,4904.34,8901.41,0.1259999999999999,-0.000899281,1901.3979999999767,0.7473021582733813
1847.88,508.0,3.928,3.811,3701.912999999709,4652.31,8779.03,0.1169999999999999,-0.000899281,1845.632,0.7473021582733813
1896.0,616.7999999998137,3.98,3.788,4018.7120000002906,4940.31,8720.31,0.1920000000000001,-0.000899281,1898.8559999999768,0.7446043165467626
1895.88,616.0,3.972,3.478,4040.375,4976.34,8453.12,0.4939999999999998,-0.000899281,1893.248,0.7464028776978417
1918.97,543.0,3.925,3.511,4022.313000000082,4976.31,8917.03,0.4139999999999997,-0.000899281,1919.101999999977,0.7464028776978419
1906.12,546.0,3.928,3.508,3997.143999999389,4940.34,8863.47,0.4199999999999999,-0.000899281,1901.8219999999765,0.7464028776978419
1856.47,580.0,3.971,3.494,3926.3439999995753,4868.34,8587.47,0.4769999999999998,-0.000899281,1854.8839999999768,0.7464028776978419
1845.31,509.0,3.93,3.523,3817.111999999732,4760.31,8696.75,0.407,-0.000899281,1845.1420000000005,0.7464028776978417
1887.72,595.2000000001863,3.974,3.488,4040.344000000506,4976.34,8750.31,0.4860000000000002,-0.000899281,1878.0219999999767,0.7464028776978417
1908.97,620.0,3.979,3.475,4088.343000000343,5012.34,8513.31,0.504,-0.000899281,1911.82,0.7508992805755396
1908.0,606.0,3.97,3.483,4070.313000000082,5012.31,8684.31,0.4870000000000001,-0.000899281,1907.518,0.7697841726618705
1834.0,568.0,3.96,3.8,3728.313000000082,4652.31,8691.03,0.1600000000000001,-0.000899281,1826.9359999999767,0.75
1903.28,628.7999999998137,3.979,3.47,4076.3439999995753,5012.34,8516.5,0.5089999999999999,-0.000899281,1902.124,0.7464028776978417
1896.0,614.0,3.98,3.476,4094.311999999918,5012.31,8648.31,0.504,-0.000899281,1896.955999999977,0.7437050359712231
1872.0,590.4000000003725,3.98,3.484,3998.313000000082,4904.31,8684.31,0.496,-0.000899281,1867.9559999999765,0.7464028776978417
1888.53,604.0,3.975,3.483,4058.2189999995753,4976.22,8895.72,0.492,-0.000899281,1878.1679999999883,0.7419064748201438
1853.44,584.0,3.968,3.48,3939.544000000693,4868.34,8723.47,0.488,-0.000899281,1853.773999999977,0.7517985611510791
1912.25,536.7999999998137,3.924,3.513,4011.5439999997616,4976.34,8896.0,0.411,-0.000899281,1918.1419999999769,0.7455035971223022
1908.06,616.0,3.979,3.475,4085.700000000186,5014.5,8529.51,0.504,-0.000899281,1910.478,0.75
1829.66,564.0,3.961,3.509,3831.575000000186,4724.38,8647.09,0.4519999999999999,-0.000899281,1828.0679999999768,0.7491007194244604
1885.41,602.0,3.974,3.483,4052.3439999995753,4976.34,8875.06,0.4910000000000001,-0.000899281,1881.443999999988,0.7410071942446044
1855.31,580.0,3.971,3.491,3925.2060000002384,4868.41,8540.41,0.48,-0.000899281,1854.6419999999769,0.7455035971223022
1908.0,608.0,3.972,3.482,4064.344000000506,4976.34,8648.34,0.4899999999999997,-0.000899281,1907.518,0.7688848920863309
1901.06,544.0,3.927,3.509,3989.9936000006273,4940.38,8886.62,0.4180000000000001,-0.000899281,1903.1159999999768,0.7455035971223022
1885.66,595.2000000001863,3.975,3.488,4040.375,4976.38,8775.44,0.4870000000000001,-0.000899281,1880.5079999999768,0.7455035971223022
1846.91,508.0,3.931,3.523,3802.637600000016,4724.25,8683.03,0.4079999999999999,-0.000899281,1845.242,0.7455035971223022
1896.0,620.0,3.982,3.475,4088.344000000506,5012.34,8684.34,0.5070000000000001,-0.000899281,1896.955999999977,0.7428057553956835
1893.66,612.0,3.972,3.476,4040.375,4976.38,8453.06,0.496,-0.000899281,1893.148,0.7455035971223022
1852.0,580.0,3.969,3.482,3925.143999999389,4832.34,8726.5,0.4869999999999996,-0.000899281,1853.9519999999768,0.7508992805755396
1902.12,628.7999999998137,3.98,3.468,4076.313000000082,5012.31,8508.53,0.512,-0.000899281,1901.87,0.7455035971223022
1860.0,589.0,3.98,3.486,3986.375,4904.38,8648.38,0.4939999999999998,-0.000899281,1867.9559999999765,0.7455035971223022
1896.0,618.4000000003725,3.982,3.474,4090.775000000373,5012.38,8648.38,0.508,-0.000899281,1896.955999999977,0.7419064748201438
1881.91,600.7999999998137,3.973,3.483,4040.3439999995753,4976.34,8896.91,0.4899999999999997,-0.000899281,1884.4639999999883,0.7401079136690647
1912.56,540.7999999998137,3.924,3.514,3989.943999999203,4940.34,8889.88,0.4100000000000001,-0.000899281,1917.543999999977,0.7446043165467626
1846.25,511.0,3.931,3.521,3817.143000000157,4760.34,8657.81,0.4100000000000001,-0.000899281,1845.514,0.7446043165467626
1898.16,542.0,3.927,3.511,3968.343000000343,4904.34,8863.72,0.4159999999999999,-0.000899281,1904.1239999999768,0.7446043165467626
1855.59,580.0,3.973,3.491,3925.143000000157,4868.34,8567.0,0.4819999999999997,-0.000899281,1854.7599999999768,0.7446043165467626
1894.47,616.0,3.974,3.476,4040.311999999918,4976.31,8471.97,0.4980000000000002,-0.000899281,1893.49,0.7446043165467626
1827.0,562.0,3.96,3.511,3817.111999999732,4724.31,8603.72,0.4489999999999998,-0.000899281,1828.5579999999768,0.7482014388489209
1906.72,616.0,3.979,3.475,4082.344000000506,5012.34,8489.94,0.504,-0.000899281,1909.16,0.7491007194244604
1881.75,593.5999999996275,3.974,3.488,4028.375,4976.38,8722.72,0.4860000000000002,-0.000899281,1883.3199999999767,0.7446043165467626
1850.5,580.0,3.968,3.482,3920.375,4832.38,8715.06,0.4859999999999997,-0.000899281,1854.2679999999768,0.75
1860.0,589.0,3.98,3.485,3982.743999999948,4904.34,8648.34,0.4950000000000001,-0.000899281,1867.9559999999765,0.7446043165467626
1902.0,630.4000000003725,3.981,3.467,4076.344000000506,5012.34,8512.0,0.5139999999999998,-0.000899281,1901.874,0.7446043165467626
1908.0,608.0,3.971,3.481,4070.311999999918,5012.31,8648.31,0.4900000000000002,-0.000899281,1907.518,0.7679856115107914
1893.38,612.0,3.974,3.475,4040.311999999918,4976.31,8481.03,0.4990000000000001,-0.000899281,1894.154,0.743705036
1826.06,560.7999999998137,3.961,3.51,3812.343000000343,4724.34,8621.91,0.451,-0.000899281,1829.0319999999767,0.7473021582733813
1879.28,598.0,3.973,3.484,4033.143999999389,4976.34,8866.91,0.4889999999999999,-0.000899281,1883.8259999999889,0.739208633
1879.66,590.0106666665524,3.974,3.489,4016.313000000082,4940.31,8771.66,0.4850000000000003,-0.000899281,1884.6459999999763,0.743705036
1848.62,582.0,3.968,3.483,3914.3439999995753,4832.34,8681.69,0.4849999999999999,-0.000899281,1852.6679999999767,0.7491007194244604
1896.0,616.7999999998137,3.982,3.474,4088.343000000343,5012.34,8576.34,0.508,-0.000899281,1896.0,0.7410071942446044
1853.59,581.5999999996275,3.972,3.49,3920.344000000506,4832.34,8545.12,0.4819999999999997,-0.000899281,1855.3539999999768,0.7437050359712231
1896.0,605.5999999996275,3.972,3.481,4069.111999999732,5012.31,8648.31,0.4910000000000001,-0.000899281,1905.6,0.7670863309352518
1893.78,540.0,3.926,3.511,3953.912999999709,4904.31,8839.25,0.415,-0.000899281,1901.611999999977,0.7437050359712231
1911.34,540.7999999998137,3.923,3.513,3989.849999999628,4940.25,8885.28,0.4100000000000001,-0.000899281,1915.311999999977,0.7437050359712231
1900.69,630.4000000003725,3.981,3.467,4076.406999999657,5012.41,8506.97,0.5139999999999998,-0.000899281,1902.036,0.743705036
1860.0,588.7999999998137,3.98,3.486,3975.544000000693,4904.34,8612.34,0.4939999999999998,-0.000899281,1864.7999999999768,0.743705036
1904.0,609.5930000003427,3.987,3.712,4011.202999999746,4970.02,8630.66,0.2749999999999999,-0.000899281,1907.56,0.7482014388489209
1843.84,508.0,3.931,3.521,3809.9119999995455,4760.31,8647.47,0.4100000000000001,-0.000899281,1846.038,0.743705036
1896.0,604.0,3.971,3.482,4058.3439999995753,4976.34,8648.34,0.4889999999999999,-0.000899281,1903.2,0.7661870503597122
1841.31,507.0,3.931,3.523,3802.744000000879,4724.34,8650.38,0.4079999999999999,-0.000899281,1844.724,0.7428057553956835
1890.44,613.5999999996275,3.974,3.475,4034.375,4940.38,8472.38,0.4990000000000001,-0.000899281,1893.566,0.7428057553956835
1910.12,540.0,3.923,3.513,3989.818,4940.22,8878.81,0.4100000000000001,-0.000899281,1913.0479999999768,0.7428057553956835
1897.41,628.7999999998137,3.981,3.467,4069.1058000000194,4976.28,8501.06,0.5139999999999998,-0.000899281,1901.1,0.7428057553956835
1849.72,580.0,3.972,3.49,3914.343000000343,4832.34,8526.69,0.4819999999999997,-0.000899281,1854.1359999999768,0.7428057553956835
1892.31,541.5999999996275,3.926,3.512,3946.743999999948,4904.34,8889.78,0.4140000000000001,-0.000899281,1898.2859999999769,0.7428057553956835
1877.72,589.0,3.975,3.49,4004.188000000082,4940.19,8765.19,0.4849999999999999,-0.000899281,1882.5019999999768,0.7428057553956835
1898.94,614.0,3.981,3.495,4076.313000000082,4976.31,8612.31,0.4859999999999997,-0.000899281,1896.5879999999763,0.7401079136690647
1907.16,611.2000000001863,3.976,3.789,3982.7120000002906,4940.31,8589.75,0.1869999999999998,-0.000899281,1906.982,0.7473021582733813
1860.0,586.0,3.98,3.485,3968.313000000082,4868.31,8648.31,0.4950000000000001,-0.000899281,1862.399999999977,0.7428057553956835
1877.47,595.2000000001863,3.972,3.485,4025.9119999995455,4940.31,8935.66,0.4870000000000001,-0.000899281,1882.5199999999884,0.7383093525179856
1824.22,561.0,3.96,3.509,3806.3439999995753,4724.34,8603.59,0.451,-0.000899281,1828.187999999977,0.7464028776978417
1846.19,579.2000000001863,3.968,3.482,3908.219000000506,4832.22,8735.31,0.4859999999999997,-0.000899281,1850.149999999977,0.7482014388489209
1896.0,612.0,3.981,3.476,4069.1749999998137,4976.38,8612.38,0.5049999999999999,-0.000899281,1896.5879999999763,0.739208633
1872.0,593.0,3.972,3.486,4018.743999999948,4940.34,8873.75,0.4859999999999997,-0.000899281,1879.2139999999883,0.737410072
1895.97,600.0,3.97,3.483,4047.5439999997616,4976.34,8612.34,0.4870000000000001,-0.000899281,1900.794,0.7652877697841728
1889.41,538.0,3.926,3.513,3939.5439999997616,4868.34,8820.38,0.4130000000000002,-0.000899281,1894.9439999999763,0.7419064748201438
1894.84,625.2000000001863,3.98,3.468,4058.311999999918,4976.31,8489.47,0.512,-0.000899281,1899.412,0.7419064748201439
1838.09,506.0,3.93,3.522,3788.375,4724.38,8628.94,0.4080000000000003,-0.000899281,1843.28,0.7419064748201439
1887.62,612.0,3.974,3.475,4025.912999999709,4940.31,8459.34,0.4990000000000001,-0.000899281,1891.914,0.7419064748201439
1875.47,588.0,3.975,3.491,3998.375,4940.38,8744.94,0.484,-0.000899281,1880.0519999999767,0.7419064748201439
1847.78,576.0,3.972,3.493,3903.575000000186,4832.38,8549.47,0.4790000000000001,-0.000899281,1852.3979999999767,0.7419064748201438
1821.28,560.0,3.96,3.51,3795.5439999997616,4724.34,8597.84,0.4500000000000002,-0.000899281,1825.643999999977,0.7455035971223022
1908.06,614.4000000003725,3.978,3.48,4076.311999999918,5012.31,8566.0,0.4980000000000002,-0.000899281,1906.8,0.7464028776978419
1841.12,576.0,3.966,3.484,3896.2189999995753,4796.22,8650.72,0.4820000000000002,-0.000899281,1847.6859999999767,0.7473021582733813
1909.03,538.0,3.923,3.514,3982.744000000879,4940.34,8880.47,0.4090000000000002,-0.000899281,1911.0599999999763,0.7419064748201438
1848.0,584.0,3.978,3.487,3956.375,4868.38,8648.38,0.4910000000000001,-0.000899281,1857.5999999999767,0.7419064748201439
1816.22,554.0,3.96,3.51,3788.375,4688.38,8593.78,0.4500000000000002,-0.000899281,1822.955999999977,0.7446043165467626
1889.16,538.0,3.927,3.514,3939.5439999997616,4868.34,8839.25,0.4130000000000002,-0.000899281,1892.5639999999769,0.7410071942446044
1836.41,506.0,3.93,3.523,3781.143000000157,4724.34,8622.03,0.407,-0.000899281,1841.18,0.7410071942446044
1886.31,612.0,3.973,3.476,4016.343000000343,4940.34,8436.34,0.4969999999999999,-0.000899281,1890.444,0.7410071942446044
1908.34,614.4000000003725,3.978,3.478,4076.343000000343,5012.34,8534.06,0.5,-0.000899281,1906.856,0.7455035971223022
1873.88,583.9680000003427,3.975,3.49,3989.943,4940.34,8761.38,0.4849999999999999,-0.000899281,1877.6959999999767,0.7410071942446044
1845.81,578.0,3.971,3.492,3896.343000000343,4832.34,8536.81,0.4790000000000001,-0.000899281,1850.4979999999769,0.7410071942446044
1893.53,625.2000000001863,3.981,3.47,4047.5439999997616,4976.34,8492.97,0.5109999999999997,-0.000899281,1897.694,0.7410071942446044
1907.53,538.0,3.924,3.513,3982.7430000007153,4940.34,8867.84,0.411,-0.000899281,1910.1159999999768,0.7410071942446044
1848.0,580.0,3.978,3.488,3944.344000000506,4868.34,8612.34,0.4900000000000002,-0.000899281,1855.1999999999769,0.7410071942446044
1884.0,613.5999999996275,3.981,3.477,4061.974999999628,4976.38,8576.38,0.504,-0.000899281,1894.1879999999765,0.7383093525179856
1896.0,602.0,3.97,3.484,4046.375,4976.38,8648.38,0.4860000000000002,-0.000899281,1898.394,0.7643884892086331
1838.69,575.0,3.965,3.484,3884.3439999995753,4796.34,8686.38,0.4809999999999998,-0.000899281,1845.023999999977,0.7464028776978419
1873.78,593.5999999996275,3.972,3.486,4016.311999999918,4940.31,8867.41,0.4859999999999997,-0.000899281,1876.8879999999888,0.7365107913669064
1871.62,592.0,3.972,3.486,4004.2810000004247,4940.28,8863.06,0.4859999999999997,-0.000899281,1874.8299999999883,0.7356115107913669
1891.5,624.0,3.98,3.469,4046.343000000343,4976.34,8489.69,0.5110000000000001,-0.000899281,1895.594,0.7401079136690647
1814.12,556.0,3.96,3.511,3766.713000000456,4688.31,8595.88,0.4489999999999998,-0.000899281,1820.3799999999767,0.743705036
1884.0,609.5999999996275,3.98,3.477,4054.7430000007153,4976.34,8612.34,0.5030000000000001,-0.000899281,1891.7879999999764,0.737410072
1848.0,582.0,3.978,3.489,3932.313000000082,4832.31,8648.31,0.4890000000000003,-0.000899281,1852.7999999999768,0.7401079136690647
1837.03,574.0,3.966,3.486,3874.807,4796.41,8652.84,0.48,-0.000899281,1842.3299999999767,0.7455035971223022
1896.0,598.4000000003725,3.97,3.483,4040.3439999995753,4976.34,8648.34,0.4870000000000001,-0.000899281,1895.994,0.7634892086330936
1843.88,574.0,3.972,3.493,3890.3439999995753,4832.34,8539.09,0.4790000000000001,-0.000899281,1848.1559999999763,0.7401079136690647
1884.16,610.0,3.973,3.476,4011.513000000268,4940.31,8445.31,0.4969999999999999,-0.000899281,1888.382,0.7401079136690647
1908.62,616.0,3.979,3.477,4082.375,5012.38,8532.47,0.5020000000000002,-0.000899281,1907.236,0.7446043165467626
1872.0,586.0,3.975,3.491,3986.375,4940.38,8748.28,0.484,-0.000899281,1875.745999999977,0.7401079136690647
1834.84,505.0,3.929,3.523,3773.974999999628,4724.38,8624.31,0.4059999999999997,-0.000899281,1838.898,0.7401079136690647
1886.47,537.0,3.926,3.513,3932.311999999918,4868.31,8847.62,0.4130000000000002,-0.000899281,1890.225999999977,0.7401079136690647
1904.81,538.0,3.923,3.514,3975.575000000186,4940.38,8887.19,0.4090000000000002,-0.000899281,1908.5659999999768,0.7401079136690647
1842.5,574.0,3.971,3.493,3881.944000000134,4796.34,8548.59,0.4780000000000002,-0.000899281,1845.9379999999765,0.739208633
1896.0,600.0,3.97,3.485,4034.186999999918,4976.19,8612.19,0.4850000000000003,-0.000899281,1895.994,0.762589928
1833.28,504.0,3.93,3.523,3766.7120000002906,4688.31,8633.38,0.407,-0.000899281,1836.786,0.7392086330935251
1811.41,552.0,3.959,3.512,3759.575000000186,4652.38,8588.16,0.447,-0.000899281,1817.4499999999769,0.7428057553956835
1885.81,540.0,3.927,3.513,3925.143000000157,4868.34,8822.5,0.4140000000000001,-0.000899281,1888.6319999999769,0.739208633
1907.03,616.0,3.979,3.476,4076.313000000082,5012.31,8545.47,0.5030000000000001,-0.000899281,1907.842,0.7437050359712231
1869.56,582.4000000003725,3.974,3.491,3980.311999999918,4904.31,8750.75,0.4830000000000001,-0.000899281,1873.725999999977,0.7392086330935251
1883.03,610.4000000003725,3.973,3.476,4004.344000000506,4940.34,8445.28,0.4969999999999999,-0.000899281,1886.312,0.7392086330935251
1902.62,535.2000000001863,3.924,3.533,3968.2810000004247,4940.28,8887.09,0.391,-0.000899281,1906.821999999977,0.739208633
1848.0,582.0,3.979,3.489,3932.311999999918,4832.31,8612.31,0.4900000000000002,-0.000899281,1850.399999999977,0.7392086330935251
1884.0,610.0,3.981,3.478,4054.5939999995753,4978.59,8578.59,0.5029999999999997,-0.000899281,1889.3879999999765,0.7365107913669064
1869.31,592.0,3.972,3.487,4004.311999999918,4940.31,8820.28,0.4849999999999999,-0.000899281,1872.8359999999884,0.7347122302158273
1890.5,624.0,3.98,3.47,4040.3439999995753,4976.34,8512.69,0.5099999999999998,-0.000899281,1893.556,0.7392086330935251
1837.16,573.0,3.967,3.485,3872.333666667342,4796.31,8640.09,0.4820000000000002,-0.000899281,1840.0379999999768,0.7446043165467626
1881.59,608.0,3.972,3.476,4004.313000000082,4940.31,8442.31,0.496,-0.000899281,1884.542,0.7383093525179856
1834.66,576.0,3.966,3.485,3872.313000000082,4796.31,8676.28,0.4810000000000003,-0.000899281,1837.7319999999768,0.7437050359712231
1883.94,612.0,3.98,3.477,4046.2810000004247,4976.28,8576.28,0.5030000000000001,-0.000899281,1886.3879999999767,0.7356115107913669
1841.41,574.0,3.972,3.493,3878.2810000004247,4796.28,8544.66,0.4790000000000001,-0.000899281,1844.2759999999769,0.7383093525179856
1889.5,625.5999999996275,3.98,3.47,4034.311999999918,4976.31,8491.72,0.5099999999999998,-0.000899281,1891.974,0.7383093525179856
1868.44,590.0,3.971,3.487,3992.343000000343,4904.34,8864.34,0.484,-0.000899281,1871.0299999999884,0.7338129496402878
1848.0,578.4000000003725,3.977,3.488,3932.3439999995753,4832.34,8576.34,0.4889999999999999,-0.000899281,1848.0,0.7383093525179856
1813.31,556.0,3.961,3.512,3752.3439999995753,4652.34,8604.03,0.4489999999999998,-0.000899281,1815.2679999999768,0.7419064748201439
1884.0,596.0,3.97,3.485,4033.2999999998137,4976.5,8612.5,0.4850000000000003,-0.000899281,1893.594,0.7616906474820144
1899.88,536.0,3.923,3.515,3968.311999999918,4904.31,8879.5,0.4079999999999999,-0.000899281,1904.7739999999765,0.7383093525179856
1903.66,614.4000000003725,3.979,3.476,4070.344000000506,5012.34,8523.25,0.5030000000000001,-0.000899281,1907.142,0.7428057553956835
1867.25,583.7999999998137,3.974,3.492,3968.313000000082,4904.31,8726.31,0.4820000000000002,-0.000899281,1871.6319999999769,0.7383093525179856
1831.44,504.0,3.93,3.524,3764.313000000082,4688.31,8588.22,0.4060000000000001,-0.000899281,1834.812,0.7383093525179856
1883.81,536.0,3.926,3.514,3925.1749999998137,4868.38,8826.34,0.4120000000000003,-0.000899281,1886.9319999999768,0.7383093525179856
1848.0,582.0,3.978,3.489,3920.344000000506,4832.34,8612.34,0.4890000000000003,-0.000899281,1848.0,0.737410072
1835.16,574.0,3.966,3.486,3860.311999999918,4760.31,8675.0,0.48,-0.000899281,1836.5399999999768,0.7428057553956835
1884.0,596.7999999998137,3.97,3.485,4025.912999999709,4940.31,8576.31,0.4850000000000003,-0.000899281,1891.2,0.7607913669064749
1884.0,608.0,3.979,3.478,4046.405999999493,4976.41,8576.41,0.5009999999999999,-0.000899281,1883.9879999999769,0.7347122302158273
1839.19,572.0,3.972,3.513,3872.375,4796.38,8532.88,0.4590000000000001,-0.000899281,1842.5579999999768,0.737410072
1809.34,552.0,3.96,3.512,3758.3439999995753,4652.34,8594.47,0.4479999999999999,-0.000899281,1812.8799999999767,0.7410071942446044
1879.22,535.0,3.925,3.514,3917.912999999709,4868.31,8803.44,0.411,-0.000899281,1884.893999999977,0.737410072
1865.66,583.2000000001863,3.973,3.493,3961.112999999896,4904.31,8742.69,0.48,-0.000899281,1869.6699999999769,0.737410072
1829.5,502.0,3.929,3.524,3759.5439999997616,4688.34,8624.0,0.4049999999999998,-0.000899281,1833.094,0.737410072
1895.47,532.0,3.922,3.516,3953.943999999203,4904.34,8877.69,0.4060000000000001,-0.000899281,1902.0619999999767,0.737410072
1900.97,612.0,3.978,3.478,4061.9119999995455,4976.31,8496.94,0.5,-0.000899281,1905.724,0.7419064748201438
1866.22,592.0,3.971,3.487,3986.3439999995753,4904.34,8816.84,0.484,-0.000899281,1869.873999999988,0.7329136690647482
1887.72,621.5999999996275,3.98,3.47,4033.143999999389,4940.34,8490.06,0.5099999999999998,-0.000899281,1890.55,0.737410072
1879.66,610.0,3.972,3.476,3997.018000000157,4940.22,8450.81,0.496,-0.000899281,1882.95,0.737410072
1837.56,572.7999999998137,3.971,3.493,3867.4189999997616,4796.22,8542.16,0.4780000000000002,-0.000899281,1840.907999999977,0.7365107913669064
1884.0,610.0,3.979,3.477,4034.375,4940.38,8576.38,0.5020000000000002,-0.000899281,1883.9879999999769,0.7338129496402878
1877.38,607.2000000001863,3.972,3.477,3989.9119999995455,4904.31,8416.88,0.4950000000000001,-0.000899281,1881.164,0.7365107913669064
1864.09,580.0,3.973,3.492,3956.375,4904.38,8725.69,0.4809999999999998,-0.000899281,1867.7119999999768,0.7365107913669064
1806.72,551.0,3.959,3.512,3745.144,4652.34,8577.91,0.447,-0.000899281,1810.9799999999768,0.7401079136690647
1826.47,502.0,3.929,3.524,3752.375,4688.38,8606.5,0.4049999999999998,-0.000899281,1831.106,0.7365107913669064
1892.16,532.0,3.921,3.516,3932.3439999995753,4868.34,8890.38,0.4049999999999998,-0.000899281,1898.9879999999764,0.7365107913669064
1860.0,588.0,3.97,3.487,3982.7430000007153,4904.34,8828.34,0.4830000000000001,-0.000899281,1867.1179999999883,0.7320143884892085
1885.97,620.0,3.98,3.469,4025.944000000134,4940.34,8484.88,0.5110000000000001,-0.000899281,1889.038,0.7365107913669064
1848.0,578.4000000003725,3.977,3.489,3925.143999999389,4832.34,8612.34,0.488,-0.000899281,1848.0,0.7365107913669064
1879.09,534.4000000003725,3.926,3.515,3903.544000000693,4832.34,8825.72,0.411,-0.000899281,1882.8799999999767,0.7365107913669064
1884.0,594.0,3.969,3.485,4022.311999999918,4940.31,8648.31,0.484,-0.000899281,1888.8,0.7598920863309353
1833.31,576.0,3.966,3.486,3866.311999999918,4796.31,8652.16,0.48,-0.000899281,1835.4639999999767,0.7419064748201438
1900.5,612.0,3.979,3.478,4054.6180000007153,4976.22,8533.19,0.5009999999999999,-0.000899281,1904.156,0.7410071942446044
1862.75,580.0,3.973,3.492,3950.313000000082,4904.31,8697.62,0.4809999999999998,-0.000899281,1865.861999999977,0.7356115107913668
1836.0,576.0,3.976,3.488,3920.280999999493,4832.28,8576.28,0.488,-0.000899281,1845.5999999999767,0.7356115107913668
1875.38,605.5999999996275,3.972,3.478,3982.618999999948,4904.22,8444.44,0.4939999999999998,-0.000899281,1879.408,0.7356115107913668
1826.34,569.5999999996275,3.964,3.486,3860.3439999995753,4760.34,8657.25,0.4779999999999997,-0.000899281,1833.3259999999768,0.7410071942446044
1864.44,588.7999999998137,3.97,3.487,3980.3439999995753,4904.34,8861.78,0.4830000000000001,-0.000899281,1865.6819999999884,0.7311151079136691
1898.62,608.0,3.979,3.479,4052.375,4976.38,8546.41,0.5,-0.000899281,1902.156,0.7401079136690647
1835.5,570.0,3.971,3.493,3860.3439999995753,4796.34,8547.66,0.4780000000000002,-0.000899281,1839.2319999999768,0.7356115107913669
1884.28,622.0,3.979,3.47,4018.7430000007153,4940.34,8492.34,0.5089999999999999,-0.000899281,1887.594,0.7356115107913668
1884.0,606.4000000003725,3.979,3.477,4028.311999999918,4940.31,8576.31,0.5020000000000002,-0.000899281,1883.9879999999769,0.7329136690647482
1806.09,554.0,3.96,3.512,3740.375,4652.38,8575.41,0.4479999999999999,-0.000899281,1809.3739999999768,0.7392086330935251
1891.66,532.0,3.921,3.518,3923.343000000343,4868.34,8869.16,0.403,-0.000899281,1896.357999999977,0.7356115107913669
1884.0,595.2000000001863,3.969,3.485,4016.375,4940.38,8648.38,0.484,-0.000899281,1886.4,0.7589928057553956
1824.62,500.0,3.929,3.525,3740.375,4688.38,8588.44,0.4039999999999999,-0.000899281,1829.062,0.7356115107913668
1877.69,532.0,3.926,3.515,3903.4189999997616,4832.22,8814.88,0.411,-0.000899281,1881.1239999999768,0.7356115107913669
1896.72,608.7999999998137,3.979,3.479,4046.311999999918,4976.31,8509.81,0.5,-0.000899281,1900.0940000000005,0.739208633
1836.0,577.2000000001863,3.976,3.49,3902.375,4832.38,8576.38,0.4859999999999997,-0.000899281,1843.1999999999769,0.7347122302158273
1890.12,529.7999999998137,3.921,3.517,3923.311999999918,4868.31,8863.19,0.4039999999999999,-0.000899281,1893.857999999977,0.7347122302158273
1804.03,550.4000000003725,3.96,3.513,3737.974999999628,4652.38,8572.56,0.447,-0.000899281,1807.8979999999767,0.7383093525179856
1833.75,572.0,3.971,3.495,3854.313000000082,4796.31,8533.94,0.476,-0.000899281,1837.4819999999768,0.7347122302158273
1823.16,500.1428571427241,3.929,3.525,3737.9119999995455,4652.31,8598.38,0.4039999999999999,-0.000899281,1827.038,0.7347122302158273
1882.56,618.4000000003725,3.979,3.47,4011.5439999997616,4940.34,8488.06,0.5089999999999999,-0.000899281,1886.006,0.7347122302158273
1884.19,608.0,3.979,3.478,4025.9306000005454,4940.31,8540.31,0.5009999999999999,-0.000899281,1884.0259999999769,0.7320143884892085
1824.0,568.0,3.965,3.487,3836.4060000004247,4760.41,8610.41,0.4779999999999997,-0.000899281,1830.6939999999763,0.7401079136690647
1873.5,605.5999999996275,3.972,3.478,3974.375,4904.38,8433.88,0.4939999999999998,-0.000899281,1877.502,0.7347122302158273
1860.78,579.5999999996275,3.973,3.492,3946.7120000002906,4868.31,8713.47,0.4809999999999998,-0.000899281,1864.1059999999768,0.7347122302158273
1863.75,590.0,3.97,3.489,3975.513000000268,4904.31,8883.28,0.4810000000000003,-0.000899281,1864.5699999999883,0.7302158273381295
1875.31,532.7999999998137,3.926,3.515,3896.313000000082,4832.31,8784.72,0.411,-0.000899281,1879.0239999999765,0.7347122302158273
1884.0,593.02325,3.97,3.485,4011.513000000268,4940.31,8612.31,0.4850000000000003,-0.000899281,1884.0,0.7580935251798561
1872.0,604.7999999998137,3.979,3.478,4018.713000000456,4940.31,8540.31,0.5009999999999999,-0.000899281,1881.6379999999765,0.7311151079136691
1880.88,618.4000000003725,3.979,3.47,4004.343000000343,4940.34,8475.12,0.5089999999999999,-0.000899281,1884.282,0.7338129496402878
1877.06,532.0,3.926,3.516,3889.1749999998137,4832.38,8825.84,0.4100000000000001,-0.000899281,1877.6739999999768,0.7338129496402878
1872.31,605.5999999996275,3.971,3.479,3968.436999999918,4904.44,8460.81,0.492,-0.000899281,1875.646,0.7338129496402878
1821.81,500.1428571427241,3.929,3.526,3730.6180000007153,4652.22,8578.78,0.403,-0.000899281,1825.112,0.7338129496402878
1895.94,608.7999999998137,3.978,3.479,4040.375,4976.38,8536.88,0.4990000000000001,-0.000899281,1898.55,0.7383093525179856
1863.69,588.7999999998137,3.97,3.487,3974.343000000343,4904.34,8882.03,0.4830000000000001,-0.000899281,1863.6199999999883,0.729316547
1884.0,593.5999999996275,3.969,3.487,4010.5,4940.5,8612.5,0.4819999999999997,-0.000899281,1884.0,0.7571942446043165
1824.09,566.0,3.965,3.488,3836.311999999918,4760.31,8637.25,0.4769999999999998,-0.000899281,1828.5799999999767,0.739208633
1859.38,578.0,3.973,3.493,3939.512000000104,4868.31,8695.19,0.48,-0.000899281,1862.5319999999767,0.7338129496402878
1836.0,575.2000000001863,3.977,3.489,3902.2189999995753,4832.22,8576.22,0.488,-0.000899281,1840.7999999999768,0.7338129496402878
1887.88,530.0,3.92,3.519,3917.943,4868.34,8855.31,0.4009999999999998,-0.000899281,1891.457999999977,0.7338129496402878
1800.97,548.0,3.959,3.513,3723.5439999997616,4652.34,8606.03,0.4460000000000002,-0.000899281,1805.4299999999769,0.737410072
1832.78,568.0,3.97,3.495,3848.343000000343,4760.34,8550.03,0.4750000000000001,-0.000899281,1835.755999999977,0.7338129496402878
1819.62,498.0,3.929,3.526,3723.575000000186,4652.38,8569.03,0.403,-0.000899281,1823.136,0.7329136690647482
1836.0,575.0,3.976,3.49,3896.313000000082,4796.31,8576.31,0.4859999999999997,-0.000899281,1838.399999999977,0.7329136690647482
1879.31,616.7999999998137,3.979,3.47,4004.375,4940.38,8483.0,0.5089999999999999,-0.000899281,1882.6,0.7329136690647482
1872.0,606.0,3.979,3.48,4016.3439999995753,4940.34,8540.34,0.4990000000000001,-0.000899281,1879.2379999999764,0.7302158273381295
1885.41,594.0,3.969,3.486,4006.5,4942.5,8650.5,0.4829999999999996,-0.000899281,1884.282,0.7562949640287769
1821.94,565.0,3.965,3.487,3830.313000000082,4760.31,8620.97,0.4779999999999997,-0.000899281,1825.9359999999767,0.7383093525179856
1873.66,530.0,3.925,3.515,3896.281999999657,4832.28,8776.25,0.4099999999999997,-0.000899281,1876.5619999999767,0.7329136690647482
1870.56,604.0,3.971,3.478,3962.311999999918,4868.31,8442.97,0.4929999999999999,-0.000899281,1873.826,0.7329136690647482
1830.53,568.0,3.97,3.494,3845.9119999995455,4760.31,8537.25,0.476,-0.000899281,1834.0239999999765,0.7329136690647482
1800.0,548.0,3.96,3.514,3716.25,4616.25,8582.69,0.4460000000000002,-0.000899281,1803.5619999999767,0.7365107913669064
1894.53,608.7999999998137,3.979,3.479,4034.375,4976.38,8510.03,0.5,-0.000899281,1897.262,0.737410072
1886.12,529.2000000001863,3.92,3.519,3903.418000000529,4868.22,8844.19,0.4009999999999998,-0.000899281,1889.5879999999768,0.7329136690647482
1861.88,590.0,3.97,3.487,3968.3439999995753,4904.34,8857.03,0.4830000000000001,-0.000899281,1862.7519999999884,0.7284172661870504
1857.38,580.0,3.973,3.493,3932.375,4868.38,8655.66,0.48,-0.000899281,1860.8759999999768,0.7329136690647482
1860.56,590.0,3.97,3.487,3968.3439999995753,4904.34,8902.69,0.4830000000000001,-0.000899281,1862.863999999988,0.7275179856115108
1872.75,532.0,3.925,3.517,3881.912999999709,4832.31,8791.5,0.4079999999999999,-0.000899281,1875.293999999977,0.7320143884892085
1868.69,600.0,3.971,3.48,3956.25,4868.25,8425.28,0.4910000000000001,-0.000899281,1872.088,0.7320143884892086
1855.84,576.0,3.973,3.494,3932.3439999995753,4868.34,8697.94,0.4789999999999996,-0.000899281,1859.2259999999765,0.7320143884892086
1884.0,589.9948333334178,3.969,3.487,3998.344000000506,4904.34,8612.34,0.4819999999999997,-0.000899281,1884.282,0.7553956834532374
1820.81,562.0,3.965,3.488,3824.344000000506,4724.34,8633.47,0.4769999999999998,-0.000899281,1823.4359999999767,0.737410072
1872.0,607.2000000001863,3.979,3.478,4013.794000000693,4942.59,8542.59,0.5009999999999999,-0.000899281,1876.8379999999763,0.729316547
1877.41,616.7999999998137,3.979,3.471,3997.144,4904.34,8469.78,0.508,-0.000899281,1880.888,0.7320143884892086
1836.0,572.0,3.976,3.491,3889.111999999732,4796.31,8576.31,0.4849999999999999,-0.000899281,1836.0,0.7320143884892086
1893.53,610.0,3.979,3.479,4033.018999999389,4940.22,8541.72,0.5,-0.000899281,1895.868,0.7365107913669064
1817.81,498.0,3.928,3.527,3716.343000000343,4652.34,8567.28,0.4009999999999998,-0.000899281,1821.404,0.7320143884892086
1887.06,531.2000000001863,3.92,3.519,3903.544000000693,4868.34,8868.91,0.4009999999999998,-0.000899281,1888.5679999999768,0.7320143884892085
1798.34,548.7999999998137,3.96,3.514,3716.375,4616.38,8564.78,0.4460000000000002,-0.000899281,1801.8859999999768,0.7356115107913668
1828.47,568.0,3.97,3.496,3836.344000000506,4760.34,8518.03,0.4740000000000002,-0.000899281,1832.205999999977,0.7320143884892085
1884.03,528.0,3.92,3.518,3903.5439999997616,4868.34,8863.5,0.4020000000000001,-0.000899281,1887.0419999999765,0.7311151079136691
1872.0,603.2000000001863,3.979,3.479,4010.343000000343,4940.34,8540.34,0.5,-0.000899281,1874.4379999999765,0.7284172661870504
1827.19,564.0,3.97,3.496,3830.375,4760.38,8527.25,0.4740000000000002,-0.000899281,1830.543999999977,0.7311151079136691
1796.97,549.0,3.959,3.514,3709.143000000157,4616.34,8566.91,0.4450000000000003,-0.000899281,1800.0619999999767,0.7347122302158273
1876.41,612.7999999998137,3.979,3.471,3990.068999999203,4904.47,8486.44,0.508,-0.000899281,1879.314,0.7311151079136691
1836.0,572.0,3.977,3.491,3889.143000000157,4796.34,8540.34,0.4859999999999997,-0.000899281,1836.0,0.7311151079136691
1890.94,607.2000000001863,3.978,3.478,4025.974999999628,4940.38,8508.56,0.5,-0.000899281,1894.332,0.7356115107913669
1872.31,532.0,3.924,3.516,3878.311999999918,4832.31,8791.12,0.4079999999999999,-0.000899281,1874.2179999999769,0.7311151079136691
1867.69,600.0,3.971,3.479,3950.313000000082,4868.31,8427.31,0.492,-0.000899281,1870.55,0.7311151079136691
1872.0,592.0,3.969,3.487,3997.2060000002384,4904.41,8612.41,0.4819999999999997,-0.000899281,1881.882,0.7544964028776977
1858.69,588.0,3.97,3.488,3961.112999999896,4904.31,8893.84,0.4820000000000002,-0.000899281,1861.7139999999883,0.7266187050359713
1853.41,578.0,3.972,3.494,3925.143000000157,4868.34,8684.06,0.4779999999999997,-0.000899281,1857.3579999999763,0.7311151079136691
1817.06,498.0,3.928,3.526,3716.343000000343,4652.34,8580.75,0.4020000000000001,-0.000899281,1819.892,0.7311151079136691
1818.66,562.0,3.965,3.489,3824.311999999918,4724.31,8599.56,0.476,-0.000899281,1821.899999999977,0.7365107913669064
1889.97,608.0,3.978,3.48,4018.713000000456,4940.31,8522.81,0.4980000000000002,-0.000899281,1892.982,0.7347122302158273
1882.19,528.5999999996275,3.92,3.519,3889.143000000157,4832.34,8837.34,0.4009999999999998,-0.000899281,1885.455999999977,0.7302158273381295
1798.19,548.0,3.96,3.514,3701.9119999995455,4616.31,8564.56,0.4460000000000002,-0.000899281,1798.8939999999766,0.7338129496402878
1824.94,566.0,3.97,3.495,3824.3439999995753,4760.34,8517.5,0.4750000000000001,-0.000899281,1828.7819999999767,0.7302158273381295
1836.0,574.0,3.977,3.491,3881.943999999203,4796.34,8540.34,0.4859999999999997,-0.000899281,1836.0,0.7302158273381295
1816.19,560.0,3.964,3.49,3812.344000000506,4724.34,8597.69,0.4739999999999997,-0.000899281,1820.3379999999763,0.7356115107913669
1872.0,604.0,3.978,3.479,4004.344000000506,4940.34,8540.34,0.4990000000000001,-0.000899281,1872.0,0.7275179856115108
1874.38,615.2000000001863,3.979,3.472,3986.313000000082,4904.31,8445.88,0.5070000000000001,-0.000899281,1877.678,0.7302158273381295
1865.66,602.0,3.971,3.48,3950.311999999918,4868.31,8401.91,0.4910000000000001,-0.000899281,1868.982,0.7302158273381295
1815.72,497.0,3.929,3.527,3709.144,4652.34,8600.19,0.4019999999999997,-0.000899281,1818.404,0.7302158273381295
1855.78,583.2000000001863,3.97,3.49,3956.375,4868.38,8894.75,0.48,-0.000899281,1860.1199999999883,0.7257194244604317
1869.22,530.0,3.924,3.517,3874.743999999948,4832.34,8795.69,0.407,-0.000899281,1872.9999999999768,0.7302158273381295
1872.0,588.0,3.968,3.487,3989.944000000134,4904.34,8612.34,0.4809999999999998,-0.000899281,1879.482,0.7535971223021583
1848.0,574.4000000003725,3.971,3.494,3917.9119999995455,4868.31,8661.5,0.4769999999999998,-0.000899281,1854.8019999999767,0.7302158273381295
1880.75,526.0,3.919,3.521,3889.143999999389,4832.34,8849.72,0.3980000000000001,-0.000899281,1884.0299999999768,0.729316547
1836.0,570.0,3.977,3.491,3872.3439999995753,4796.34,8599.12,0.4859999999999997,-0.000899281,1836.0,0.729316547
1813.44,496.0,3.928,3.527,3704.311999999918,4652.31,8594.09,0.4009999999999998,-0.000899281,1816.73,0.729316547
1871.97,590.0,3.968,3.487,3986.3439999995753,4904.34,8612.34,0.4809999999999998,-0.000899281,1877.076,0.7526978417266188
1862.69,526.0,3.923,3.518,3860.375,4796.38,8765.38,0.4050000000000002,-0.000899281,1870.125999999977,0.729316547
1865.0,598.3752000005916,3.971,3.48,3944.375,4868.38,8414.22,0.4910000000000001,-0.000899281,1867.52,0.729316547
1873.03,613.2000000001863,3.979,3.472,3980.3439999995753,4904.34,8464.12,0.5070000000000001,-0.000899281,1876.108,0.729316547
1872.0,601.5999999996275,3.978,3.479,3998.313000000082,4904.31,8540.31,0.4990000000000001,-0.000899281,1872.0,0.7266187050359713
1814.28,562.0,3.964,3.489,3806.2189999995753,4724.22,8604.75,0.4750000000000001,-0.000899281,1818.375999999977,0.7347122302158273
1888.47,605.5999999996275,3.978,3.48,4016.343000000343,4940.34,8492.47,0.4980000000000002,-0.000899281,1891.488,0.7338129496402878
1794.06,548.0,3.959,3.514,3704.313000000082,4616.31,8558.38,0.4450000000000003,-0.000899281,1797.5119999999763,0.7329136690647482
1822.91,562.0,3.97,3.496,3817.143999999389,4724.34,8517.75,0.4740000000000002,-0.000899281,1826.8079999999768,0.729316547
1847.53,570.0,3.971,3.495,3910.775000000373,4832.38,8684.41,0.476,-0.000899281,1852.4319999999768,0.729316547
1841.5,572.0,3.965,3.49,3944.343000000343,4868.34,8879.28,0.4749999999999996,-0.000899281,1855.6819999999884,0.724820144
1811.88,496.0,3.928,3.528,3694.775000000373,4616.38,8554.44,0.3999999999999999,-0.000899281,1815.182,0.7284172661870503
1862.97,600.0,3.971,3.48,3939.450000000186,4868.25,8419.69,0.4910000000000001,-0.000899281,1866.002,0.7284172661870503
1824.0,560.0,3.966,3.497,3889.112999999896,4832.38,8715.44,0.4690000000000003,-0.000899281,1845.7559999999764,0.7284172661870503
1860.69,524.0,3.922,3.519,3845.7869999995455,4796.19,8767.56,0.403,-0.000899281,1867.5319999999767,0.7284172661870504
1872.0,588.0,3.968,3.486,3980.280999999493,4904.28,8576.28,0.4819999999999997,-0.000899281,1874.394,0.7517985611510791
1872.03,612.0,3.979,3.473,3974.311999999918,4904.31,8462.66,0.5060000000000002,-0.000899281,1874.652,0.7284172661870503
1872.0,602.0,3.978,3.48,3992.218000000343,4904.22,8468.22,0.4980000000000002,-0.000899281,1872.0,0.7257194244604317
1836.12,568.7999999998137,3.963,3.495,3884.5,4796.5,8860.31,0.4679999999999999,-0.000899281,1850.5299999999884,0.7239208633093525
1886.81,606.0,3.978,3.48,4011.575000000186,4940.38,8492.09,0.4980000000000002,-0.000899281,1889.944,0.7329136690647482
1878.81,528.0,3.919,3.521,3881.912999999709,4832.31,8807.44,0.3980000000000001,-0.000899281,1882.5679999999768,0.7284172661870504
1812.5,560.0,3.964,3.49,3795.513000000268,4724.31,8611.0,0.4739999999999997,-0.000899281,1816.4879999999769,0.7338129496402878
1824.0,572.0,3.977,3.492,3866.2189999995753,4796.22,8540.22,0.4849999999999999,-0.000899281,1833.5999999999767,0.7284172661870503
1792.22,546.5999999996275,3.958,3.514,3692.313000000082,4616.31,8540.31,0.4440000000000004,-0.000899281,1795.9559999999765,0.7320143884892086
1820.5,562.4103333,3.97,3.496,3809.974999999628,4724.38,8482.62,0.4740000000000002,-0.000899281,1824.8019999999767,0.7284172661870504
1831.75,564.0,3.961,3.496,3872.375,4796.38,8852.0,0.4649999999999998,-0.000899281,1844.7679999999884,0.723021583
1885.31,604.0213333331048,3.977,3.48,4010.375,4940.38,8464.12,0.4969999999999999,-0.000899281,1888.3,0.7320143884892085
1818.56,560.0,3.969,3.496,3802.713000000456,4724.31,8481.0,0.4729999999999998,-0.000899281,1822.8199999999767,0.7275179856115108
1791.81,547.0,3.959,3.514,3686.344000000506,4580.34,8554.09,0.4450000000000003,-0.000899281,1794.649999999977,0.7311151079136691
1808.62,495.0,3.927,3.528,3694.650000000373,4616.25,8524.56,0.399,-0.000899281,1813.3440000000005,0.7275179856115108
1860.0,598.0,3.977,3.48,3989.9119999995455,4904.31,8504.31,0.4969999999999999,-0.000899281,1869.5999999999767,0.724820144
1870.56,613.5999999996275,3.978,3.473,3968.311999999918,4904.31,8444.94,0.5050000000000003,-0.000899281,1873.282,0.7275179856115108
1824.0,564.7999999998137,3.975,3.492,3860.375,4760.38,8540.38,0.4830000000000001,-0.000899281,1831.1999999999769,0.7275179856115108
1807.75,556.2000000001863,3.963,3.49,3788.313000000082,4688.31,8624.62,0.4729999999999998,-0.000899281,1813.875999999977,0.7329136690647482
1872.0,583.2000000001863,3.966,3.487,3975.575000000186,4904.38,8612.38,0.4790000000000001,-0.000899281,1871.994,0.7508992805755396
1861.06,596.7999999998137,3.971,3.48,3932.2810000004247,4868.28,8409.91,0.4910000000000001,-0.000899281,1864.476,0.7275179856115108
1877.62,525.0,3.919,3.52,3874.650000000373,4832.25,8851.56,0.399,-0.000899281,1880.6799999999769,0.7275179856115108
1830.06,560.0,3.964,3.501,3836.313000000082,4760.31,8722.06,0.4630000000000001,-0.000899281,1840.5999999999767,0.7275179856115108
1861.38,526.0,3.923,3.521,3838.713000000456,4796.31,8811.0,0.4020000000000001,-0.000899281,1865.2579999999768,0.7275179856115108
1805.0,492.0,3.935,3.724,3598.311999999918,4571.0,8699.5,0.2109999999999998,-0.000899281,1810.932,0.7266187050359713
21.12,41.37931034527719,3.094,3.501,109.81818181835116,8.0,8.38,-0.407,-0.000899281,1439.4799999999768,0.7302158273381295
1813.31,555.5934999994934,3.977,3.716,3717.313000000082,4676.0,8662.19,0.2609999999999997,-0.000899281,1820.043999999977,0.7266187050359713
1869.62,595.188,3.987,3.796,3913.0,4865.0,8708.0,0.1910000000000002,-0.000899281,1869.1239999999768,0.7239208633093525
1834.12,559.188,3.975,3.716,3787.375,4753.0,8763.38,0.2589999999999999,-0.000899281,1836.7419999999763,0.7266187050359713
1885.44,604.0,3.978,3.48,4004.375,4940.38,8518.72,0.4980000000000002,-0.000899281,1887.2,0.7311151079136691
1867.25,607.188,3.985,3.708,3899.438000000082,4851.0,8574.44,0.2769999999999997,-0.000899281,1871.45,0.7266187050359713
1886.56,528.0,3.933,3.712,3829.25,4809.0,8920.12,0.2209999999999996,-0.000899281,1881.1859999999767,0.7266187050359713
1816.62,561.625,3.975,3.715,3710.375,4662.0,8736.19,0.2600000000000002,-0.000899281,1813.4679999999769,0.7320143884892085
1869.62,583.25,3.974,3.8,3885.0,4844.0,8687.0,0.1740000000000003,-0.000899281,1871.518,0.75
1869.88,528.0,3.936,3.814,3801.375,4774.38,8853.44,0.1219999999999998,-0.000899281,1864.7719999999767,0.7266187050359713
1855.62,592.812,3.977,3.801,3857.375,4823.38,8520.19,0.1759999999999997,-0.000899281,1862.062,0.7266187050359713
1836.0,571.25,3.973,3.71,3794.375,4760.0,8970.38,0.2629999999999999,-0.000899281,1840.229999999988,0.7221223021582734
1836.0,571.187,3.987,3.8,3787.0,4732.0,8656.88,0.1870000000000002,-0.000899281,1831.1999999999769,0.7266187050359713
200939.71,2970.0149999996647,4.262,3.289,64709.987999999896,75921.25,75921.25,0.9729999999999994,-0.000899281,41635.73,0.7257194244604317
199267.74,-59760.696,4.265,3.301,66629.98300000001,78147.62,78147.62,0.9639999999999996,-0.000899281,41308.60399999998,0.7257194244604317
199505.66,-60481.89633,4.266,3.295,67079.998,78660.0,78660.0,0.971,-0.000899281,41395.85599999998,0.723021583
197582.92,-184035.134,4.265,3.301,68369.98199999984,80283.01,80283.01,0.9639999999999996,-0.000899281,40966.81399999998,0.7311151079136691
199485.3,-186267.806,4.265,3.296,69749.98400000017,81855.42,81855.42,0.969,-0.000899281,41366.133999999984,0.7212230215827338
1883.34,600.0,3.977,3.48,3998.3439999995753,4940.34,8517.88,0.4969999999999999,-0.000899281,1885.8740000000005,0.7302158273381295
198528.87,-59936.27933,4.265,3.282,64619.998,75809.98,75809.98,0.9829999999999997,-0.000899281,41202.892,0.7491007194244604
199941.6,192008.47800016776,4.265,3.299,67380.00400000066,79145.63,79145.63,0.9659999999999996,-0.000899281,41455.46199999998,0.7257194244604317
198108.96,191408.5506666666,4.266,3.309,64259.995999999344,75380.03,75380.03,0.957,-0.000899281,41118.366,0.7257194244604317
1792.69,549.625,3.966,3.708,3703.375,4648.0,8773.88,0.258,-0.000899281,1438.3799999999767,0.729316547
1872.0,586.0,3.974,3.492,4537.12,5552.32,9764.32,0.4820000000000002,-0.001798561,1838.399999999977,0.7255395683453238
1891.04,598.0,3.964,3.495,4486.751000000164,5516.35,10098.33,0.4689999999999998,-0.000899281,41376.04199999999,0.7203237410071942
1860.7,501.0,3.922,3.505,4393.151999999769,5444.35,9830.91,0.4170000000000002,-0.000899281,41645.182,0.7248201438848921
1889.38,584.0,3.965,3.491,4493.951999999583,5552.35,9901.73,0.4739999999999997,-0.000899281,41463.83199999998,0.7248201438848921
1881.53,602.0,3.977,3.481,3992.344000000506,4904.34,8495.53,0.496,-0.000899281,1884.486,0.729316547
1896.61,528.0,3.921,3.51,4457.951999999583,5480.35,9830.98,0.411,-0.001798561,1870.2499999999768,0.7255395683453238
1913.63,624.0,3.975,3.52,4493.952999998815,5516.35,9493.02,0.455,-0.000899281,41126.486,0.7248201438848921
1863.94,578.0,3.963,3.514,4465.120000000112,5480.32,9897.57,0.4490000000000003,-0.000899281,40976.74599999998,0.7302158273381295
1865.41,578.0,3.966,3.514,4465.088000000455,5480.29,9730.05,0.4520000000000004,-0.000899281,41317.10399999998,0.724820144
1908.0,607.2000000001863,3.974,3.478,4560.9280000003055,5554.53,9622.53,0.496,-0.000899281,41403.055999999975,0.7221223021582734
1908.96,612.0,3.967,3.517,4486.656000000425,5480.26,9471.78,0.4500000000000002,-0.001798561,1870.722,0.7255395683453238
1896.0,590.0,3.961,3.489,4486.816000000574,5516.42,9620.42,0.472,-0.000899281,41207.698,0.7482014388489209
1923.81,536.0,3.919,3.481,4472.321000000462,5480.32,9784.64,0.4380000000000001,-0.001798561,1889.5099999999768,0.7255395683453238
1895.68,596.0,3.97,3.498,4047.5520000001416,4976.35,8852.77,0.472,-0.000899281,41478.167999999976,0.7239208633093526
1902.11,534.0,3.923,3.522,3968.3519999999553,4904.35,8911.23,0.4010000000000002,-0.000899281,1878.1339999999768,0.7244604316546763
1928.19,543.5999999996275,3.922,3.516,4040.319000000134,4976.32,8992.48,0.4060000000000001,-0.000899281,1898.9979999999769,0.7244604316546763
1908.0,600.0,3.966,3.491,4076.384999999777,5012.38,8684.38,0.4750000000000001,-0.000899281,41214.898,0.7473021582733812
1871.39,583.2000000001863,3.97,3.501,3968.353000000119,4904.35,8675.07,0.4690000000000003,-0.000899281,41327.28199999997,0.7239208633093525
1908.0,615.9890000000596,3.977,3.484,4119.424000000581,5048.22,8684.22,0.4929999999999999,-0.000899281,41410.25599999998,0.7212230215827338
1868.64,584.0,3.965,3.496,3980.319999999367,4904.32,8811.52,0.4689999999999998,-0.000899281,40987.97399999997,0.729316547
1829.7,556.0,3.955,3.512,4328.351999999024,5336.35,9950.34,0.443,-0.001798561,1445.5079999999766,0.7282374100719424
1879.31,598.4000000003725,3.977,3.482,3989.974999999628,4904.38,8457.62,0.4949999999999996,-0.000899281,1882.986,0.7284172661870504
1898.18,610.4000000003725,3.969,3.492,4070.2880000006407,5012.29,8999.65,0.4769999999999998,-0.000899281,41388.45399999998,0.7194244604316546
1872.0,592.0,3.976,3.498,4022.352000000887,4940.35,8756.35,0.4779999999999997,-0.000899281,1845.5999999999767,0.7244604316546763
1917.79,630.4000000003725,3.978,3.477,4119.520000000484,5048.32,8619.46,0.5010000000000003,-0.000899281,41135.638,0.7239208633093526
1912.86,619.2000000001863,3.971,3.482,4094.3519999999553,5012.35,8600.83,0.4889999999999999,-0.000899281,1880.294,0.7244604316546763
1869.57,509.0,3.926,3.529,3867.5509999999776,4796.35,8728.93,0.3970000000000002,-0.000899281,41656.72,0.7239208633093526
1910.78,616.7999999998137,3.972,3.499,4105.120999999344,5012.32,8523.52,0.4729999999999998,-0.000899281,1889.856,0.7233812949640288
1897.41,599.2000000001863,3.971,3.495,4069.119999999181,5012.32,8853.06,0.476,-0.000899281,41491.63799999998,0.723021583
1870.37,584.7999999998137,3.97,3.5,3986.384000000544,4904.38,8620.48,0.4700000000000002,-0.000899281,41337.64399999998,0.723021583
1903.2,536.0,3.924,3.52,3989.821999999695,4940.22,8869.5,0.4039999999999999,-0.000899281,1886.6359999999768,0.7233812949640288
1928.99,546.0,3.923,3.515,4054.720000000671,5012.32,8991.33,0.4079999999999999,-0.000899281,1909.033999999977,0.7233812949640288
1908.0,602.4000000003725,3.967,3.49,4097.9199999999255,5012.32,8684.32,0.4769999999999998,-0.000899281,41222.098,0.7464028776978417
1877.69,598.4000000003725,3.977,3.482,3982.7120000002906,4904.31,8484.19,0.4949999999999996,-0.000899281,1881.462,0.7275179856115108
1908.0,616.7999999998137,3.978,3.481,4141.150999999605,5048.35,8648.35,0.4970000000000003,-0.000899281,41419.85599999998,0.7203237410071942
1899.71,612.0,3.972,3.489,4097.952999999747,5012.35,9021.98,0.4830000000000001,-0.000899281,41402.04599999999,0.7185251798561151
1872.0,594.0,3.978,3.495,4034.320000000298,4940.32,8720.32,0.4830000000000001,-0.000899281,1855.1999999999769,0.7233812949640288
1916.93,630.0,3.979,3.475,4136.351999999955,5048.35,8616.64,0.504,-0.000899281,41144.912,0.723021583
1870.05,588.0,3.966,3.494,3997.117999999784,4904.32,8778.81,0.472,-0.000899281,41000.43399999998,0.7284172661870504
1831.94,558.0,3.958,3.523,3831.4560000002384,4724.26,8708.64,0.435,-0.000899281,1453.4519999999768,0.727158273
1869.51,510.9974166667089,3.926,3.526,3896.225000000559,4832.23,8699.14,0.4000000000000003,-0.000899281,41668.898,0.723021583
1896.22,598.4000000003725,3.972,3.495,4070.350999999792,5012.35,8861.57,0.4769999999999998,-0.000899281,41504.057999999975,0.7221223021582733
1830.4,556.0,3.959,3.523,3838.7210000008345,4724.32,8640.29,0.4359999999999999,-0.000899281,1461.1699999999769,0.7260791366906476
1914.21,630.0,3.979,3.476,4130.354000000283,5048.35,8583.07,0.5030000000000001,-0.000899281,41154.304,0.7221223021582733
1908.0,620.0,3.978,3.482,4142.226999999955,5048.23,8648.23,0.496,-0.000899281,41427.53199999998,0.7194244604316546
1908.13,616.7999999998137,3.972,3.481,4100.321999999695,5012.32,8510.88,0.4910000000000001,-0.000899281,1899.27,0.7223021582733813
1868.9,510.0,3.927,3.526,3896.253999999724,4832.25,8732.77,0.4010000000000002,-0.000899281,41681.678,0.7221223021582733
1898.59,608.0,3.974,3.488,4097.981999999844,5012.38,9050.46,0.4860000000000002,-0.000899281,41414.563999999984,0.7176258992805755
1868.61,586.0,3.967,3.492,4004.350999999792,4904.35,8777.12,0.4750000000000001,-0.000899281,41010.83199999998,0.7275179856115108
1872.0,592.0,3.978,3.493,4040.3519999999553,4940.35,8684.35,0.4850000000000003,-0.000899281,1864.7999999999768,0.7223021582733813
1926.88,548.0,3.923,3.514,4054.7210000008345,5012.32,8965.38,0.4090000000000002,-0.000899281,1918.8859999999768,0.7223021582733813
1908.0,604.0,3.967,3.488,4100.226999999955,5012.23,8684.23,0.4790000000000001,-0.000899281,41229.774,0.7455035971223023
1867.24,584.0,3.971,3.497,3982.722000000067,4904.32,8576.45,0.4740000000000002,-0.000899281,41348.42999999998,0.7221223021582734
1873.94,595.188,3.984,3.714,3906.311999999918,4865.0,8602.12,0.27,-0.000899281,1879.162,0.7266187050359713
1903.04,538.0,3.924,3.52,3989.950999999419,4940.35,8893.92,0.4039999999999999,-0.000899281,1894.9679999999769,0.7223021582733813
1865.09,584.0,3.971,3.498,3974.3209999995306,4904.32,8608.45,0.4729999999999998,-0.000899281,1867.899999999977,0.7212230215827338
1901.22,540.0,3.925,3.519,3989.884999999777,4940.29,8881.12,0.4059999999999997,-0.000899281,1901.235999999977,0.7212230215827338
1908.0,606.0,3.968,3.487,4100.350999999791,5012.35,8684.35,0.4809999999999998,-0.000899281,1905.6,0.7446043165467626
1924.51,546.0,3.925,3.515,4047.582999999635,4976.38,8960.54,0.4099999999999997,-0.000899281,1926.475999999977,0.7212230215827338
1908.0,620.0,3.979,3.481,4136.321000000462,5048.32,8612.32,0.4980000000000002,-0.000899281,1908.0,0.7185251798561151
1871.96,592.0,3.977,3.493,4034.288999998942,4940.29,8648.29,0.484,-0.000899281,1871.9919999999763,0.7212230215827338
1826.79,556.0,3.959,3.521,3836.320000000298,4724.32,8624.13,0.4380000000000001,-0.000899281,1822.303999999977,0.725
1911.71,629.5999999996275,3.98,3.475,4124.382999999449,5048.38,8566.43,0.5049999999999999,-0.000899281,1914.854,0.7212230215827338
1865.79,585.5999999996275,3.967,3.492,3997.1829999992624,4904.38,8783.23,0.4750000000000001,-0.000899281,1867.4059999999768,0.7266187050359713
1894.08,600.0,3.973,3.495,4069.120000000112,5012.32,8844.48,0.4779999999999997,-0.000899281,1894.553999999977,0.7212230215827338
1866.69,512.0,3.927,3.526,3896.320000000298,4832.32,8698.79,0.4010000000000002,-0.000899281,1867.074,0.7212230215827338
198748.44,192077.0229999991,4.266,3.29,66689.98100000061,78255.55,78255.55,0.976,-0.000899281,41252.182,0.7257194244604317
1896.0,616.0,3.972,3.481,4090.814000000246,5012.41,8500.19,0.4910000000000001,-0.000899281,1907.346,0.7212230215827338
1896.32,606.0,3.976,3.489,4090.752000000328,5012.35,9044.35,0.4870000000000001,-0.000899281,1896.7679999999884,0.7167266187050358
1908.99,625.5999999996275,3.98,3.475,4118.351999999955,5048.35,8575.27,0.5049999999999999,-0.000899281,1913.926,0.7203237410071942
1899.14,538.0,3.926,3.518,3982.720000000671,4904.32,8870.85,0.4080000000000003,-0.000899281,1901.741999999977,0.7203237410071942
1908.0,618.4000000003725,3.979,3.481,4130.320000000298,5048.32,8648.32,0.4980000000000002,-0.000899281,1908.0,0.7176258992805755
1872.0,592.0,3.978,3.493,4028.3159999996415,4940.32,8684.32,0.4850000000000003,-0.000899281,1871.9919999999763,0.7203237410071942
1902.08,612.7999999998137,3.972,3.482,4083.5870000002906,5012.39,8483.81,0.4899999999999997,-0.000899281,1905.97,0.7203237410071942
1823.65,556.0,3.96,3.522,3824.356000000611,4724.36,8624.32,0.4380000000000001,-0.000899281,1828.495999999977,0.7239208633093526
1908.0,606.0,3.967,3.487,4097.951999999583,5012.35,8648.35,0.48,-0.000899281,1908.0,0.7437050359712231
1862.21,583.0,3.967,3.492,3986.2579999994487,4904.26,8747.94,0.4750000000000001,-0.000899281,1867.0599999999763,0.7257194244604317
1892.89,604.0,3.976,3.489,4082.350999999792,5012.35,9088.61,0.4870000000000001,-0.000899281,1897.1379999999888,0.7158273381294964
1912.74,604.0,3.973,3.474,4529.9199999999255,5552.32,9509.6,0.4989999999999996,-0.000899281,41258.424,0.724820144
1891.14,598.0,3.974,3.495,4061.9210000000894,4976.32,8855.39,0.4790000000000001,-0.000899281,1894.9059999999768,0.7203237410071942
1864.51,512.0,3.928,3.526,3889.120000000112,4832.32,8700.04,0.4020000000000001,-0.000899281,1867.836,0.7203237410071942
1922.05,544.0206666672602,3.925,3.514,4040.2579999994487,4976.26,8982.11,0.411,-0.000899281,1926.1239999999768,0.7203237410071942
1862.56,580.0,3.971,3.498,3968.350999999792,4868.35,8616.83,0.4729999999999998,-0.000899281,1867.3299999999767,0.7203237410071942
1908.0,620.0,3.979,3.481,4119.556000000797,5012.36,8612.36,0.4980000000000002,-0.000899281,1908.0,0.7167266187050358
1906.27,626.0,3.98,3.475,4106.320999999531,5012.32,8538.11,0.5049999999999999,-0.000899281,1911.622,0.7194244604316546
1872.0,590.0,3.978,3.494,4022.3209999995306,4940.32,8684.32,0.484,-0.000899281,1871.9919999999763,0.7194244604316546
1908.0,605.5999999996275,3.968,3.487,4088.348000000231,5012.35,8684.35,0.4809999999999998,-0.000899281,1908.0,0.7428057553956835
1859.62,580.0,3.971,3.499,3956.320000000298,4868.32,8607.3,0.472,-0.000899281,1864.9759999999765,0.7194244604316546
1859.07,582.0,3.968,3.492,3975.548000000417,4868.35,8746.94,0.476,-0.000899281,1865.1459999999763,0.724820144
1919.26,614.0,3.977,3.486,4106.352000000887,5012.35,8624.83,0.4909999999999996,-0.000899281,41266.414,0.7239208633093525
1898.43,612.7999999998137,3.972,3.483,4076.2929999995977,4976.32,8466.02,0.4889999999999999,-0.000899281,1903.084,0.7194244604316546
1888.64,597.5999999996275,3.975,3.495,4047.5509999999776,4976.35,8888.48,0.48,-0.000899281,1893.4979999999769,0.7194244604316546
1889.38,600.0,3.976,3.49,4069.119999999181,4976.32,9070.15,0.4859999999999997,-0.000899281,1895.3779999999883,0.7149280575539569
1860.0,512.0,3.928,3.526,3881.947999998927,4796.35,8695.29,0.4020000000000001,-0.000899281,1865.922,0.7194244604316546
1819.9,553.0,3.96,3.523,3812.352000000887,4724.35,8597.5,0.4369999999999998,-0.000899281,1826.5359999999769,0.7230215827338129
1897.98,536.0,3.926,3.518,3980.350999999792,4904.35,8900.61,0.4080000000000003,-0.000899281,1900.9159999999767,0.7194244604316546
1919.69,540.0,3.926,3.515,4025.919999998994,4976.32,8984.28,0.411,-0.000899281,1924.4239999999768,0.7194244604316546
1817.02,552.0,3.96,3.522,3802.7869999995455,4688.39,8595.49,0.4380000000000001,-0.000899281,1823.5519999999767,0.7221223021582733
1916.64,542.0,3.926,3.515,4018.751999999397,4976.35,9006.43,0.411,-0.000899281,1921.9539999999768,0.7185251798561151
1856.03,576.7999999998137,3.971,3.498,3946.658000000753,4868.26,8572.29,0.4729999999999998,-0.000899281,1862.1079999999763,0.7185251798561151
1895.3,536.0,3.927,3.518,3974.320000000298,4904.32,8901.38,0.4090000000000002,-0.000899281,1899.3359999999768,0.7185251798561151
1918.98,614.0,3.977,3.484,4124.320000000298,5048.32,8596.48,0.4929999999999999,-0.000899281,41274.672000000006,0.723021583
1884.58,593.5999999996275,3.975,3.496,4040.319999999367,4976.32,8854.98,0.4790000000000001,-0.000899281,1890.9319999999768,0.7185251798561151
1896.07,608.7999999998137,3.972,3.483,4064.320000000298,4976.32,8493.47,0.4889999999999999,-0.000899281,1900.142,0.7185251798561151
1859.9,512.0,3.928,3.526,3874.6260000010952,4796.23,8687.23,0.4020000000000001,-0.000899281,1864.0,0.7185251798561151
1886.01,598.0,3.976,3.491,4052.319999999367,4976.32,9026.08,0.4849999999999999,-0.000899281,1892.6379999999888,0.7140287769784173
1903.58,628.0,3.98,3.475,4100.350999999791,5012.35,8552.29,0.5049999999999999,-0.000899281,1908.952,0.7185251798561151
1896.0,618.4000000003725,3.979,3.481,4118.319999999367,5012.32,8648.32,0.4980000000000002,-0.000899281,1905.5999999999767,0.7158273381294964
1872.0,592.0,3.978,3.493,4016.280999999493,4904.28,8612.28,0.4850000000000003,-0.000899281,1871.9919999999763,0.7185251798561151
1856.03,582.0,3.968,3.493,3968.350999999792,4868.35,8741.85,0.4750000000000001,-0.000899281,1862.3419999999765,0.7239208633093525
1908.0,605.5999999996275,3.969,3.487,4083.5520000001416,5012.35,8684.35,0.4819999999999997,-0.000899281,1908.0,0.7419064748201439
1899.81,624.0,3.979,3.476,4088.3829999994487,5012.38,8530.37,0.5030000000000001,-0.000899281,1906.072,0.7176258992805755
1896.0,616.0,3.979,3.48,4106.350999999791,5012.35,8646.46,0.4990000000000001,-0.000899281,1903.1999999999769,0.7149280575539569
1814.37,550.0,3.959,3.522,3794.350999999792,4688.35,8588.48,0.4370000000000003,-0.000899281,1820.3459999999768,0.7212230215827338
1860.0,588.0,3.978,3.493,4004.3519999999553,4904.35,8648.35,0.4850000000000003,-0.000899281,1869.5919999999765,0.7176258992805755
1892.57,534.0,3.927,3.519,3961.150999998674,4904.35,8899.14,0.4079999999999999,-0.000899281,1897.2419999999763,0.7176258992805755
1881.5,590.0,3.976,3.496,4025.982999999076,4940.38,8846.66,0.48,-0.000899281,1887.9879999999769,0.7176258992805755
1852.32,578.0,3.968,3.492,3956.351000000722,4868.35,8756.23,0.476,-0.000899281,1859.0839999999769,0.723021583
1852.26,574.0,3.971,3.498,3938.350999999792,4868.35,8561.31,0.4729999999999998,-0.000899281,1859.111999999977,0.7176258992805755
1881.76,596.8103333329782,3.975,3.493,4040.319999999367,4976.32,8921.09,0.4820000000000002,-0.000899281,1889.2719999999888,0.7131294964028777
1916.86,613.5999999996275,3.978,3.484,4124.321000000462,5048.32,8564.38,0.4940000000000002,-0.000899281,41283.256,0.7221223021582734
1896.0,605.5999999996275,3.968,3.487,4076.3209999995306,5012.32,8684.32,0.4809999999999998,-0.000899281,1905.6,0.7410071942446044
1856.61,510.0,3.928,3.526,3867.513000000268,4796.31,8695.84,0.4020000000000001,-0.000899281,1861.542,0.7176258992805755
1892.16,607.2000000001863,3.972,3.483,4054.720000000671,4976.32,8465.15,0.4889999999999999,-0.000899281,1896.948,0.7176258992805755
1912.58,540.0,3.926,3.515,4010.320000000298,4940.32,8946.88,0.411,-0.000899281,1919.0939999999769,0.7176258992805755
1888.73,597.5999999996275,3.981,3.496,4016.225999999792,4940.23,8807.36,0.4849999999999999,-0.000899281,1886.9179999999767,0.716726619
12.0,43.63636363577098,3.066,3.489,98.69599999,5.98,5.98,-0.423,-0.000899281,1526.4,0.7401079136690647
1868.0,518.0103333331645,3.934,3.527,3854.320000000298,4796.32,8690.11,0.407,-0.000899281,1861.804,0.716726619
1914.84,538.0,3.929,3.516,3998.227000000887,4940.23,8890.56,0.4129999999999998,-0.000899281,1917.159999999977,0.7167266187050358
1901.09,617.5999999996275,3.974,3.484,4040.3519999999553,4976.35,8498.43,0.4900000000000002,-0.000899281,1897.966,0.716726619
1862.49,588.0154999997467,3.975,3.499,3925.151999999769,4832.35,8556.32,0.476,-0.000899281,1858.5919999999765,0.7167266187050358
1872.0,599.2000000001863,3.984,3.494,3998.3519999999553,4904.35,8720.35,0.4899999999999997,-0.000899281,1869.5999999999767,0.716726619
1810.79,550.0,3.96,3.522,3782.3899999996647,4688.39,8580.71,0.4380000000000001,-0.000899281,1817.1459999999763,0.7203237410071941
1908.76,632.0,3.983,3.476,4076.321000000462,5012.32,8572.03,0.5070000000000001,-0.000899281,1905.482,0.716726619
1908.0,624.0,3.984,3.481,4097.920999999158,5012.32,8612.32,0.5030000000000001,-0.000899281,1903.1999999999769,0.7140287769784173
1882.17,600.0,3.979,3.493,4040.351999999024,4976.35,8878.53,0.4860000000000002,-0.000899281,1886.441999999988,0.7122302158273381
1861.73,587.2000000001863,3.974,3.493,3939.4270000001416,4832.23,8734.75,0.4810000000000003,-0.000899281,1858.2719999999767,0.7221223021582734
1895.8,540.0,3.932,3.519,3953.950999999419,4904.35,8821.41,0.4129999999999998,-0.000899281,1896.157999999977,0.7167266187050358
1915.1,612.0,3.978,3.485,4118.351,5048.35,8580.9,0.4930000000000003,-0.000899281,1916.588,0.7212230215827338
1875.61,588.0,3.976,3.493,4033.150999999605,4976.35,8839.42,0.4830000000000001,-0.000899281,1883.811999999977,0.7158273381294965
1896.0,614.0,3.98,3.475,4126.689000000246,5048.29,8648.29,0.5049999999999999,-0.000899281,1900.7999999999768,0.7131294964028777
1847.2,574.0,3.972,3.495,3956.320000000298,4868.32,8551.58,0.4769999999999998,-0.000899281,1855.5199999999768,0.7158273381294964
1852.7,510.01599999982864,3.93,3.522,3889.120999999344,4832.32,8719.87,0.4080000000000003,-0.000899281,1859.442,0.7158273381294965
1823.71,560.0,3.964,3.522,3772.553999999538,4690.55,8604.73,0.4420000000000001,-0.000899281,1817.1579999999765,0.7194244604316546
1860.0,586.0,3.979,3.489,4034.352000000887,4940.35,8648.35,0.4900000000000002,-0.000899281,1867.1999999999769,0.7158273381294965
1895.97,624.0,3.981,3.47,4106.320000000298,5012.32,8498.91,0.5109999999999997,-0.000899281,1902.878,0.7158273381294965
1911.9,613.5999999996275,3.978,3.485,4112.320000000298,5048.32,8540.1,0.4930000000000003,-0.000899281,1916.42,0.7203237410071942
1845.79,574.0,3.969,3.488,3968.350999999792,4868.35,8735.49,0.4809999999999998,-0.000899281,1854.9879999999769,0.7212230215827338
1908.0,612.7999999998137,3.974,3.483,4141.026999999769,5048.23,8720.23,0.4910000000000001,-0.000899281,1526.4,0.7392086330935251
1887.52,532.0,3.927,3.515,3975.489000000991,4904.29,8871.65,0.4119999999999999,-0.000899281,1893.8339999999769,0.7158273381294964
1875.81,595.2000000001863,3.975,3.49,4040.3519999999553,4976.35,8918.88,0.4849999999999999,-0.000899281,1883.0259999999885,0.7113309352517986
1888.96,608.7999999998137,3.973,3.477,4069.182,4976.38,8464.41,0.496,-0.000899281,1895.342,0.7158273381294965
1907.78,536.7999999998137,3.926,3.514,4011.521000000648,4940.32,8927.39,0.4120000000000003,-0.000899281,1914.3059999999768,0.7158273381294964
1840.58,574.0,3.968,3.494,3920.352000000887,4832.35,8690.46,0.4739999999999997,-0.000899281,1851.2899999999768,0.7203237410071942
1847.94,508.0,3.929,3.526,3842.226999999024,4760.23,8651.27,0.403,-0.000899281,1857.03,0.7149280575539568
1883.59,604.0,3.972,3.483,4028.350999999792,4940.35,8422.43,0.4889999999999999,-0.000899281,1892.3740000000005,0.7149280575539568
1872.16,593.5999999996275,3.974,3.492,4011.489,4940.29,8900.29,0.4820000000000002,-0.000899281,1879.5819999999885,0.710431655
1909.73,608.0,3.978,3.485,4105.023000000976,5012.22,8550.15,0.4930000000000003,-0.000899281,1914.514,0.7194244604316546
1903.75,536.0,3.925,3.517,3975.5520000001416,4940.35,8874.81,0.4079999999999999,-0.000899281,1911.1179999999767,0.7149280575539569
1842.72,572.0,3.971,3.499,3910.720000000671,4832.32,8541.02,0.472,-0.000899281,1852.1399999999765,0.7149280575539569
1896.0,602.0,3.97,3.481,4097.951999999583,5012.35,8684.35,0.4890000000000003,-0.000899281,1524.0,0.7383093525179856
1883.84,530.0,3.927,3.52,3932.352000000887,4868.35,8880.48,0.407,-0.000899281,1891.0059999999764,0.7149280575539569
1860.0,586.0,3.978,3.494,3986.320000000298,4904.32,8612.32,0.484,-0.000899281,1864.7999999999768,0.7149280575539568
1891.97,618.4000000003725,3.98,3.475,4069.120000000112,4976.32,8501.34,0.5049999999999999,-0.000899281,1900.018,0.7149280575539568
1884.0,612.0,3.979,3.481,4083.5509999999776,4976.35,8612.35,0.4980000000000002,-0.000899281,1895.9999999999768,0.7122302158273381
1806.78,548.0,3.96,3.516,3812.3519999999553,4724.35,8566.31,0.4439999999999999,-0.000899281,1814.533999999977,0.7185251798561151
1872.38,584.0,3.976,3.497,3997.150999999605,4940.35,8793.66,0.4790000000000001,-0.000899281,1880.5599999999763,0.7149280575539568
1801.82,545.0,3.96,3.522,3758.4140000008047,4652.41,8567.59,0.4380000000000001,-0.000899281,1811.4939999999765,0.7176258992805755
1881.83,603.5999999996275,3.972,3.484,4016.352000000887,4940.35,8426.42,0.488,-0.000899281,1889.5260000000003,0.7140287769784173
1845.58,507.0,3.929,3.527,3830.383,4760.38,8680.2,0.4019999999999997,-0.000899281,1854.166,0.7140287769784173
1838.16,570.0,3.968,3.494,3903.590999999084,4796.39,8713.34,0.4739999999999997,-0.000899281,1847.7159999999767,0.7194244604316546
1906.81,609.5999999996275,3.978,3.485,4097.919999998994,5012.32,8512.1,0.4930000000000003,-0.000899281,1912.08,0.7185251798561151
1880.09,529.0,3.927,3.52,3920.3899999996647,4868.39,8807.56,0.407,-0.000899281,1887.9639999999767,0.7140287769784173
1868.05,580.0,3.975,3.497,3982.7210000008345,4904.32,8784.81,0.4780000000000002,-0.000899281,1877.2539999999767,0.7140287769784173
1884.0,618.4000000003725,3.98,3.476,4054.782999999821,4976.38,8490.62,0.504,-0.000899281,1896.102,0.7140287769784173
1848.0,586.0,3.978,3.495,3968.352000000887,4868.35,8612.35,0.4830000000000001,-0.000899281,1859.9999999999768,0.7140287769784173
1868.38,588.0,3.974,3.493,4004.313000000082,4940.31,8883.74,0.4810000000000003,-0.000899281,1876.0559999999884,0.7095323741007193
1901.48,533.5999999996275,3.924,3.518,3961.128000000492,4904.33,8865.86,0.4060000000000001,-0.000899281,1908.0859999999768,0.7140287769784173
1884.0,608.7999999998137,3.98,3.482,4076.391,4976.39,8588.0,0.4979999999999998,-0.000899281,1893.5999999999767,0.7113309352517986
1896.0,600.0,3.97,3.487,4058.320000000298,4976.32,8648.32,0.4830000000000001,-0.000899281,1521.6,0.737410072
1839.61,569.5999999996275,3.971,3.5,3896.3519999999553,4796.35,8511.04,0.4710000000000001,-0.000899281,1848.8559999999768,0.7140287769784173
1865.44,587.0,3.973,3.495,3992.25,4904.25,8917.5,0.4779999999999997,-0.000899281,1872.7919999999883,0.7086330935251799
1884.0,600.0,3.97,3.489,4047.528000000864,4976.33,8648.33,0.4810000000000003,-0.000899281,1519.2,0.7365107913669064
1842.78,504.0,3.929,3.527,3817.285000000149,4760.49,8683.52,0.4019999999999997,-0.000899281,1851.4,0.7131294964028777
1836.42,570.0,3.97,3.5,3884.313000000082,4796.31,8500.16,0.4700000000000002,-0.000899281,1845.6879999999765,0.7131294964028777
1886.69,616.7999999998137,3.979,3.477,4046.311999999918,4976.31,8487.67,0.5020000000000002,-0.000899281,1893.478,0.7131294964028777
1884.0,608.7999999998137,3.98,3.483,4064.343000000343,4976.34,8612.34,0.4969999999999999,-0.000899281,1891.1999999999769,0.710431655
1865.47,582.0,3.975,3.498,3968.391,4904.39,8784.7,0.4769999999999998,-0.000899281,1874.0479999999768,0.7131294964028777
1835.14,571.0,3.968,3.495,3896.359000001103,4796.36,8698.41,0.4729999999999998,-0.000899281,1844.2799999999768,0.7185251798561151
1903.68,606.0,3.978,3.485,4088.321000000462,5012.32,8521.09,0.4930000000000003,-0.000899281,1909.444,0.7176258992805755
1877.83,528.0,3.926,3.521,3910.743999999948,4832.34,8827.12,0.4050000000000002,-0.000899281,1885.0159999999769,0.7131294964028777
1798.44,546.0,3.959,3.523,3737.9210000000894,4652.33,8542.38,0.4359999999999999,-0.000899281,1808.3079999999768,0.716726619
1848.0,582.0,3.978,3.497,3962.3600000003353,4868.36,8576.36,0.4810000000000003,-0.000899281,1857.5999999999767,0.7131294964028777
1899.12,534.0,3.924,3.518,3959.2659999998286,4904.27,8874.75,0.4060000000000001,-0.000899281,1905.393999999977,0.7131294964028777
1878.95,602.0,3.972,3.484,4004.328000000678,4904.33,8425.19,0.488,-0.000899281,1886.884,0.7131294964028777
1897.41,534.0,3.924,3.519,3946.742999999784,4904.34,8864.64,0.4049999999999998,-0.000899281,1901.907999999977,0.7122302158273381
1863.14,579.2000000001863,3.974,3.499,3961.158999999054,4904.36,8754.44,0.4750000000000001,-0.000899281,1868.9299999999769,0.7122302158273381
1876.47,598.0,3.972,3.484,3997.158999999985,4904.36,8403.97,0.488,-0.000899281,1881.96,0.7122302158273381
1913.92,618.0,3.981,3.486,4076.3519999999553,5012.35,8533.6,0.4949999999999996,-0.000899281,1909.208,0.7167266187050358
1875.45,528.0,3.927,3.521,3903.529000000097,4832.33,8796.24,0.4060000000000001,-0.000899281,1880.9459999999767,0.7122302158273381
1884.0,596.0,3.97,3.488,4040.359000001103,4940.36,8695.58,0.4820000000000002,-0.000899281,1893.6,0.7356115107913669
1832.51,568.0,3.968,3.494,3884.312999999151,4796.31,8703.8,0.4739999999999997,-0.000899281,1838.4359999999767,0.7176258992805755
1884.0,608.7999999998137,3.98,3.483,4054.790000000037,4976.39,8612.39,0.4969999999999999,-0.000899281,1886.399999999977,0.7095323741007193
1884.22,616.7999999998137,3.979,3.477,4034.218000000343,4940.22,8474.28,0.5020000000000002,-0.000899281,1888.57,0.7122302158273381
1862.53,588.0,3.973,3.495,3986.327999999746,4904.33,8885.92,0.4779999999999997,-0.000899281,1868.863999999988,0.7077338129496404
1848.0,578.4000000003725,3.979,3.495,3953.943999999203,4868.34,8652.19,0.484,-0.000899281,1852.7999999999768,0.7122302158273381
1839.56,504.0,3.93,3.528,3809.849999999628,4724.25,8646.78,0.4020000000000001,-0.000899281,1845.712,0.7122302158273381
1833.98,566.0,3.971,3.5,3874.758999999613,4796.36,8514.73,0.4710000000000001,-0.000899281,1839.985999999977,0.7122302158273381
1796.19,544.0,3.959,3.523,3728.327999999746,4616.33,8536.7,0.4359999999999999,-0.000899281,1805.3879999999767,0.7158273381294964
1899.74,609.5999999996275,3.979,3.48,4112.312999999151,5012.31,8526.72,0.4990000000000001,-0.000899281,1906.776,0.7158273381294964
1882.38,615.2000000001863,3.979,3.478,4028.327999999746,4940.33,8477.31,0.5009999999999999,-0.000899281,1885.852,0.7113309352517986
1884.0,606.0,3.98,3.484,4046.311999999918,4940.31,8576.31,0.496,-0.000899281,1884.0,0.7086330935251799
1829.19,566.0,3.967,3.494,3874.760000000708,4796.39,8698.81,0.4729999999999998,-0.000899281,1835.1159999999768,0.7167266187050358
1884.0,597.5999999996275,3.97,3.489,4028.234000001103,4940.23,8684.23,0.4810000000000003,-0.000899281,1888.8,0.7347122302158274
1872.92,526.0,3.927,3.521,3896.3439999995753,4832.34,8804.0,0.4060000000000001,-0.000899281,1878.0259999999769,0.7113309352517986
1848.0,580.0,3.979,3.495,3944.344000000506,4868.34,8576.34,0.484,-0.000899281,1850.399999999977,0.7113309352517986
1831.09,568.0,3.97,3.501,3866.311999999918,4796.31,8473.75,0.4690000000000003,-0.000899281,1836.7639999999767,0.7113309352517986
1793.81,544.0,3.959,3.524,3716.375,4616.38,8534.2,0.435,-0.000899281,1799.4079999999765,0.7149280575539568
1894.2,531.0,3.923,3.519,3946.759000001475,4904.36,8874.41,0.4039999999999999,-0.000899281,1899.1919999999768,0.7113309352517986
1860.09,577.5999999996275,3.974,3.499,3953.974999999628,4868.38,8717.14,0.4750000000000001,-0.000899281,1865.8259999999768,0.7113309352517986
1859.16,586.0,3.972,3.495,3980.327999999746,4904.33,8861.44,0.4769999999999998,-0.000899281,1865.5339999999885,0.7068345323741008
1836.75,502.0,3.929,3.528,3795.528000000864,4724.33,8619.23,0.4009999999999998,-0.000899281,1842.522,0.7113309352517986
1873.83,600.0,3.972,3.485,3989.959999999032,4904.36,8403.61,0.4870000000000001,-0.000899281,1878.934,0.7113309352517986
1895.55,604.0,3.978,3.486,4064.320000000298,4976.32,8489.34,0.492,-0.000899281,1903.94,0.7149280575539569
1829.34,564.0,3.971,3.501,3854.311999998986,4760.31,8486.51,0.4700000000000002,-0.000899281,1834.0879999999763,0.710431655
1891.83,530.0,3.923,3.519,3939.450000000186,4868.25,8844.19,0.4039999999999999,-0.000899281,1896.8079999999768,0.710431655
1872.0,603.0,3.98,3.484,4040.344000000506,4940.34,8540.34,0.496,-0.000899281,1881.5999999999767,0.7077338129496404
1857.8,574.0,3.974,3.499,3944.327999998816,4868.33,8712.0,0.4750000000000001,-0.000899281,1862.909999999977,0.710431655
1834.44,502.0,3.93,3.529,3788.453000000678,4724.45,8637.25,0.4010000000000002,-0.000899281,1839.822,0.710431655
1791.78,543.0,3.959,3.523,3710.375,4616.38,8512.64,0.4359999999999999,-0.000899281,1796.407999999977,0.7140287769784173
1872.83,600.0,3.972,3.485,3980.3909999998286,4904.39,8403.91,0.4870000000000001,-0.000899281,1876.782,0.710431655
1848.0,576.0,3.979,3.495,3938.311999998986,4832.31,8612.31,0.484,-0.000899281,1848.0,0.710431655
1884.0,598.0,3.97,3.489,4022.3600000003353,4940.36,8648.36,0.4810000000000003,-0.000899281,1886.4,0.7338129496402878
1826.27,566.0,3.967,3.495,3860.2960000000894,4760.3,8647.48,0.472,-0.000899281,1832.2539999999767,0.7158273381294964
1856.31,584.0,3.972,3.495,3968.391,4904.39,8871.75,0.4769999999999998,-0.000899281,1862.363999999988,0.7059352517985611
1880.31,615.2000000001863,3.979,3.477,4018.713000001386,4940.31,8469.34,0.5020000000000002,-0.000899281,1883.52,0.710431655
1870.36,524.0,3.926,3.522,3889.1749999998137,4832.38,8811.64,0.4040000000000003,-0.000899281,1875.3299999999767,0.710431655
1831.58,502.0,3.929,3.529,3781.158999999054,4724.36,8619.17,0.3999999999999999,-0.000899281,1837.022,0.7095323741007195
1888.34,528.7999999998137,3.922,3.52,3932.311999998986,4868.31,8826.81,0.4020000000000001,-0.000899281,1894.1799999999769,0.7095323741007193
1869.89,596.0,3.972,3.484,3975.528000000864,4904.33,8430.92,0.488,-0.000899281,1874.394,0.7095323741007195
1836.0,578.0,3.978,3.495,3926.359,4832.36,8612.36,0.4830000000000001,-0.000899281,1845.5999999999767,0.7095323741007195
1852.77,582.0,3.971,3.496,3962.3899999996647,4868.39,8806.53,0.4750000000000001,-0.000899281,1859.241999999988,0.7050359712230216
1878.5,615.2000000001863,3.979,3.478,4011.5279999990016,4940.33,8480.67,0.5009999999999999,-0.000899281,1882.42,0.7095323741007195
1872.0,603.2000000001863,3.98,3.483,4033.160000000149,4940.36,8612.36,0.4969999999999999,-0.000899281,1879.1999999999769,0.7068345323741008
1867.42,526.0,3.926,3.522,3874.713000000456,4832.31,8825.16,0.4040000000000003,-0.000899281,1872.7959999999769,0.7095323741007193
1789.14,540.0,3.959,3.523,3704.328000000678,4616.33,8518.44,0.4359999999999999,-0.000899281,1793.8719999999769,0.7131294964028776
1823.81,566.0,3.967,3.495,3854.313000000082,4760.31,8673.89,0.472,-0.000899281,1829.3839999999768,0.7149280575539569
1892.89,604.0,3.978,3.486,4052.321000000462,4976.31,8481.77,0.492,-0.000899281,1901.156,0.7140287769784173
1854.72,576.0,3.973,3.5,3932.3600000003353,4868.36,8701.7,0.4729999999999998,-0.000899281,1860.2439999999765,0.7095323741007195
12.0,42.85714285634458,3.066,3.489,92.14628568012267,5.98,5.98,-0.423,-0.000899281,1509.6,0.7329136690647482
1827.0,566.0,3.97,3.501,3848.328000000678,4760.33,8506.56,0.4690000000000003,-0.000899281,1831.5659999999768,0.7095323741007193
1886.45,530.0,3.922,3.52,3925.0660000005737,4868.27,8823.14,0.4020000000000001,-0.000899281,1891.6459999999763,0.7086330935251799
1852.19,574.0,3.973,3.5,3926.375,4868.38,8701.56,0.4729999999999998,-0.000899281,1857.5879999999768,0.708633094
1867.56,598.4000000003725,3.972,3.485,3968.375,4868.38,8413.53,0.4870000000000001,-0.000899281,1872.116,0.708633094
1876.12,613.5752000007778,3.979,3.477,4004.343000000343,4940.34,8466.01,0.5020000000000002,-0.000899281,1880.306,0.708633094
1864.47,521.9741666661575,3.926,3.523,3867.450000000186,4796.25,8748.99,0.403,-0.000899281,1870.1239999999768,0.7086330935251799
1872.0,600.0,3.98,3.484,4022.327999999746,4940.33,8540.33,0.496,-0.000899281,1876.7999999999768,0.7059352517985611
1836.0,574.0,3.978,3.496,3917.958999999799,4832.36,8612.36,0.4820000000000002,-0.000899281,1843.1999999999769,0.708633094
1786.62,539.0,3.959,3.524,3694.650000000373,4580.25,8522.2,0.435,-0.000899281,1791.5079999999766,0.7122302158273381
1820.58,562.0,3.967,3.495,3842.2350000003353,4760.24,8670.25,0.472,-0.000899281,1826.4719999999768,0.7140287769784173
1884.0,594.0206666653976,3.97,3.488,4082.337833333761,5012.34,8720.31,0.4820000000000002,-0.000899281,1509.6,0.7320143884892086
1828.25,499.0,3.929,3.529,3773.8190000010654,4688.22,8576.28,0.3999999999999999,-0.000899281,1834.116,0.708633094
1824.28,562.0,3.97,3.501,3838.775000000373,4760.38,8507.03,0.4690000000000003,-0.000899281,1829.1379999999767,0.7086330935251799
1890.51,602.0,3.978,3.487,4040.344000000506,4976.34,8482.88,0.4910000000000001,-0.000899281,1898.522,0.7131294964028777
1850.48,580.0,3.971,3.497,3953.9440000010654,4868.34,8862.2,0.4740000000000002,-0.000899281,1856.2499999999884,0.704136691
1872.0,601.5999999996275,3.98,3.485,4011.5589999994254,4904.36,8540.36,0.4950000000000001,-0.000899281,1874.399999999977,0.7050359712230216
1836.0,576.0,3.978,3.495,3908.312999999151,4832.31,8612.31,0.4830000000000001,-0.000899281,1840.7999999999768,0.7077338129496403
1784.2,538.0,3.959,3.524,3686.25,4580.25,8534.66,0.435,-0.000899281,1789.1099999999765,0.7113309352517986
1862.47,524.0,3.925,3.524,3866.359,4796.36,8766.38,0.4009999999999998,-0.000899281,1867.5279999999768,0.7077338129496404
1884.58,526.0,3.922,3.521,3917.943,4868.34,8810.36,0.4010000000000002,-0.000899281,1889.0799999999767,0.7077338129496404
1822.72,564.0,3.97,3.502,3830.311999999918,4760.31,8491.61,0.4680000000000004,-0.000899281,1826.8859999999768,0.7077338129496404
1884.0,594.0,3.97,3.49,4004.328000000678,4940.33,8648.33,0.48,-0.000899281,1509.6,0.7311151079136691
1887.95,602.4000000003725,3.977,3.486,4034.311999999918,4940.31,8462.11,0.4909999999999996,-0.000899281,1893.328,0.7122302158273381
1848.0,578.0,3.97,3.497,3944.3439999995753,4868.34,8819.64,0.4730000000000003,-0.000899281,1853.343999999988,0.7032374100719424
1849.77,570.4000000003725,3.973,3.5,3920.2340000001714,4868.23,8723.11,0.4729999999999998,-0.000899281,1854.9139999999768,0.7077338129496403
1826.78,500.1428571427241,3.93,3.529,3764.2350000003353,4688.24,8610.05,0.4010000000000002,-0.000899281,1831.56,0.7077338129496403
1866.23,598.4000000003725,3.971,3.485,3962.359,4868.36,8414.62,0.4860000000000002,-0.000899281,1870.068,0.7077338129496403
1874.39,613.5999999996275,3.979,3.479,3997.158999999985,4904.36,8441.44,0.5,-0.000899281,1878.34,0.7077338129496403
1817.92,561.0,3.967,3.496,3831.544000001624,4724.34,8627.83,0.4710000000000001,-0.000899281,1823.553999999977,0.7131294964028777
1863.84,596.7999999998137,3.971,3.484,3956.328000000678,4868.33,8400.61,0.4870000000000001,-0.000899281,1868.07,0.7068345323741008
1847.36,571.0,3.973,3.5,3910.7440000018105,4832.34,8700.19,0.4729999999999998,-0.000899281,1852.3679999999767,0.7068345323741008
1836.0,572.0,3.979,3.496,3902.327999999746,4796.33,8612.33,0.4830000000000001,-0.000899281,1838.399999999977,0.7068345323741008
1815.33,560.0,3.967,3.496,3824.359,4724.36,8629.86,0.4710000000000001,-0.000899281,1820.7819999999767,0.7122302158273381
1872.44,610.0,3.979,3.477,3992.311999998986,4904.31,8469.69,0.5020000000000002,-0.000899281,1876.352,0.7068345323741008
1824.64,498.0,3.93,3.53,3758.327999999746,4688.33,8603.5,0.4000000000000003,-0.000899281,1829.138,0.7068345323741008
1860.86,520.0,3.925,3.523,3860.328000000678,4796.33,8777.48,0.4019999999999997,-0.000899281,1865.1159999999768,0.7068345323741008
1881.86,528.0206666672602,3.922,3.521,3910.728000000119,4868.33,8809.41,0.4010000000000002,-0.000899281,1886.611999999977,0.7068345323741008
1845.27,576.0,3.97,3.497,3938.2340000001714,4868.23,8838.5,0.4730000000000003,-0.000899281,1850.5659999999884,0.7023381294964028
1820.06,562.0,3.97,3.502,3824.311999999918,4760.31,8492.12,0.4680000000000004,-0.000899281,1824.6799999999769,0.7068345323741008
1872.0,598.0,3.98,3.484,4004.327999999746,4904.33,8540.33,0.496,-0.000899281,1872.0,0.704136691
1782.94,538.0,3.959,3.524,3680.3899999996647,4580.39,8514.75,0.435,-0.000899281,1786.9359999999767,0.710431655
1884.0,602.4000000003725,3.978,3.487,4025.9440000010654,4940.34,8482.75,0.4910000000000001,-0.000899281,1890.18,0.7113309352517986
1872.0,592.0,3.97,3.491,3997.018999999389,4904.22,8612.22,0.4790000000000001,-0.000899281,1507.2,0.7302158273381295
1857.47,518.0,3.925,3.524,3853.112999999896,4796.31,8733.22,0.4009999999999998,-0.000899281,1862.5379999999768,0.7059352517985611
1812.31,558.0,3.966,3.496,3812.452999999746,4724.45,8574.94,0.4700000000000002,-0.000899281,1817.9899999999768,0.7113309352517986
1872.0,597.0,3.979,3.486,4004.375,4904.38,8612.38,0.4929999999999999,-0.000899281,1872.0,0.7032374100719424
1860.98,595.2000000001863,3.971,3.485,3946.619000000879,4868.22,8374.91,0.4860000000000002,-0.000899281,1865.7,0.7059352517985611
1870.08,612.0,3.978,3.477,3982.7430000007153,4904.34,8435.91,0.5010000000000003,-0.000899281,1874.306,0.7059352517985611
1821.47,495.8571428572759,3.929,3.53,3746.312999999151,4688.31,8604.22,0.399,-0.000899281,1826.544,0.7059352517985611
1879.22,526.0,3.921,3.521,3904.562999999151,4834.56,8820.7,0.3999999999999999,-0.000899281,1884.0899999999765,0.7059352517985611
1817.69,562.0,3.969,3.501,3818.311999999918,4724.31,8468.86,0.4679999999999999,-0.000899281,1822.3499999999767,0.7059352517985611
1836.0,571.0,3.978,3.497,3896.344000001438,4796.34,8576.34,0.4810000000000003,-0.000899281,1836.0,0.7059352517985611
1841.34,565.5999999996275,3.972,3.501,3903.5439999997616,4832.34,8669.86,0.4710000000000001,-0.000899281,1849.0759999999768,0.7059352517985611
1872.0,590.0,3.969,3.49,3989.990999999456,4904.39,8576.39,0.4789999999999996,-0.000899281,1504.8,0.729316547
1841.41,576.0,3.968,3.497,3926.344000001438,4832.34,8830.97,0.4710000000000001,-0.000899281,1847.5859999999884,0.7014388489208633
1780.95,538.0,3.959,3.523,3674.311999999918,4580.31,8529.14,0.4359999999999999,-0.000899281,1784.7699999999768,0.7095323741007195
1885.31,598.4000000003725,3.978,3.487,4018.743999999948,4940.34,8510.02,0.4910000000000001,-0.000899281,1888.132,0.710431655
1872.0,590.4000000003725,3.969,3.491,3982.712999999523,4904.31,8612.31,0.4779999999999997,-0.000899281,1876.8,0.7284172661870504
1835.72,572.0,3.977,3.497,3884.234,4796.23,8576.23,0.48,-0.000899281,1835.9439999999763,0.7050359712230215
1869.16,596.0,3.979,3.486,3989.958999998868,4904.36,8540.36,0.4929999999999999,-0.000899281,1871.4319999999768,0.7023381294964028
1854.69,517.0,3.924,3.525,3842.313000000082,4760.31,8768.19,0.399,-0.000899281,1859.9919999999763,0.7050359712230216
1866.97,608.0,3.977,3.478,3974.344000001438,4904.34,8447.55,0.4989999999999996,-0.000899281,1872.0,0.7050359712230215
1857.06,594.0,3.97,3.485,3938.343000000343,4868.34,8405.28,0.4850000000000003,-0.000899281,1863.134,0.7050359712230215
1813.92,559.0,3.968,3.502,3809.943999999203,4724.34,8468.41,0.4660000000000002,-0.000899281,1819.7339999999767,0.7050359712230216
1875.91,524.0,3.92,3.523,3889.017999999225,4832.22,8820.58,0.3969999999999998,-0.000899281,1881.6039999999768,0.7050359712230216
1818.39,496.5714285718277,3.929,3.531,3730.635000000708,4652.24,8584.61,0.3979999999999997,-0.000899281,1823.906,0.7050359712230215
1836.19,561.0,3.971,3.504,3884.375,4832.38,8669.11,0.4670000000000001,-0.000899281,1845.3699999999767,0.7050359712230215
1833.55,570.0,3.967,3.498,3914.3749999990687,4832.36,8830.98,0.4689999999999998,-0.000899281,1843.741999999988,0.7005395683453237
1809.28,556.0,3.966,3.497,3802.744000000879,4724.34,8631.24,0.4690000000000003,-0.000899281,1815.0839999999769,0.710431655
1778.5,536.0,3.959,3.524,3668.3439999995753,4580.34,8534.72,0.435,-0.000899281,1782.6419999999766,0.7086330935251799
1883.25,600.0,3.978,3.488,4011.513000000268,4940.31,8505.31,0.4900000000000002,-0.000899281,1886.204,0.7095323741007193
1805.12,552.0,3.974,3.715,3710.359,4662.02,8644.55,0.2590000000000003,-0.000899281,1815.9019999999769,0.704136691
1826.38,564.0,3.986,3.798,3800.984,4746.02,8722.02,0.1880000000000001,-0.000899281,1834.0199999999768,0.7041366906474821
1874.5,525.5939999995753,3.931,3.703,3815.25,4795.0,8941.41,0.2280000000000002,-0.000899281,1879.2139999999767,0.704136691
1832.78,561.5939999995753,3.979,3.714,3794.3439999995753,4760.01,8807.09,0.2650000000000001,-0.000899281,1841.4879999999769,0.7041366906474821
1775.91,535.2000000001863,3.958,3.525,3658.743999999948,4544.34,8535.48,0.4330000000000003,-0.000899281,1780.4999999999768,0.7077338129496403
1861.94,602.406,3.982,3.707,3885.375,4837.0,8572.67,0.2750000000000003,-0.000899281,1869.164,0.7041366906474821
1880.84,600.7999999998137,3.978,3.487,4004.312,4940.31,8481.28,0.4910000000000001,-0.000899281,1884.27,0.7086330935251799
1834.06,573.5929999994114,3.976,3.712,3794.4060000004247,4753.0,9045.56,0.2639999999999998,-0.000899281,1840.4579999999885,0.6996402877697842
1862.39,576.0,3.972,3.795,3927.0149999996647,4879.01,8673.0,0.177,-0.000899281,1872.478,0.7275179856115109
1814.53,564.0,3.974,3.714,3710.234,4655.0,8765.7,0.2600000000000002,-0.000899281,1813.8739999999768,0.7095323741007193
1850.31,585.5939999995753,3.975,3.799,3843.3600000003353,4802.38,8584.86,0.1760000000000001,-0.000899281,1859.684,0.7041366906474821
1812.69,496.7810000004247,3.935,3.717,3640.2649999996647,4606.03,8675.17,0.2179999999999999,-0.000899281,1820.794,0.7041366906474821
1864.78,592.813,3.987,3.795,3906.016,4858.02,8666.02,0.1920000000000001,-0.000899281,1869.9879999999769,0.7014388489208633
1856.78,519.5935000004247,3.934,3.814,3766.375,4739.38,8819.47,0.1200000000000001,-0.000899281,1858.4539999999768,0.704136691
1817.72,563.0,3.962,3.798,3722.2189999995753,4652.22,8719.44,0.1640000000000001,-0.000899281,1813.8339999999769,0.7086330935251799
1815.91,491.1428571427241,3.924,3.812,3615.637000000104,4580.44,8697.09,0.1120000000000001,-0.000899281,1818.62,0.7032374100719425
1865.66,604.0,3.973,3.791,3866.2189999995753,4796.22,8533.69,0.1819999999999999,-0.000899281,1867.418,0.7032374100719425
1860.0,576.0,3.964,3.794,3866.311999998986,4796.31,8612.31,0.1699999999999999,-0.000899281,1867.678,0.7266187050359713
1858.47,518.0,3.922,3.808,3773.974999999628,4724.38,8821.41,0.1140000000000003,-0.000899281,1857.6539999999768,0.7032374100719424
1877.56,522.0,3.919,3.808,3809.818999999203,4760.22,8844.59,0.1110000000000002,-0.000899281,1877.8099999999763,0.7032374100719424
1824.0,562.0,3.974,3.794,3766.806000000797,4688.41,8648.41,0.1800000000000001,-0.000899281,1831.6199999999767,0.7032374100719425
1810.81,554.0,3.963,3.8,3673.111999999732,4616.31,8578.12,0.1630000000000002,-0.000899281,1813.5199999999768,0.7032374100719424
1840.47,564.0,3.968,3.796,3781.205999999307,4760.41,8744.22,0.1720000000000001,-0.000899281,1839.6279999999765,0.7032374100719425
1766.84,535.2189999995753,3.96,3.715,3556.359000000172,4494.02,8692.62,0.2450000000000001,-0.000899281,1777.0279999999766,0.7068345323741008
1854.38,588.0,3.965,3.795,3817.0499999998137,4760.25,8481.84,0.1699999999999999,-0.000899281,1857.314,0.7032374100719425
1860.0,589.5999999996275,3.975,3.79,3896.311999999918,4832.31,8648.31,0.185,-0.000899281,1867.5879999999768,0.7005395683453237
1879.36,596.7999999998137,3.978,3.488,3998.3211666662246,4904.28,8487.75,0.4900000000000002,-0.000899281,1882.552,0.7077338129496404
1845.88,578.0,3.966,3.795,3812.375,4760.38,8899.94,0.1710000000000002,-0.000899281,1840.0339999999885,0.6987410071942446
1877.75,524.0,3.92,3.525,3889.143000000157,4832.34,8848.5,0.395,-0.000899281,1876.9879999999769,0.7023381294964028
1816.06,558.0,3.968,3.508,3788.375,4688.38,8472.66,0.4599999999999999,-0.000899281,1812.7199999999768,0.7023381294964028
1824.0,566.4000000003725,3.976,3.503,3854.218000000343,4760.22,8576.22,0.4729999999999998,-0.000899281,1829.2199999999768,0.7023381294964028
1820.66,496.0,3.928,3.535,3722.25,4652.25,8622.31,0.3929999999999998,-0.000899281,1817.824,0.7023381294964028
1819.5,566.0258333319798,3.965,3.496,3818.3429999994114,4724.34,8681.5,0.4689999999999998,-0.000899281,1814.6679999999767,0.7077338129496404
1858.06,517.0,3.923,3.545,3845.942999999039,4796.34,8777.19,0.3780000000000001,-0.000899281,1857.0939999999769,0.7023381294964028
1877.01,598.0,3.977,3.487,3992.3439999995753,4904.34,8447.61,0.4899999999999997,-0.000899281,1881.154,0.7068345323741008
1870.09,608.0,3.977,3.483,3962.3439999995753,4868.34,8482.56,0.4939999999999998,-0.000899281,1866.948,0.7023381294964028
1845.53,580.0,3.967,3.499,3932.312999999151,4832.31,8854.62,0.4679999999999999,-0.000899281,1840.0859999999884,0.6978417266187049
1872.0,594.0,3.979,3.49,3980.344000000506,4904.34,8576.34,0.4889999999999999,-0.000899281,1867.5879999999768,0.6996402877697842
1768.94,530.0,3.952,3.808,3521.912000000477,4436.31,8632.34,0.1440000000000001,-0.000899281,1774.2279999999766,0.7059352517985611
1848.0,572.0,3.96,3.499,3944.2820000005886,4868.28,8684.28,0.4609999999999998,-0.000899281,1862.878,0.7257194244604317
1841.22,566.0,3.971,3.506,3890.25,4832.25,8687.41,0.4650000000000003,-0.000899281,1838.399999999977,0.7023381294964028
1859.09,590.0,3.969,3.493,3910.743999999948,4832.34,8431.69,0.476,-0.000899281,1856.364,0.7023381294964028
1854.56,518.0,3.923,3.525,3845.912999998778,4796.31,8736.44,0.3980000000000001,-0.000899281,1856.511999999977,0.7014388489208633
1844.66,579.2000000001863,3.968,3.497,3926.344000001438,4832.34,8904.16,0.4710000000000001,-0.000899281,1840.7359999999885,0.6969424460431655
1816.84,562.0,3.965,3.494,3824.311999998986,4724.31,8652.09,0.4709999999999996,-0.000899281,1815.5739999999769,0.7068345323741008
1868.5,606.4000000003725,3.977,3.479,3975.5439999997616,4904.34,8478.81,0.4979999999999998,-0.000899281,1866.632,0.7014388489208633
1858.69,591.2000000001863,3.97,3.488,3932.375,4832.38,8399.56,0.4820000000000002,-0.000899281,1855.906,0.7014388489208633
1837.97,562.0,3.971,3.504,3890.375,4832.38,8644.72,0.4670000000000001,-0.000899281,1837.7259999999765,0.7014388489208633
1824.0,566.4000000003725,3.977,3.501,3866.375,4760.38,8576.38,0.476,-0.000899281,1826.8199999999767,0.7014388489208633
1814.81,557.5999999996275,3.969,3.504,3806.343000000343,4724.34,8509.41,0.4649999999999998,-0.000899281,1812.1439999999768,0.7014388489208633
1875.53,524.0,3.92,3.523,3889.143000000157,4832.34,8807.91,0.3969999999999998,-0.000899281,1876.2499999999768,0.7014388489208633
1818.69,494.5714285718277,3.928,3.533,3737.849999999628,4652.25,8619.94,0.395,-0.000899281,1817.268,0.7014388489208633
1875.33,595.2000000001863,3.977,3.488,3986.375,4904.38,8475.12,0.4889999999999999,-0.000899281,1879.158,0.7059352517985611
1775.06,534.0,3.955,3.53,3632.311999998986,4544.31,8536.19,0.4250000000000002,-0.000899281,1773.0499999999768,0.7050359712230215
1860.0,594.4000000003725,3.978,3.487,3989.818,4904.22,8576.22,0.4910000000000001,-0.000899281,1865.187999999977,0.6987410071942446
1860.0,582.0,3.965,3.502,3908.312999999151,4832.31,8612.31,0.4630000000000001,-0.000899281,1860.478,0.724820144
1834.84,563.0,3.97,3.503,3881.974999999628,4796.38,8684.16,0.4670000000000001,-0.000899281,1837.455999999977,0.7005395683453237
1840.47,576.0,3.967,3.497,3920.375,4832.38,8828.38,0.4700000000000002,-0.000899281,1842.1199999999883,0.6960431654676259
1814.34,562.0,3.965,3.494,3817.019000001252,4724.22,8656.75,0.4709999999999996,-0.000899281,1816.5859999999768,0.7059352517985611
1773.88,535.0,3.956,3.527,3656.375,4544.38,8522.88,0.4289999999999998,-0.000899281,1772.1259999999766,0.7041366906474821
1856.22,592.0,3.97,3.488,3926.3439999995753,4832.34,8378.56,0.4820000000000002,-0.000899281,1855.738,0.7005395683453237
1873.31,522.0,3.92,3.523,3881.818999999203,4832.22,8801.62,0.3969999999999998,-0.000899281,1875.7299999999768,0.7005395683453237
1815.69,493.0,3.928,3.533,3728.375,4652.38,8587.25,0.395,-0.000899281,1816.7280000000003,0.7005395683453237
1824.0,564.0,3.977,3.5,3860.343000000343,4760.34,8576.34,0.4769999999999998,-0.000899281,1824.4759999999765,0.7005395683453237
1811.94,556.0,3.969,3.503,3800.311999999918,4724.31,8498.28,0.4659999999999997,-0.000899281,1811.7479999999769,0.7005395683453237
1860.0,596.0,3.979,3.486,3982.7430000007153,4904.34,8540.34,0.4929999999999999,-0.000899281,1863.3559999999768,0.6978417266187049
1851.66,517.2000000001863,3.923,3.525,3838.713000001386,4760.31,8714.34,0.3980000000000001,-0.000899281,1855.9059999999768,0.7005395683453237
1865.84,606.4000000003725,3.977,3.479,3968.312,4904.31,8471.09,0.4979999999999998,-0.000899281,1866.406,0.7005395683453237
1872.2,594.0,3.976,3.488,3980.3600000003353,4904.36,8480.42,0.488,-0.000899281,1876.948,0.7050359712230216
1872.0,587.1875999998301,3.968,3.496,3950.344000001438,4868.34,8576.34,0.472,-0.000899281,1860.478,0.7239208633093526
1860.0,594.0,3.978,3.486,3974.3439999995753,4868.34,8540.34,0.492,-0.000899281,1862.399999999977,0.6969424460431655
1811.09,560.0,3.964,3.494,3802.712000001222,4724.31,8611.78,0.4699999999999997,-0.000899281,1815.8979999999767,0.7050359712230216
1853.0,590.0,3.97,3.488,3920.343000000343,4832.34,8382.53,0.4820000000000002,-0.000899281,1856.2760000000003,0.6996402877697842
1830.72,560.0,3.969,3.505,3872.186999999918,4796.19,8628.84,0.4639999999999999,-0.000899281,1837.043999999977,0.6996402877697842
1874.19,524.0,3.921,3.524,3874.743999999948,4832.34,8832.22,0.3969999999999998,-0.000899281,1875.6679999999767,0.6996402877697842
1807.88,555.0,3.969,3.503,3788.343000000343,4688.34,8471.06,0.4659999999999997,-0.000899281,1812.2999999999768,0.6996402877697842
1826.19,562.0,3.977,3.502,3853.112999999896,4760.31,8576.31,0.4750000000000001,-0.000899281,1824.437999999977,0.6996402877697842
1812.72,492.0,3.928,3.532,3716.344000000506,4652.34,8591.22,0.3959999999999999,-0.000899281,1816.734,0.6996402877697842
1860.0,583.2000000001863,3.968,3.494,3956.3439999995753,4868.34,8612.34,0.4739999999999997,-0.000899281,1860.0,0.7230215827338129
1770.78,532.0,3.956,3.527,3650.313000001013,4544.31,8498.03,0.4289999999999998,-0.000899281,1771.0999999999767,0.7032374100719424
1852.06,519.2000000001863,3.923,3.525,3824.3429999994114,4760.34,8689.38,0.3980000000000001,-0.000899281,1854.9619999999768,0.6996402877697842
1864.94,590.375,3.982,3.711,3892.344000000506,4844.0,8606.99,0.2710000000000003,-0.000899281,1873.768,0.704136691
1862.81,604.7999999998137,3.977,3.479,3962.2179999994114,4868.22,8477.81,0.4979999999999998,-0.000899281,1866.58,0.6996402877697842
1837.72,577.5999999996275,3.968,3.497,3908.312,4832.31,8832.62,0.4710000000000001,-0.000899281,1842.8519999999885,0.6951438848920863
1836.16,572.0,3.969,3.498,3896.375,4832.38,8920.09,0.4709999999999996,-0.000899281,1840.9079999999883,0.6942446043165468
1859.25,603.2000000001863,3.977,3.481,3950.311999998986,4868.31,8442.28,0.496,-0.000899281,1865.298,0.6987410071942446
1868.56,588.0,3.971,3.791,3860.375,4796.38,8546.41,0.1800000000000001,-0.000899281,1871.608,0.7032374100719424
1860.0,591.2000000001863,3.977,3.487,3962.311999999918,4868.31,8540.31,0.4899999999999997,-0.000899281,1862.399999999977,0.6960431654676259
1860.0,584.0,3.968,3.493,3953.974999999628,4868.38,8612.38,0.4750000000000001,-0.000899281,1860.0,0.7221223021582734
1767.34,531.0,3.956,3.526,3638.375,4544.38,8485.22,0.4300000000000001,-0.000899281,1771.1999999999766,0.7023381294964028
1803.78,554.0,3.965,3.495,3800.311999998986,4688.31,8604.88,0.4699999999999997,-0.000899281,1813.1099999999765,0.704136691
1853.28,520.0,3.923,3.526,3831.575000000186,4760.38,8719.62,0.3970000000000002,-0.000899281,1853.9239999999768,0.6987410071942446
1850.34,588.0,3.969,3.487,3908.311999999918,4832.31,8366.16,0.4819999999999997,-0.000899281,1855.468,0.6987410071942446
1804.53,554.0,3.968,3.504,3776.344000000506,4688.34,8480.06,0.4639999999999999,-0.000899281,1811.043999999977,0.6987410071942446
1872.75,522.0,3.921,3.523,3878.25,4832.25,8833.09,0.3979999999999997,-0.000899281,1874.705999999977,0.6987410071942446
1829.53,560.0,3.969,3.505,3860.344000000506,4796.34,8678.84,0.4639999999999999,-0.000899281,1834.8559999999768,0.6987410071942446
1824.0,566.0,3.977,3.5,3845.912999999709,4760.31,8504.31,0.4769999999999998,-0.000899281,1824.437999999977,0.6987410071942446
1810.06,494.0,3.927,3.533,3709.2060000002384,4616.41,8591.91,0.3940000000000001,-0.000899281,1815.564,0.6987410071942446
1848.0,588.0,3.977,3.488,3956.344000000506,4868.34,8540.34,0.4889999999999999,-0.000899281,1857.5999999999767,0.6951438848920863
1874.72,596.0,3.975,3.493,3956.344000001438,4868.34,8496.25,0.4820000000000002,-0.000899281,1871.15,0.7023381294964028
1824.0,566.0,3.978,3.499,3854.311999999918,4760.31,8540.31,0.4790000000000001,-0.000899281,1824.437999999977,0.6978417266187049
1802.5,551.0,3.968,3.504,3764.375,4688.38,8469.06,0.4639999999999999,-0.000899281,1808.3319999999767,0.6978417266187049
1860.0,582.0,3.967,3.494,3944.375,4868.38,8576.38,0.4729999999999998,-0.000899281,1862.4,0.7212230215827338
1801.0,553.2000000001863,3.965,3.498,3773.9130000006407,4688.31,8555.12,0.4669999999999996,-0.000899281,1809.409999999977,0.7032374100719424
1870.0,522.0,3.92,3.523,3874.619000000879,4796.22,8818.84,0.3969999999999998,-0.000899281,1873.1559999999768,0.6978417266187049
1807.97,491.0,3.927,3.533,3701.974999999628,4616.38,8586.75,0.3940000000000001,-0.000899281,1813.0260000000003,0.6978417266187049
1826.91,558.0,3.969,3.505,3854.311999999918,4796.31,8665.5,0.4639999999999999,-0.000899281,1831.9939999999765,0.6978417266187049
1848.22,590.0,3.969,3.488,3902.3439999995753,4832.34,8360.34,0.4809999999999998,-0.000899281,1853.294,0.6978417266187049
1849.78,517.5999999996275,3.922,3.524,3831.4189999997616,4760.22,8744.22,0.3980000000000001,-0.000899281,1852.2679999999768,0.6978417266187049
1770.0,532.0,3.957,3.527,3626.3439999995753,4508.34,8487.22,0.4299999999999997,-0.000899281,1771.4119999999766,0.7014388489208633
1857.75,603.2000000001863,3.977,3.48,3939.5439999997616,4868.34,8460.0,0.4969999999999999,-0.000899281,1862.83,0.6978417266187049
1832.19,570.0,3.969,3.499,3890.313000001013,4796.31,8900.62,0.4699999999999997,-0.000899281,1838.2399999999884,0.6933453237410072
1873.47,594.0,3.976,3.489,3975.513,4904.31,8478.94,0.4870000000000001,-0.000899281,1870.778,0.7014388489208633
1799.19,552.0,3.966,3.498,3764.375,4652.38,8604.59,0.4679999999999999,-0.000899281,1805.8799999999767,0.7023381294964028
1767.69,532.0,3.956,3.526,3637.144000001252,4544.34,8471.16,0.4300000000000001,-0.000899281,1769.937999999977,0.7005395683453237
1863.94,584.0,3.967,3.495,3938.311999998986,4868.31,8576.31,0.472,-0.000899281,1863.188,0.7203237410071942
1824.12,556.0,3.969,3.505,3845.912999999709,4760.31,8650.66,0.4639999999999999,-0.000899281,1829.223999999977,0.6969424460431655
1848.0,590.0,3.977,3.488,3946.650000000373,4868.25,8540.25,0.4889999999999999,-0.000899281,1855.1999999999769,0.6942446043165468
1799.62,552.0,3.968,3.505,3758.375,4688.38,8432.94,0.4630000000000001,-0.000899281,1805.293999999977,0.6969424460431655
1847.81,518.0,3.922,3.525,3824.344000001438,4760.34,8707.12,0.3970000000000002,-0.000899281,1850.9179999999767,0.6969424460431655
1855.59,600.0,3.977,3.48,3932.313000001013,4868.31,8450.09,0.4969999999999999,-0.000899281,1860.248,0.6969424460431655
1805.06,490.0,3.926,3.533,3692.344000000506,4616.34,8575.09,0.3930000000000002,-0.000899281,1810.3,0.6969424460431655
1829.91,568.0,3.968,3.5,3878.313000001013,4796.31,8828.31,0.4679999999999999,-0.000899281,1835.2899999999888,0.6924460431654677
1846.12,586.4000000003725,3.969,3.487,3896.3439999995753,4796.34,8383.66,0.4819999999999997,-0.000899281,1850.78,0.6969424460431655
1867.5,521.0,3.92,3.524,3866.3439999995753,4796.34,8834.66,0.3959999999999999,-0.000899281,1871.5499999999768,0.6969424460431655
1824.0,566.0,3.978,3.499,3848.25,4760.25,8612.25,0.4790000000000001,-0.000899281,1824.437999999977,0.6969424460431655
1797.91,549.9893333334476,3.968,3.504,3752.343000000343,4652.34,8464.62,0.4639999999999999,-0.000899281,1802.4879999999769,0.6960431654676259
1843.81,588.0,3.969,3.487,3884.3439999995753,4796.34,8386.34,0.4819999999999997,-0.000899281,1848.298,0.696043165
1822.75,556.0,3.969,3.505,3836.311999999918,4760.31,8641.75,0.4639999999999999,-0.000899281,1826.8059999999768,0.696043165
1863.88,520.0,3.92,3.524,3853.143999999389,4796.34,8823.25,0.3959999999999999,-0.000899281,1869.6639999999768,0.6960431654676259
1848.0,588.0,3.976,3.488,3939.606000000611,4832.41,8540.41,0.488,-0.000899281,1852.7999999999768,0.6933453237410072
1803.09,490.0,3.926,3.533,3680.406999999657,4616.41,8560.16,0.3930000000000002,-0.000899281,1807.78,0.696043165
1762.47,532.0,3.956,3.525,3629.943999999203,4544.34,8467.38,0.431,-0.000899281,1767.6559999999763,0.6996402877697842
1860.0,580.0,3.967,3.495,3932.3429999994114,4832.34,8576.34,0.472,-0.000899281,1860.788,0.7194244604316546
1853.88,600.0,3.977,3.481,3926.3439999995753,4832.34,8451.53,0.496,-0.000899281,1857.856,0.696043165
1847.06,517.9946666667238,3.922,3.524,3817.1749999998137,4760.38,8701.78,0.3980000000000001,-0.000899281,1849.9979999999769,0.6960431654676259
1797.25,551.0,3.966,3.498,3758.375,4652.38,8587.03,0.4679999999999999,-0.000899281,1802.4619999999768,0.7014388489208633
1827.41,569.0,3.968,3.5,3872.3439999995753,4796.34,8821.06,0.4679999999999999,-0.000899281,1832.6779999999883,0.6915467625899281
1824.0,565.0,3.977,3.498,3842.3439999995753,4760.34,8576.34,0.4789999999999996,-0.000899281,1824.437999999977,0.696043165
1870.91,592.0,3.976,3.489,3974.2189999995753,4904.22,8453.25,0.4870000000000001,-0.000899281,1870.52,0.7005395683453237
1759.31,528.0,3.956,3.526,3614.312999999151,4508.31,8438.03,0.4300000000000001,-0.000899281,1765.361999999977,0.6987410071942446
1795.69,552.5999999996275,3.965,3.498,3752.3429999994114,4652.34,8615.56,0.4669999999999996,-0.000899281,1799.3819999999766,0.7005395683453237
1801.03,489.8571428572759,3.926,3.533,3680.3439999995753,4616.34,8554.75,0.3930000000000002,-0.000899281,1805.442,0.6951438848920863
1846.44,517.0,3.922,3.525,3809.9130000006407,4760.31,8704.44,0.3970000000000002,-0.000899281,1848.8739999999768,0.6951438848920863
1826.06,566.0,3.968,3.5,3860.313000001013,4796.31,8821.56,0.4679999999999999,-0.000899281,1830.345999999988,0.6906474820143884
1868.25,592.0,3.976,3.488,3962.2179999994114,4868.22,8495.88,0.488,-0.000899281,1871.182,0.6996402877697842
1852.28,601.5999999996275,3.977,3.481,3920.188000001013,4832.19,8457.41,0.496,-0.000899281,1855.75,0.6951438848920863
1848.0,580.0,3.967,3.495,3926.311999998986,4832.31,8576.31,0.472,-0.000899281,1858.388,0.7185251798561151
1852.72,588.0,3.977,3.488,3932.313000000082,4832.34,8504.31,0.4889999999999999,-0.000899281,1851.3439999999769,0.6924460431654677
1841.66,584.7999999998137,3.969,3.488,3878.313000000082,4796.31,8324.81,0.4809999999999998,-0.000899281,1846.03,0.6951438848920863
1821.16,558.0,3.969,3.505,3830.4060000004247,4760.41,8680.38,0.4639999999999999,-0.000899281,1824.8939999999768,0.6951438848920863
1796.0,548.0,3.968,3.506,3740.375,4652.38,8467.0,0.4620000000000002,-0.000899281,1800.111999999977,0.6951438848920863
1861.31,517.0,3.921,3.524,3845.912999999709,4796.31,8791.34,0.3969999999999998,-0.000899281,1867.0879999999763,0.6951438848920863
1812.0,565.2000000001863,3.976,3.498,3836.375,4760.38,8540.38,0.4779999999999997,-0.000899281,1821.5999999999767,0.6951438848920863
1794.38,548.7999999998137,3.968,3.505,3734.3439999995753,4652.34,8447.38,0.4630000000000001,-0.000899281,1798.0819999999767,0.6942446043165468
1794.28,552.0,3.964,3.499,3745.143999999389,4652.34,8595.97,0.4649999999999998,-0.000899281,1797.4819999999768,0.6996402877697842
1848.0,578.0,3.967,3.496,3920.375,4832.38,8576.38,0.4710000000000001,-0.000899281,1855.988,0.7176258992805755
1850.53,597.5999999996275,3.977,3.481,3914.375,4832.38,8448.12,0.496,-0.000899281,1854.006,0.6942446043165468
1757.75,526.0,3.956,3.528,3608.3439999995753,4508.34,8438.91,0.4279999999999999,-0.000899281,1763.4439999999763,0.697841727
1859.44,516.7999999998137,3.92,3.525,3838.7120000002906,4760.31,8782.38,0.395,-0.000899281,1864.4259999999765,0.6942446043165468
1848.0,586.0,3.976,3.49,3926.375,4832.38,8504.38,0.4859999999999997,-0.000899281,1848.9439999999763,0.6915467625899281
1839.88,586.0,3.969,3.488,3872.375,4796.38,8346.38,0.4809999999999998,-0.000899281,1843.938,0.6942446043165468
1845.09,517.0,3.922,3.524,3809.974999999628,4760.38,8691.09,0.3980000000000001,-0.000899281,1847.235999999977,0.6942446043165468
1798.66,488.0,3.926,3.535,3673.143000000157,4580.34,8532.69,0.391,-0.000899281,1803.1620000000005,0.6942446043165468
1824.31,565.0,3.967,3.5,3854.3439999995753,4760.34,8861.5,0.4670000000000001,-0.000899281,1827.9759999999883,0.689748201
1864.75,590.4000000003725,3.975,3.49,3956.375,4868.38,8464.0,0.4849999999999999,-0.000899281,1870.42,0.6987410071942446
1818.56,554.0,3.968,3.505,3824.375,4760.38,8630.81,0.4630000000000001,-0.000899281,1822.6999999999769,0.6942446043165468
1812.0,562.0,3.976,3.499,3831.5439999997616,4724.34,8576.34,0.4769999999999998,-0.000899281,1819.1999999999769,0.6942446043165468
1812.0,561.0,3.976,3.499,3824.343000000343,4724.34,8576.34,0.4769999999999998,-0.000899281,1816.7999999999768,0.6933453237410072
1848.97,584.0,3.975,3.489,3925.143999999389,4832.34,8468.34,0.4860000000000002,-0.000899281,1849.1379999999765,0.6906474820143884
1816.31,555.0,3.968,3.505,3817.269,4724.47,8629.72,0.4630000000000001,-0.000899281,1820.5799999999767,0.6933453237410072
1837.72,583.2000000001863,3.968,3.488,3866.311999999918,4796.31,8345.5,0.48,-0.000899281,1841.838,0.6933453237410072
1795.91,487.0,3.926,3.534,3665.9119999995455,4580.31,8527.06,0.3920000000000003,-0.000899281,1800.75,0.6933453237410072
1857.5,514.0,3.92,3.526,3831.544000000693,4760.34,8761.56,0.3940000000000001,-0.000899281,1861.9259999999765,0.6933453237410072
1822.47,566.0,3.967,3.5,3848.219000001438,4760.22,8816.28,0.4670000000000001,-0.000899281,1826.0319999999883,0.6888489208633093
1849.38,598.0,3.977,3.48,3908.375,4832.38,8463.78,0.4969999999999999,-0.000899281,1852.332,0.6933453237410072
1791.91,546.0,3.968,3.505,3728.313000000082,4652.31,8429.62,0.4630000000000001,-0.000899281,1795.9639999999767,0.6933453237410072
1789.66,548.0,3.963,3.499,3740.375,4652.38,8561.34,0.4639999999999999,-0.000899281,1795.2139999999767,0.6987410071942446
1843.56,516.0,3.922,3.524,3802.742999999784,4724.34,8700.28,0.3980000000000001,-0.000899281,1845.9919999999763,0.6933453237410072
1755.94,526.0,3.956,3.527,3596.2179999994114,4508.22,8442.91,0.4289999999999998,-0.000899281,1760.6319999999766,0.6969424460431656
1862.91,590.4000000003725,3.976,3.49,3944.312999999151,4868.31,8461.66,0.4859999999999997,-0.000899281,1868.058,0.6978417266187049
1848.0,578.4000000003725,3.967,3.495,3914.3439999995753,4832.34,8540.34,0.472,-0.000899281,1853.588,0.7167266187050358
1813.94,554.0,3.968,3.506,3806.3439999995753,4724.34,8644.81,0.4620000000000002,-0.000899281,1818.543999999977,0.6924460431654677
1789.78,548.0,3.968,3.506,3722.3439999995753,4652.34,8444.09,0.4620000000000002,-0.000899281,1793.995999999977,0.6924460431654677
1848.0,576.0,3.966,3.496,3908.25,4832.25,8576.25,0.4700000000000002,-0.000899281,1850.4,0.7158273381294964
1792.94,484.2857142854482,3.925,3.535,3656.3439999995753,4580.34,8499.59,0.3899999999999997,-0.000899281,1798.3259999999998,0.6924460431654677
1753.81,526.0,3.957,3.528,3586.7750000003725,4472.38,8424.47,0.4289999999999998,-0.000899281,1757.8559999999768,0.6960431654676259
1842.5,516.0,3.922,3.524,3795.511999999173,4724.31,8750.41,0.3980000000000001,-0.000899281,1844.9299999999769,0.6924460431654677
1820.31,564.0,3.966,3.5,3842.312,4760.31,8811.66,0.4660000000000002,-0.000899281,1824.1119999999885,0.6879496402877698
1786.16,544.0,3.963,3.498,3728.2189999995753,4616.22,8584.91,0.4649999999999998,-0.000899281,1792.6079999999763,0.6978417266187049
1860.75,588.0,3.976,3.491,3938.4060000004247,4868.41,8446.72,0.4849999999999999,-0.000899281,1865.514,0.6969424460431655
1847.59,600.0,3.977,3.481,3902.3439999995753,4832.34,8453.84,0.496,-0.000899281,1850.732,0.6924460431654677
1835.88,584.0,3.968,3.489,3860.280999999493,4760.28,8357.34,0.4790000000000001,-0.000899281,1839.79,0.6924460431654677
1812.0,560.0,3.975,3.5,3812.468000000343,4724.47,8576.47,0.4750000000000001,-0.000899281,1814.399999999977,0.6924460431654677
1836.0,584.7999999998137,3.976,3.49,3917.944000000134,4832.34,8468.34,0.4859999999999997,-0.000899281,1846.7379999999764,0.689748201
1855.78,514.9870833326131,3.92,3.526,3824.3439999995753,4760.34,8774.16,0.3940000000000001,-0.000899281,1859.5819999999767,0.6924460431654677
1840.72,516.0,3.922,3.525,3794.344000001438,4724.34,8706.38,0.3970000000000002,-0.000899281,1843.6619999999768,0.6915467625899281
1752.91,526.0,3.956,3.527,3579.5750000001863,4472.38,8464.06,0.4289999999999998,-0.000899281,1755.9439999999763,0.6951438848920863
1783.91,546.0,3.963,3.501,3716.3439999995753,4616.34,8560.69,0.4620000000000002,-0.000899281,1789.9399999999769,0.6969424460431655
1816.94,566.0,3.966,3.5,3836.3429999994114,4760.34,8745.56,0.4660000000000002,-0.000899281,1822.0179999999884,0.6870503597122302
1848.0,576.7999999998137,3.967,3.496,3908.312999999151,4832.31,8540.31,0.4710000000000001,-0.000899281,1848.0,0.7149280575539568
1787.25,546.0,3.967,3.505,3710.375,4616.38,8444.03,0.4620000000000002,-0.000899281,1791.8639999999766,0.6915467625899281
1854.28,514.0,3.919,3.526,3809.943,4760.34,8766.16,0.3930000000000002,-0.000899281,1857.661999999977,0.6915467625899281
1800.0,558.0,3.975,3.5,3806.343000000343,4724.34,8540.34,0.4750000000000001,-0.000899281,1809.5999999999767,0.6915467625899281
1836.0,582.0,3.975,3.491,3908.344000000506,4832.34,8468.34,0.484,-0.000899281,1844.3379999999763,0.6888489208633093
1833.81,580.0,3.968,3.489,3853.0810000002384,4760.28,8361.09,0.4790000000000001,-0.000899281,1837.79,0.6915467625899281
1859.22,588.0,3.976,3.49,3932.3429999994114,4832.34,8451.0,0.4859999999999997,-0.000899281,1863.176,0.6960431654676259
1812.19,551.4000000003725,3.968,3.506,3800.3439999995753,4724.34,8630.97,0.4620000000000002,-0.000899281,1816.4319999999768,0.6915467625899281
1790.06,484.0,3.925,3.535,3644.3439999995753,4580.34,8498.56,0.3899999999999997,-0.000899281,1795.72,0.6915467625899281
1845.47,596.0,3.977,3.481,3896.2179999994114,4796.22,8446.28,0.496,-0.000899281,1849.05,0.6915467625899281
1750.91,526.0,3.956,3.527,3572.344000001438,4472.34,8449.0,0.4289999999999998,-0.000899281,1754.2639999999767,0.6942446043165468
1785.22,542.0,3.967,3.506,3701.943,4616.34,8410.56,0.4610000000000003,-0.000899281,1789.707999999977,0.6906474820143884
1843.59,596.0,3.976,3.481,3889.143999999389,4796.34,8441.53,0.4950000000000001,-0.000899281,1847.312,0.6906474820143884
1781.88,544.0,3.963,3.5,3710.338666666299,4616.31,8541.81,0.4630000000000001,-0.000899281,1787.1779999999767,0.6960431654676259
1852.75,514.0,3.919,3.526,3802.744000000879,4760.34,8766.53,0.3930000000000002,-0.000899281,1855.9499999999769,0.6906474820143884
1800.0,556.0,3.975,3.5,3795.513000000268,4688.31,8504.31,0.4750000000000001,-0.000899281,1807.1999999999769,0.6906474820143884
1838.84,515.0,3.922,3.525,3788.2189999995753,4724.22,8756.69,0.3970000000000002,-0.000899281,1842.1419999999769,0.6906474820143884
1836.0,579.9896666668355,3.975,3.49,3902.313000000082,4796.31,8468.31,0.4849999999999999,-0.000899281,1840.993999999977,0.6879496402877698
1848.0,574.0,3.966,3.497,3896.2810000004247,4832.28,8576.28,0.4690000000000003,-0.000899281,1848.0,0.7140287769784173
1787.25,484.7142857145518,3.925,3.536,3637.1749999998137,4544.38,8483.28,0.3889999999999998,-0.000899281,1792.964,0.6906474820143884
1809.34,550.0,3.967,3.506,3794.375,4724.38,8663.66,0.4610000000000003,-0.000899281,1814.0679999999768,0.6906474820143884
1857.72,584.0,3.975,3.491,3925.1749999998137,4832.38,8439.19,0.484,-0.000899281,1861.07,0.6951438848920863
1812.0,562.0,3.966,3.501,3830.344000001438,4760.34,8795.12,0.4650000000000003,-0.000899281,1819.2059999999883,0.6861510791366905
1831.38,580.0,3.968,3.488,3845.943,4760.34,8343.09,0.48,-0.000899281,1835.734,0.6906474820143884
1851.03,516.0,3.919,3.526,3802.619000000879,4760.22,8734.97,0.3930000000000002,-0.000899281,1854.2679999999768,0.689748201
1800.0,553.7999999998137,3.975,3.501,3788.3439999995753,4688.34,8504.34,0.4740000000000002,-0.000899281,1804.7999999999768,0.689748201
1807.34,550.0,3.967,3.508,3781.143000000157,4688.34,8656.16,0.4590000000000001,-0.000899281,1811.8239999999769,0.689748201
1785.06,482.0,3.924,3.536,3629.943999999203,4544.34,8501.88,0.3879999999999999,-0.000899281,1790.244,0.689748201
1778.91,542.0,3.962,3.499,3701.974999999628,4616.38,8527.66,0.4630000000000001,-0.000899281,1784.1039999999768,0.6951438848920863
1836.12,514.0,3.921,3.525,3781.074800000526,4724.25,8709.34,0.3959999999999999,-0.000899281,1840.3479999999768,0.689748201
1782.72,540.0,3.966,3.506,3694.743999999948,4616.34,8465.62,0.4600000000000004,-0.000899281,1787.3759999999766,0.689748201
1748.97,524.0,3.956,3.528,3566.343999999576,4472.34,8441.06,0.4279999999999999,-0.000899281,1752.5079999999768,0.6933453237410072
1855.88,584.7999999998137,3.976,3.49,3920.344000001438,4832.34,8440.94,0.4859999999999997,-0.000899281,1859.2960000000005,0.6942446043165468
1812.38,564.0,3.965,3.502,3818.312999999151,4724.31,8792.41,0.4630000000000001,-0.000899281,1816.8199999999883,0.685251799
1829.38,580.0,3.968,3.489,3838.806000000797,4760.41,8393.69,0.4790000000000001,-0.000899281,1833.634,0.689748201
1841.22,594.4000000003725,3.976,3.482,3881.912999998778,4796.31,8432.31,0.4939999999999998,-0.000899281,1845.45,0.689748201
1839.31,577.5999999996275,3.975,3.49,3890.375,4796.38,8468.38,0.4849999999999999,-0.000899281,1839.255999999977,0.6870503597122302
1848.0,572.0,3.966,3.497,3890.311999998986,4796.31,8576.31,0.4690000000000003,-0.000899281,1848.0,0.7131294964028777
1810.75,560.0,3.965,3.502,3812.312,4724.31,8825.5,0.4630000000000001,-0.000899281,1814.4759999999883,0.6843525179856115
1827.03,576.0,3.968,3.491,3830.311999999918,4724.31,8325.16,0.4769999999999998,-0.000899281,1831.496,0.6888489208633094
1854.25,586.0,3.975,3.491,3917.9130000006407,4832.31,8412.03,0.484,-0.000899281,1857.564,0.6933453237410072
1805.59,546.0,3.966,3.507,3773.9119999995455,4688.31,8635.94,0.4590000000000001,-0.000899281,1809.6799999999769,0.6888489208633094
1782.94,483.4285714281723,3.924,3.537,3620.375,4544.38,8518.53,0.387,-0.000899281,1787.65,0.6888489208633094
1839.62,596.0,3.976,3.482,3872.25,4796.25,8431.03,0.4939999999999998,-0.000899281,1843.498,0.6888489208633094
1777.44,542.0,3.962,3.501,3692.344000001438,4580.34,8552.62,0.4610000000000003,-0.000899281,1781.659999999977,0.6942446043165468
1744.09,522.0,3.955,3.528,3565.019000001252,4472.22,8432.84,0.427,-0.000899281,1750.1379999999767,0.6924460431654677
1836.0,578.0,3.975,3.491,3884.375,4796.38,8468.38,0.484,-0.000899281,1836.6619999999768,0.6861510791366905
1780.5,542.0,3.966,3.507,3686.218000000343,4616.22,8443.81,0.4590000000000001,-0.000899281,1785.0939999999766,0.6888489208633093
1836.0,570.5999999996275,3.965,3.497,3889.113000000827,4796.31,8576.31,0.4679999999999999,-0.000899281,1845.6,0.7122302158273381
1850.75,516.0,3.919,3.526,3795.481999999844,4724.28,8771.69,0.3930000000000002,-0.000899281,1852.9179999999767,0.6888489208633093
1800.0,554.0,3.975,3.502,3776.25,4688.25,8504.25,0.4730000000000003,-0.000899281,1802.399999999977,0.6888489208633094
1833.0,513.0,3.92,3.526,3773.974999999628,4724.38,8673.25,0.3940000000000001,-0.000899281,1838.235999999977,0.6888489208633093
1824.0,579.0,3.974,3.491,3878.313000000082,4796.31,8432.31,0.4830000000000001,-0.000899281,1834.2619999999763,0.685251799
1836.0,572.0,3.965,3.498,3878.2810000004247,4796.28,8540.28,0.4669999999999996,-0.000899281,1843.2,0.7113309352517986
1741.53,520.0,3.955,3.528,3548.375,4436.38,8412.88,0.427,-0.000899281,1747.6819999999766,0.6915467625899281
1777.78,540.0,3.966,3.506,3680.313000000082,4580.31,8430.91,0.4600000000000004,-0.000899281,1782.6939999999763,0.6879496402877698
1775.81,541.0,3.962,3.5,3686.344000001438,4580.34,8563.22,0.4620000000000002,-0.000899281,1779.589999999977,0.6933453237410072
1831.62,513.0,3.92,3.526,3766.7119999993593,4688.31,8715.56,0.3940000000000001,-0.000899281,1836.0599999999763,0.6879496402877698
1781.16,481.0,3.924,3.537,3614.3439999995753,4544.34,8499.53,0.387,-0.000899281,1785.294,0.6879496402877698
1800.0,554.0,3.975,3.502,3773.9119999995455,4688.31,8540.31,0.4730000000000003,-0.000899281,1800.0,0.6879496402877698
1850.16,516.0,3.919,3.526,3795.5439999997616,4724.34,8779.53,0.3930000000000002,-0.000899281,1851.793999999977,0.6879496402877698
1825.66,578.0,3.968,3.491,3824.311999999918,4724.31,8352.19,0.4769999999999998,-0.000899281,1829.452,0.6879496402877698
1804.56,548.0,3.967,3.507,3770.313000000082,4688.31,8673.94,0.4599999999999999,-0.000899281,1807.803999999977,0.6879496402877698
1809.03,558.0,3.965,3.503,3806.311999998986,4724.31,8781.78,0.4619999999999997,-0.000899281,1812.2199999999884,0.6834532374100719
1837.88,592.7999999998137,3.975,3.483,3866.3439999995753,4796.34,8438.03,0.492,-0.000899281,1841.556,0.6879496402877698
1852.38,582.0,3.976,3.491,3908.375,4832.38,8413.03,0.4849999999999999,-0.000899281,1855.89,0.6924460431654677
1850.19,583.2000000001863,3.975,3.491,3902.375,4832.38,8395.34,0.484,-0.000899281,1854.084,0.6915467625899281
1779.81,481.0,3.924,3.538,3608.3439999995753,4544.34,8457.84,0.3860000000000001,-0.000899281,1783.244,0.6870503597122302
1830.31,510.0,3.921,3.527,3759.5429999995977,4688.34,8716.34,0.3939999999999997,-0.000899281,1833.9779999999769,0.6870503597122302
1824.0,576.0,3.975,3.491,3872.375,4796.38,8432.38,0.484,-0.000899281,1831.861999999977,0.6843525179856115
1775.56,540.0,3.966,3.508,3668.3439999995753,4580.34,8416.88,0.4580000000000002,-0.000899281,1780.3559999999768,0.6870503597122302
1836.0,568.0,3.964,3.499,3872.312999999151,4796.31,8540.31,0.4649999999999998,-0.000899281,1840.8,0.710431655
1836.25,594.0,3.975,3.483,3860.4679999994114,4796.47,8405.34,0.492,-0.000899281,1839.712,0.6870503597122302
1774.41,540.0,3.963,3.501,3680.311999998986,4580.31,8558.66,0.4620000000000002,-0.000899281,1777.6899999999769,0.6924460431654677
1741.09,520.0,3.956,3.53,3542.343999999576,4436.34,8422.59,0.4260000000000001,-0.000899281,1745.3179999999768,0.6906474820143885
1800.0,554.0,3.974,3.502,3770.3439999995753,4688.34,8504.34,0.4720000000000004,-0.000899281,1800.0,0.6870503597122302
1807.34,558.0,3.965,3.504,3802.618999999948,4724.22,8823.94,0.4609999999999998,-0.000899281,1810.2999999999884,0.6825539568345323
1803.38,548.0,3.967,3.507,3764.313000000082,4688.31,8645.09,0.4599999999999999,-0.000899281,1806.0419999999765,0.6870503597122302
1824.03,574.4000000003725,3.967,3.49,3818.313000000082,4724.31,8335.41,0.4769999999999998,-0.000899281,1827.496,0.6870503597122302
1848.72,515.0,3.918,3.526,3795.575000000186,4724.38,8770.0,0.3920000000000003,-0.000899281,1850.6819999999768,0.6870503597122302
1788.0,550.0,3.973,3.501,3766.7120000002906,4688.31,8540.31,0.472,-0.000899281,1797.5999999999767,0.6861510791366906
1835.59,595.2320000007749,3.975,3.482,3860.2189999995753,4760.22,8420.34,0.4929999999999999,-0.000899281,1838.112,0.6861510791366906
1778.41,481.1428571427241,3.924,3.538,3602.3430000003427,4544.34,8481.62,0.3860000000000001,-0.000899281,1781.476,0.6861510791366906
1824.0,576.0,3.974,3.491,3867.5439999997616,4760.34,8468.34,0.4830000000000001,-0.000899281,1829.4619999999768,0.6834532374100719
1846.66,514.0,3.917,3.526,3794.375,4724.38,8762.81,0.391,-0.000899281,1849.4639999999767,0.6861510791366905
1849.16,581.0,3.975,3.492,3896.25,4796.25,8419.62,0.4830000000000001,-0.000899281,1852.372,0.6906474820143884
1772.44,542.0,3.962,3.5,3680.375,4580.38,8562.25,0.4620000000000002,-0.000899281,1775.8019999999767,0.6915467625899281
1822.09,576.7999999998137,3.967,3.49,3812.311999999918,4724.31,8300.81,0.4769999999999998,-0.000899281,1825.638,0.6861510791366906
1805.72,556.0,3.965,3.503,3800.375,4724.38,8801.5,0.4619999999999997,-0.000899281,1809.0439999999885,0.6816546762589928
1774.78,536.0,3.966,3.507,3662.3439999995753,4580.34,8456.12,0.4590000000000001,-0.000899281,1778.2679999999768,0.6861510791366905
1801.94,546.0,3.966,3.509,3759.512000000104,4688.31,8644.84,0.4570000000000003,-0.000899281,1804.5619999999767,0.6861510791366906
1739.75,520.0,3.956,3.529,3536.25,4436.25,8423.5,0.427,-0.000899281,1743.0859999999768,0.6897482014388491
1836.0,570.0,3.965,3.498,3867.544000001624,4796.34,8540.34,0.4669999999999996,-0.000899281,1838.4,0.7095323741007193
1828.28,510.0,3.921,3.527,3758.3439999995753,4688.34,8665.31,0.3939999999999997,-0.000899281,1831.8659999999768,0.6861510791366905
1772.09,537.0,3.966,3.508,3658.650000000373,4580.25,8432.25,0.4580000000000002,-0.000899281,1776.1419999999769,0.685251799
1800.41,546.0,3.966,3.507,3752.311999999918,4688.31,8649.47,0.4590000000000001,-0.000899281,1803.175999999977,0.685251799
1842.5,512.0,3.918,3.526,3788.375,4724.38,8736.31,0.3920000000000003,-0.000899281,1847.7579999999768,0.685251799
1820.28,574.0,3.967,3.49,3809.943999999203,4724.34,8301.81,0.4769999999999998,-0.000899281,1823.818,0.685251799
1845.72,578.0,3.975,3.492,3889.113000000827,4796.31,8397.84,0.4830000000000001,-0.000899281,1850.34,0.689748201
1801.75,554.0,3.965,3.503,3794.3439999995753,4724.34,8783.78,0.4619999999999997,-0.000899281,1806.9179999999883,0.6807553956834532
1826.41,509.0,3.921,3.528,3752.3429999994114,4688.34,8658.47,0.3929999999999998,-0.000899281,1829.9239999999768,0.685251799
1739.47,520.0,3.957,3.529,3530.3130000010133,4436.31,8464.75,0.4279999999999999,-0.000899281,1741.1859999999767,0.6888489208633094
1834.09,593.5999999996275,3.975,3.482,3854.311999998986,4760.31,8418.28,0.4929999999999999,-0.000899281,1836.686,0.685251799
1776.81,479.1428571427241,3.924,3.537,3601.1430000001565,4508.34,8476.78,0.387,-0.000899281,1779.8259999999998,0.685251799
1836.0,570.4000000003725,3.964,3.499,3860.3439999995753,4760.34,8504.34,0.4649999999999998,-0.000899281,1836.0,0.7086330935251799
1824.0,576.0,3.975,3.491,3866.2189999995753,4760.22,8432.22,0.484,-0.000899281,1826.399999999977,0.6825539568345323
1768.91,536.0,3.961,3.502,3673.144000001252,4580.34,8552.81,0.4590000000000001,-0.000899281,1773.8019999999767,0.6906474820143884
1788.0,549.0,3.973,3.502,3758.313000000082,4652.31,8504.31,0.4710000000000001,-0.000899281,1795.1999999999766,0.685251799
1788.0,548.0,3.973,3.503,3752.343000000343,4652.34,8504.34,0.4699999999999997,-0.000899281,1792.7999999999768,0.6843525179856116
1764.69,534.0,3.96,3.502,3662.2189999995753,4580.22,8535.5,0.4580000000000002,-0.000899281,1771.2519999999768,0.689748201
1824.25,507.97933333273977,3.921,3.527,3738.007000000216,4688.41,8646.66,0.3939999999999997,-0.000899281,1828.1739999999768,0.6843525179856115
1824.0,574.0,3.974,3.492,3860.3439999995753,4760.34,8432.34,0.4820000000000002,-0.000899281,1824.0,0.6816546762589928
1738.0,520.0,3.956,3.529,3529.2060000002384,4436.41,8454.06,0.427,-0.000899281,1739.9679999999769,0.6879496402877698
1832.38,590.0,3.974,3.482,3848.3439999995753,4760.34,8445.12,0.492,-0.000899281,1835.238,0.6843525179856116
1774.06,477.8571428572759,3.924,3.537,3593.943999999203,4508.34,8486.16,0.387,-0.000899281,1778.05,0.6843525179856116
1836.0,568.0,3.964,3.498,3860.312,4760.31,8540.31,0.4659999999999997,-0.000899281,1836.0,0.7077338129496403
1770.41,534.0,3.966,3.508,3650.186999999918,4580.19,8436.84,0.4580000000000002,-0.000899281,1774.1239999999768,0.6843525179856115
1795.88,544.0,3.964,3.507,3752.25,4688.25,8671.69,0.4569999999999998,-0.000899281,1801.2339999999767,0.6843525179856116
1818.66,575.0,3.966,3.491,3802.713000000456,4724.31,8332.47,0.4750000000000001,-0.000899281,1822.144,0.6843525179856116
1839.75,510.0,3.917,3.528,3773.912999999709,4724.31,8761.56,0.3889999999999998,-0.000899281,1845.5579999999768,0.6843525179856115
1794.06,550.0,3.963,3.504,3776.312999999151,4688.31,8773.19,0.4590000000000001,-0.000899281,1803.5799999999883,0.6798561151079137
1845.12,580.0,3.975,3.493,3878.3439999995753,4796.34,8430.84,0.4820000000000002,-0.000899281,1848.514,0.6888489208633093
1828.75,503.4000000003725,3.914,3.529,3752.313000000082,4688.31,8746.31,0.3850000000000002,-0.000899281,1841.2759999999769,0.6834532374100719
1843.44,580.0,3.974,3.492,3872.3439999995753,4796.34,8410.62,0.4820000000000002,-0.000899281,1846.726,0.6879496402877698
1814.56,569.5999999996275,3.966,3.491,3795.5439999997616,4724.34,8297.91,0.4750000000000001,-0.000899281,1819.924,0.6834532374100719
1781.38,542.0,3.956,3.506,3737.912999998778,4652.31,8792.31,0.4500000000000002,-0.000899281,1798.0499999999884,0.678956835
1781.19,534.0,3.962,3.509,3734.375,4652.38,8640.06,0.4530000000000003,-0.000899281,1796.559999999977,0.6834532374100719
1816.94,505.0,3.918,3.53,3730.712999999523,4652.31,8671.0,0.3880000000000003,-0.000899281,1825.2379999999764,0.6834532374100719
1764.31,530.0,3.965,3.508,3644.3439999995753,4544.34,8412.22,0.4569999999999998,-0.000899281,1771.4299999999766,0.6834532374100719
1788.0,546.0,3.973,3.504,3740.311999999918,4652.31,8468.31,0.4689999999999998,-0.000899281,1790.399999999977,0.6834532374100719
1737.12,520.0,3.956,3.53,3524.405999998562,4400.41,8438.0,0.4260000000000001,-0.000899281,1739.0859999999768,0.6870503597122302
1827.94,586.4000000003725,3.973,3.483,3842.312999999151,4760.31,8388.56,0.4899999999999997,-0.000899281,1833.25,0.6834532374100719
1824.0,570.0,3.973,3.492,3853.1749999998137,4760.38,8432.38,0.4809999999999998,-0.000899281,1824.0,0.6807553956834532
1769.75,478.0,3.923,3.538,3579.5120000001043,4508.31,8460.38,0.3850000000000002,-0.000899281,1775.768,0.6834532374100719
1836.0,568.7999999998137,3.963,3.499,3854.375,4760.38,8540.38,0.4639999999999999,-0.000899281,1836.0,0.7068345323741008
1761.81,534.0,3.96,3.504,3650.311999998986,4544.31,8545.69,0.4559999999999999,-0.000899281,1768.4519999999768,0.6888489208633093
1780.62,535.188,3.969,3.72,3598.311999999918,4564.0,8815.31,0.2489999999999996,-0.000899281,1792.0079999999766,0.6825539568345323
1783.5,544.8129999991506,3.966,3.714,3619.312999999151,4578.06,8958.94,0.2520000000000002,-0.000899281,1793.2819999999883,0.6780575539568345
1788.0,547.188,3.98,3.803,3647.0,4592.0,8673.06,0.177,-0.000899281,1788.0,0.6825539568345323
1755.94,528.0,3.969,3.721,3528.311999999918,4487.0,8592.12,0.2479999999999997,-0.000899281,1767.505999999977,0.6825539568345323
1735.56,519.0,3.955,3.529,3521.944000001065,4400.34,8468.34,0.4260000000000001,-0.000899281,1737.9799999999766,0.6861510791366906
1820.5,508.75,3.928,3.819,3633.375,4613.38,8766.06,0.1089999999999999,-0.000899281,1823.2759999999769,0.6825539568345323
1804.56,564.0,3.969,3.804,3703.375,4662.38,8502.69,0.165,-0.000899281,1816.03,0.6825539568345323
1835.75,511.188,3.926,3.716,3654.375,4634.0,8828.25,0.2099999999999999,-0.000899281,1838.6819999999768,0.6825539568345323
1842.16,579.0,3.974,3.492,3867.512000001036,4796.31,8398.16,0.4820000000000002,-0.000899281,1845.12,0.6870503597122302
1821.56,583.1879999991506,3.978,3.711,3752.375,4704.0,8516.56,0.2670000000000003,-0.000899281,1830.312,0.6825539568345323
1821.62,556.8119999989867,3.967,3.799,3780.0,4732.0,8631.0,0.1680000000000001,-0.000899281,1833.1240000000005,0.7059352517985612
1764.25,537.625,3.968,3.719,3549.375,4487.0,8694.0,0.2490000000000001,-0.000899281,1766.4199999999769,0.6879496402877698
1821.62,571.187,3.981,3.8,3759.0,4704.0,8617.0,0.181,-0.000899281,1823.523999999977,0.6798561151079137
1763.5,475.25,3.929,3.727,3465.311999999918,4438.0,8630.94,0.2019999999999999,-0.000899281,1772.506,0.6825539568345323
1799.52,544.0,3.957,3.805,3565.1519999988377,4544.35,8790.82,0.1519999999999997,-0.000899281,1791.523999999977,0.6816546762589928
1724.44,517.1875,3.957,3.72,3416.375,4361.0,8634.0,0.2369999999999996,-0.000899281,1734.9179999999767,0.6852517985611511
1775.01,535.0,3.958,3.814,3458.320000000298,4436.32,8544.16,0.1440000000000001,-0.000899281,1767.5519999999767,0.6816546762589928
1811.42,562.0,3.964,3.805,3608.352000000887,4544.35,9071.07,0.1589999999999998,-0.000899281,1794.4219999999884,0.677158273
1831.17,509.9845000002533,3.915,3.814,3629.919000000693,4580.32,8780.13,0.1009999999999999,-0.000899281,1823.8539999999768,0.6816546762589928
1800.0,549.5999999996275,3.968,3.801,3608.320000000298,4544.32,8576.32,0.1669999999999998,-0.000899281,1790.399999999977,0.6816546762589928
1824.1,573.5999999996275,3.958,3.804,3620.256000000984,4580.26,8453.73,0.1540000000000003,-0.000899281,1816.432,0.6816546762589928
1779.2,477.0,3.915,3.824,3410.351999999024,4400.35,8655.87,0.091,-0.000899281,1772.664,0.6816546762589928
1841.44,581.0,3.974,3.494,3866.2189999995753,4796.22,8424.72,0.48,-0.000899281,1843.576,0.6861510791366905
1775.39,538.0,3.956,3.808,3518.351999999956,4472.35,8696.67,0.1480000000000001,-0.000899281,1767.0099999999766,0.6870503597122302
1824.0,572.0,3.966,3.797,3723.552,4652.35,8576.35,0.169,-0.000899281,1823.523999999977,0.678956835
1836.0,566.0,3.955,3.803,3656.3519999999553,4616.35,8684.35,0.1520000000000001,-0.000899281,1833.1240000000005,0.7050359712230216
1833.6,586.4000000003725,3.967,3.799,3692.384999999777,4652.38,8525.86,0.1680000000000001,-0.000899281,1829.914,0.6816546762589928
1844.26,510.0,3.912,3.813,3668.256000000052,4618.66,8820.99,0.099,-0.000899281,1838.2019999999768,0.6816546762589928
1839.44,578.4000000003725,3.974,3.492,3860.312999999151,4796.31,8393.69,0.4820000000000002,-0.000899281,1842.32,0.685251799
1825.76,574.4000000003725,3.962,3.493,3818.352000000887,4724.35,8372.07,0.4690000000000003,-0.000899281,1817.528,0.6807553956834532
1811.26,558.0,3.968,3.503,3800.3209999995306,4724.32,8971.78,0.4649999999999998,-0.000899281,1796.3239999999885,0.6762589928057554
1743.23,522.0,3.949,3.822,3334.752000001259,4292.35,8635.3,0.1269999999999997,-0.000899281,1735.6699999999769,0.6843525179856115
1784.16,481.0,3.918,3.539,3608.320000000298,4544.32,8547.9,0.379,-0.000899281,1774.134,0.6807553956834532
1844.67,512.0,3.914,3.528,3781.118999999017,4724.32,8799.23,0.3860000000000001,-0.000899281,1838.6359999999768,0.6807553956834532
1830.53,511.0,3.916,3.528,3759.5509999990463,4688.35,8744.99,0.3879999999999999,-0.000899281,1824.677999999977,0.6807553956834532
1835.81,588.0,3.97,3.487,3860.318999999203,4760.32,8426.21,0.4830000000000001,-0.000899281,1830.258,0.6807553956834532
1772.61,538.0,3.957,3.502,3687.5520000001416,4580.35,8585.57,0.455,-0.000899281,1767.7499999999768,0.6861510791366905
1836.0,577.5999999996275,3.97,3.495,3878.223000000231,4796.22,8504.22,0.4750000000000001,-0.000899281,1825.9239999999768,0.6780575539568345
1836.0,570.0,3.959,3.502,3872.223,4796.22,8612.22,0.4570000000000003,-0.000899281,1833.1240000000005,0.704136691
1804.38,548.0,3.961,3.509,3758.3530000010505,4688.35,8674.62,0.4519999999999999,-0.000899281,1792.3179999999768,0.6807553956834532
1788.0,548.0,3.969,3.505,3770.350999999792,4652.35,8576.35,0.4639999999999999,-0.000899281,1790.399999999977,0.6807553956834532
1777.76,537.4285714281723,3.961,3.51,3674.350999999792,4580.35,8486.3,0.451,-0.000899281,1768.6859999999767,0.6807553956834532
1823.23,574.0,3.963,3.493,3824.3519999999553,4724.35,8324.35,0.4700000000000002,-0.000899281,1818.442,0.6798561151079137
1829.18,511.0,3.916,3.527,3752.320000000298,4688.32,8717.79,0.3889999999999998,-0.000899281,1825.6639999999768,0.6798561151079137
1802.75,552.0,3.962,3.507,3770.319000000134,4688.32,8630.02,0.455,-0.000899281,1793.6919999999768,0.6798561151079137
1843.1,511.0,3.914,3.527,3781.120000000112,4724.32,8763.46,0.387,-0.000899281,1839.3059999999768,0.6798561151079137
1782.72,480.4285714281723,3.919,3.536,3622.7713999999687,4544.35,8517.69,0.383,-0.000899281,1775.866,0.6798561151079137
1774.4,534.0,3.962,3.508,3680.320000000298,4580.32,8400.55,0.4540000000000002,-0.000899281,1769.4839999999767,0.6798561151079137
1788.0,548.0,3.969,3.505,3764.352000000887,4652.35,8540.35,0.4639999999999999,-0.000899281,1790.399999999977,0.6798561151079137
1739.42,520.0,3.95,3.531,3556.6560000004247,4438.66,8493.41,0.419,-0.000899281,1735.9539999999768,0.6834532374100719
1770.05,535.0,3.958,3.503,3680.352000000887,4580.35,8570.98,0.455,-0.000899281,1768.821999999977,0.685251799
1836.0,576.0,3.971,3.493,3890.353000000119,4796.35,8504.35,0.4780000000000002,-0.000899281,1828.3239999999769,0.677158273
1833.66,587.1801999993622,3.97,3.485,3867.487000000663,4796.29,8412.61,0.4850000000000003,-0.000899281,1830.514,0.6798561151079137
1800.0,556.0,3.968,3.502,3800.288999999873,4724.29,8930.66,0.4660000000000002,-0.000899281,1797.5119999999886,0.6753597122302158
1837.59,576.0,3.974,3.493,3854.344000001438,4760.34,8408.03,0.4810000000000003,-0.000899281,1840.814,0.6843525179856115
1836.0,570.0,3.96,3.499,3884.352999999188,4796.35,8587.94,0.4609999999999998,-0.000899281,1833.1240000000005,0.7032374100719424
1770.85,535.0,3.961,3.509,3673.151999999769,4580.35,8430.18,0.4519999999999999,-0.000899281,1770.7919999999765,0.678956835
1788.0,549.5999999996275,3.969,3.504,3752.225000000559,4652.23,8504.23,0.4649999999999998,-0.000899281,1790.399999999977,0.678956835
1824.0,576.0,3.97,3.491,3884.352000000887,4796.35,8500.0,0.4790000000000001,-0.000899281,1828.3239999999769,0.6762589928057554
1836.0,574.0,3.96,3.498,3881.950000000186,4796.35,8576.35,0.4619999999999997,-0.000899281,1833.1240000000005,0.7023381294964028
1833.31,572.0,3.973,3.493,3848.313000001013,4760.31,8409.0,0.48,-0.000899281,1838.788,0.6834532374100719
1840.99,513.5999999996275,3.915,3.527,3773.984999999404,4724.38,8791.29,0.3879999999999999,-0.000899281,1841.7539999999767,0.678956835
1826.31,511.0,3.916,3.528,3745.1529999990016,4688.35,8680.67,0.3879999999999999,-0.000899281,1827.5379999999768,0.678956835
1830.24,584.0,3.97,3.486,3860.350999999792,4760.35,8399.65,0.484,-0.000899281,1830.974,0.678956835
1805.02,556.0,3.967,3.503,3788.352000000887,4688.35,8916.32,0.4639999999999999,-0.000899281,1802.239999999988,0.6744604316546763
1766.11,534.0,3.957,3.503,3668.352000000887,4580.35,8532.03,0.4539999999999997,-0.000899281,1769.6819999999766,0.6843525179856115
1801.57,552.7999999998137,3.962,3.507,3766.6250000009313,4688.23,8686.08,0.455,-0.000899281,1797.7679999999768,0.678956835
21.12,43.63636364,3.088,3.505,100.9500833330676,8.0,8.35,-0.417,-0.000899281,1392.7539999999767,0.6825539568345323
1819.07,572.0,3.963,3.492,3817.150999999605,4724.35,8323.26,0.4710000000000001,-0.000899281,1819.344,0.678956835
1779.14,480.0,3.919,3.537,3615.5520000001416,4544.35,8489.02,0.3820000000000001,-0.000899281,1777.744,0.678956835
1826.91,585.5999999996275,3.971,3.486,3848.350999999792,4760.35,8370.94,0.4849999999999999,-0.000899281,1832.0440000000003,0.6780575539568345
17.57,42.85714286,3.078,3.482,105.0802500154823,8.0,8.32,-0.404,-0.000899281,1445.1579999999767,0.6780575539568345
1824.0,576.0,3.971,3.491,3874.7210000008345,4760.32,8504.32,0.48,-0.000899281,1828.7999999999768,0.6753597122302158
1824.88,566.4369999989867,3.978,3.712,3759.438000001013,4711.0,8528.44,0.266,-0.000899281,1835.332,0.6825539568345323
1788.0,549.0,3.97,3.504,3746.350999999792,4652.35,8504.35,0.4660000000000002,-0.000899281,1790.399999999977,0.6780575539568345
1815.52,568.0,3.963,3.493,3802.752000001259,4724.35,8302.72,0.4700000000000002,-0.000899281,1821.536,0.6780575539568345
1836.0,513.0,3.916,3.528,3766.787000001408,4724.39,8805.63,0.3879999999999999,-0.000899281,1841.803999999977,0.6780575539568345
1767.74,532.0,3.962,3.509,3658.752000001259,4580.35,8412.29,0.4530000000000003,-0.000899281,1773.1519999999769,0.6780575539568345
1778.34,479.4285714281723,3.919,3.537,3608.319999999367,4544.32,8545.47,0.3820000000000001,-0.000899281,1780.7120000000002,0.6780575539568345
1827.45,512.0,3.918,3.528,3737.857999999076,4688.26,8739.1,0.3900000000000001,-0.000899281,1828.9279999999767,0.6780575539568345
1736.96,518.0,3.95,3.531,3629.919999998994,4508.32,8561.44,0.419,-0.000899281,1393.033999999977,0.6816546762589928
1801.47,554.0,3.966,3.504,3773.826999998651,4688.23,8832.99,0.4620000000000002,-0.000899281,1805.8339999999885,0.6735611510791367
1836.0,573.5999999996275,3.96,3.499,3878.320000000298,4796.32,8576.32,0.4609999999999998,-0.000899281,1836.0,0.7014388489208632
1766.08,534.0,3.959,3.504,3658.720000000671,4544.32,8500.16,0.455,-0.000899281,1770.0479999999766,0.6834532374100719
1813.54,568.0,3.963,3.493,3788.356000000611,4688.36,8336.64,0.4700000000000002,-0.000899281,1819.424,0.6771582733812951
1764.54,531.0,3.962,3.509,3644.350999999792,4544.35,8366.5,0.4530000000000003,-0.000899281,1771.0579999999768,0.677158273
1837.12,507.0,3.917,3.528,3759.5509999999776,4688.35,8814.98,0.3889999999999998,-0.000899281,1840.375999999977,0.677158273
1836.96,570.0,3.966,3.799,3687.391999999993,4652.19,8487.26,0.1670000000000002,-0.000899281,1834.436,0.6816546762589928
1799.39,554.0,3.964,3.505,3836.320000000298,4760.32,8791.49,0.4590000000000001,-0.000899281,1445.1319999999766,0.6771582733812951
1732.54,516.0310000004247,3.95,3.532,3536.2230000011623,4436.22,8436.06,0.4180000000000001,-0.000899281,1394.6539999999768,0.6807553956834532
1775.84,480.0,3.919,3.537,3601.088999998756,4508.29,8515.2,0.3820000000000001,-0.000899281,1780.0399999999995,0.6771582733812951
1824.67,582.0,3.971,3.486,3838.752000001259,4760.35,8371.11,0.4849999999999999,-0.000899281,1830.2580000000005,0.6771582733812951
1788.0,552.0,3.966,3.505,3764.450000000186,4688.45,8799.78,0.4610000000000003,-0.000899281,1801.1499999999885,0.6726618705035972
1823.68,510.0,3.918,3.527,3737.791000000201,4652.19,8745.86,0.391,-0.000899281,1827.4299999999769,0.677158273
1824.0,576.0,3.971,3.492,3872.350999999792,4760.35,8468.35,0.4790000000000001,-0.000899281,1828.7999999999768,0.6744604316546763
1836.0,571.2000000001863,3.961,3.498,3872.320000000298,4796.32,8612.32,0.4629999999999996,-0.000899281,1836.0,0.7005395683453237
1761.73,532.0,3.957,3.503,3656.253999999724,4544.25,8522.5,0.4539999999999997,-0.000899281,1767.3159999999766,0.6825539568345323
1788.0,546.5999999996275,3.969,3.504,3746.225999999792,4652.23,8504.23,0.4649999999999998,-0.000899281,1788.0,0.6771582733812951
1797.25,552.7999999998137,3.965,3.505,3752.321000000462,4652.32,8799.65,0.4599999999999999,-0.000899281,1798.3479999999884,0.6717625899280575
1759.13,530.0,3.957,3.505,3644.320000000298,4544.32,8538.01,0.4519999999999999,-0.000899281,1764.6199999999767,0.6816546762589928
1836.0,570.0,3.961,3.498,3860.3159999996415,4760.32,8612.32,0.4629999999999996,-0.000899281,1836.0,0.6996402877697842
1812.0,582.0,3.971,3.486,3830.354999999516,4724.35,8365.76,0.4849999999999999,-0.000899281,1825.4960000000003,0.6762589928057554
1773.66,480.0,3.919,3.537,3593.920999999158,4508.32,8523.2,0.3820000000000001,-0.000899281,1777.94,0.6762589928057554
1787.97,546.0,3.969,3.505,3734.387000000104,4616.39,8468.39,0.4639999999999999,-0.000899281,1787.993999999977,0.6762589928057554
1820.64,506.0,3.918,3.529,3723.521000000648,4652.32,8706.98,0.3890000000000002,-0.000899281,1825.4519999999768,0.6762589928057554
1824.0,576.0,3.971,3.493,3866.320000000298,4760.32,8468.32,0.4780000000000002,-0.000899281,1826.399999999977,0.6735611510791367
1762.37,530.0,3.962,3.51,3638.319999999367,4544.32,8397.28,0.4520000000000004,-0.000899281,1767.9799999999766,0.6762589928057554
1797.15,548.0,3.964,3.508,3752.3829999994487,4652.38,8710.53,0.4559999999999999,-0.000899281,1443.6859999999767,0.6762589928057554
1834.82,508.0,3.917,3.529,3746.3240000000224,4688.32,8795.52,0.3879999999999999,-0.000899281,1838.4059999999768,0.6762589928057554
1840.29,572.0,3.969,3.498,3860.3519999999553,4760.35,8420.0,0.4709999999999996,-0.000899281,1834.606,0.6807553956834532
1810.37,564.7999999998137,3.963,3.495,3782.1910000005737,4688.19,8287.65,0.4679999999999999,-0.000899281,1816.346,0.6762589928057554
1728.0,516.9948333334178,3.952,3.534,3524.320000000298,4400.32,8414.69,0.4180000000000001,-0.000899281,1391.6079999999768,0.6798561151079137
1831.91,506.0,3.917,3.529,3737.950999999419,4688.35,8803.36,0.3879999999999999,-0.000899281,1836.1679999999767,0.6753597122302158
1839.71,572.0,3.97,3.496,3872.352000000887,4796.35,8429.73,0.4740000000000002,-0.000899281,1835.03,0.6798561151079137
1788.0,548.0,3.964,3.506,3746.351999999024,4652.35,8746.84,0.4580000000000002,-0.000899281,1795.9479999999885,0.670863309
1776.0,546.0,3.969,3.506,3722.382000000216,4616.38,8504.38,0.4630000000000001,-0.000899281,1785.5939999999769,0.6753597122302158
1836.0,570.0,3.962,3.498,3854.359,4760.36,8576.36,0.4639999999999999,-0.000899281,1836.0,0.6987410071942446
1757.38,530.0,3.956,3.506,3632.351999999024,4544.35,8542.43,0.4500000000000002,-0.000899281,1762.0859999999768,0.6807553956834532
1818.5,506.0,3.918,3.528,3716.352000000887,4652.35,8725.12,0.3900000000000001,-0.000899281,1823.3159999999768,0.6753597122302158
1770.84,478.0,3.919,3.537,3586.752000001259,4508.35,8470.06,0.3820000000000001,-0.000899281,1775.564,0.6753597122302158
1759.78,528.0,3.962,3.511,3629.950999999419,4544.35,8362.21,0.451,-0.000899281,1765.0559999999768,0.6753597122302158
1824.0,576.0,3.971,3.492,3854.350999999792,4760.35,8432.35,0.4790000000000001,-0.000899281,1824.0,0.6726618705035972
1794.27,546.0,3.965,3.509,3740.253999999724,4652.25,8695.9,0.4559999999999999,-0.000899281,1441.9899999999768,0.6753597122302158
1726.85,513.7142857145518,3.951,3.534,3524.3520000008866,4400.35,8424.99,0.4170000000000002,-0.000899281,1389.0939999999766,0.6789568345323741
1808.32,566.0,3.963,3.494,3776.352000000887,4688.35,8307.71,0.4689999999999998,-0.000899281,1813.364,0.6753597122302158
1820.32,580.0,3.971,3.487,3824.320000000298,4724.32,8366.3,0.484,-0.000899281,1822.828,0.6753597122302158
1805.02,564.0,3.963,3.495,3764.278666666709,4688.29,8278.27,0.4679999999999999,-0.000899281,1810.554,0.6744604316546763
1756.77,528.5999999996275,3.961,3.511,3620.350999999792,4544.35,8365.56,0.4499999999999997,-0.000899281,1762.2399999999768,0.6744604316546763
1829.99,507.0,3.916,3.53,3728.312999999151,4652.31,8776.99,0.3860000000000001,-0.000899281,1833.9679999999769,0.6744604316546763
1791.39,545.0,3.965,3.509,3730.7199999997392,4652.32,8686.37,0.4559999999999999,-0.000899281,1439.9539999999768,0.6744604316546763
1755.93,532.0,3.957,3.505,3626.319999999367,4508.32,8517.66,0.4519999999999999,-0.000899281,1760.0499999999768,0.6798561151079137
1768.93,478.0,3.919,3.538,3579.519999999553,4508.32,8505.92,0.3810000000000002,-0.000899281,1773.5220000000002,0.6744604316546763
1788.0,550.0,3.964,3.506,3734.3519999999553,4652.35,8791.23,0.4580000000000002,-0.000899281,1792.5439999999885,0.6699640287769784
1836.03,570.0,3.97,3.495,3866.352999999188,4760.35,8389.41,0.4750000000000001,-0.000899281,1835.574,0.678956835
1723.17,510.0,3.95,3.534,3506.320000000298,4400.32,8404.86,0.4160000000000003,-0.000899281,1729.5039999999767,0.6780575539568346
1818.14,580.0,3.97,3.487,3817.120000000112,4724.32,8361.28,0.4830000000000001,-0.000899281,1820.408,0.6744604316546763
1824.0,566.0,3.963,3.499,3845.9199999999255,4760.32,8648.32,0.4639999999999999,-0.000899281,1833.6,0.697841727
1824.0,572.0,3.971,3.492,3848.351999999024,4760.35,8468.35,0.4790000000000001,-0.000899281,1824.0,0.6717625899280575
1776.0,544.0,3.969,3.506,3716.319999999367,4616.32,8504.32,0.4630000000000001,-0.000899281,1783.193999999977,0.6744604316546763
1815.59,505.0,3.918,3.529,3704.319999999367,4652.32,8742.88,0.3890000000000002,-0.000899281,1821.1719999999768,0.6744604316546763
1754.09,532.0,3.957,3.505,3620.3519999999553,4508.35,8501.62,0.4519999999999999,-0.000899281,1757.6519999999769,0.678956835
1776.0,544.0,3.969,3.506,3710.319999999367,4616.32,8553.77,0.4630000000000001,-0.000899281,1780.793999999977,0.6735611510791367
1788.0,548.0,3.963,3.507,3730.626000000164,4652.23,8766.85,0.4559999999999999,-0.000899281,1789.8499999999883,0.6690647482014389
1754.4,526.0,3.961,3.512,3614.3519999999553,4508.35,8377.09,0.4489999999999998,-0.000899281,1759.571999999977,0.6735611510791367
1833.57,570.0,3.97,3.496,3854.352000000887,4760.35,8388.13,0.4740000000000002,-0.000899281,1837.312,0.6780575539568345
1832.45,564.0,3.963,3.499,3836.352000000887,4760.35,8612.35,0.4639999999999999,-0.000899281,1832.89,0.6969424460431655
1802.62,562.9870833344758,3.963,3.496,3758.319999999367,4652.32,8229.79,0.4670000000000001,-0.000899281,1807.974,0.6735611510791367
1720.13,511.0,3.95,3.534,3493.1519999988377,4364.35,8397.53,0.4160000000000003,-0.000899281,1726.1379999999767,0.677158273
1828.1,504.0,3.916,3.531,3723.5509999999776,4652.35,8757.02,0.3849999999999998,-0.000899281,1832.3879999999767,0.6735611510791367
1766.05,477.1428571427241,3.919,3.54,3572.3520000008866,4472.35,8477.7,0.379,-0.000899281,1771.064,0.6735611510791367
1788.32,541.0,3.965,3.509,3716.2269999999553,4652.23,8713.89,0.4559999999999999,-0.000899281,1794.1039999999768,0.6735611510791367
1812.0,574.0,3.971,3.493,3838.783000000753,4760.38,8468.38,0.4780000000000002,-0.000899281,1821.5999999999767,0.670863309
1815.96,578.0320000005886,3.97,3.487,3812.320000000298,4724.32,8367.13,0.4830000000000001,-0.000899281,1818.218,0.6735611510791367
1813.7,504.0,3.918,3.53,3694.7210000008345,4616.32,8714.05,0.3880000000000003,-0.000899281,1818.4219999999768,0.6735611510791367
1810.76,502.0,3.918,3.53,3687.427000001073,4616.23,8688.99,0.3880000000000003,-0.000899281,1815.8379999999763,0.6726618705035972
1814.4,578.0,3.97,3.488,3800.319999999367,4724.32,8357.57,0.4820000000000002,-0.000899281,1816.164,0.6726618705035972
1825.79,503.0,3.915,3.53,3716.319999999367,4652.32,8748.8,0.3850000000000002,-0.000899281,1830.1219999999769,0.6726618705035972
1824.0,564.0,3.963,3.5,3830.350999999792,4724.35,8576.35,0.4630000000000001,-0.000899281,1830.49,0.6960431654676259
1751.88,528.9896666668355,3.957,3.505,3614.352000000887,4508.35,8504.35,0.4519999999999999,-0.000899281,1755.6819999999766,0.6780575539568345
1812.0,570.0,3.971,3.495,3830.319999999367,4724.32,8468.32,0.476,-0.000899281,1819.1999999999769,0.6699640287769784
1785.38,546.0,3.962,3.508,3728.350999999792,4652.35,8767.91,0.4540000000000002,-0.000899281,1789.3259999999889,0.6681654676258992
1776.0,544.0,3.969,3.506,3704.350999999792,4616.35,8504.35,0.4630000000000001,-0.000899281,1778.393999999977,0.6726618705035972
1831.29,570.4000000003725,3.97,3.497,3845.950999999419,4760.35,8370.62,0.4730000000000003,-0.000899281,1836.178,0.677158273
1785.05,540.0,3.965,3.51,3709.150999999605,4616.35,8694.43,0.455,-0.000899281,1791.235999999977,0.6726618705035972
1716.76,510.0,3.95,3.534,3482.3509999997914,4364.38,8376.83,0.4160000000000003,-0.000899281,1722.9819999999768,0.6762589928057554
1801.21,560.0,3.963,3.496,3746.319999999367,4652.32,8286.34,0.4670000000000001,-0.000899281,1805.5080000000005,0.6726618705035972
1752.55,526.0,3.961,3.513,3602.3520000008866,4508.35,8399.62,0.4479999999999999,-0.000899281,1757.1739999999768,0.6726618705035972
1764.25,476.1291428571567,3.92,3.539,3560.2259999997914,4472.23,8507.37,0.3809999999999998,-0.000899281,1768.746,0.6726618705035972
1798.53,561.5937999999151,3.963,3.497,3740.319999999367,4652.32,8276.61,0.4660000000000002,-0.000899281,1803.14,0.6717625899280575
1762.49,476.1428571427241,3.92,3.539,3554.3509999997914,4472.35,8482.88,0.3809999999999998,-0.000899281,1766.512,0.6717625899280575
1781.92,539.0,3.965,3.511,3694.752000001259,4616.35,8669.44,0.4539999999999997,-0.000899281,1788.1899999999769,0.6717625899280575
1750.55,523.0,3.961,3.512,3596.320000000298,4508.32,8407.58,0.4489999999999998,-0.000899281,1754.8099999999763,0.6717625899280575
1824.0,560.0,3.963,3.502,3818.320000000298,4724.32,8540.32,0.4610000000000003,-0.000899281,1828.09,0.6951438848920863
1809.09,501.0,3.918,3.533,3680.321000000462,4616.32,8664.87,0.3850000000000002,-0.000899281,1813.5279999999768,0.6717625899280575
1782.84,544.0,3.962,3.508,3722.313000000082,4652.31,8770.75,0.4540000000000002,-0.000899281,1786.4439999999886,0.6672661870503596
1714.53,510.0,3.95,3.535,3464.3509999997914,4364.35,8368.7,0.415,-0.000899281,1720.2879999999768,0.6753597122302158
1823.27,504.0,3.914,3.531,3709.120000000112,4652.32,8713.86,0.383,-0.000899281,1827.8119999999767,0.6717625899280575
1829.09,568.0,3.97,3.497,3842.387000000104,4760.39,8359.2,0.4730000000000003,-0.000899281,1833.938,0.6762589928057554
1812.0,570.0,3.971,3.494,3824.2579999994487,4724.26,8432.26,0.4769999999999998,-0.000899281,1816.7999999999768,0.6690647482014389
1779.36,543.0,3.969,3.506,3698.352000000887,4580.35,8504.35,0.4630000000000001,-0.000899281,1776.6719999999768,0.6717625899280575
1812.76,578.4000000003725,3.97,3.489,3794.320000000298,4688.32,8361.95,0.4810000000000003,-0.000899281,1816.316,0.6717625899280575
1750.49,528.0,3.957,3.505,3608.225999999792,4508.23,8508.84,0.4519999999999999,-0.000899281,1753.9539999999768,0.677158273
336.0,400.0,3.97,3.488,3788.320000000298,4688.32,8348.52,0.4820000000000002,-0.000899281,1519.452,0.6708633093525179
1828.03,568.0,3.97,3.497,3831.5830000014976,4760.38,8381.18,0.4730000000000003,-0.000899281,1831.602,0.6753597122302158
1779.84,536.0,3.965,3.512,3686.288999999873,4616.29,8653.22,0.4529999999999998,-0.000899281,1785.303999999977,0.6708633093525179
1428.0,561.5999999996275,3.963,3.497,3734.319999999367,4652.32,8280.19,0.4660000000000002,-0.000899281,1727.0760000000002,0.6708633093525179
1712.61,506.9845000002533,3.95,3.536,3457.0499999998137,4364.25,8347.55,0.4140000000000001,-0.000899281,1717.4399999999769,0.6744604316546763
720.0,460.79999999981374,3.961,3.513,3586.7199999997392,4508.32,8385.57,0.4479999999999999,-0.000899281,1546.8539999999766,0.670863309
1825.73,568.0,3.97,3.497,3824.2579999994487,4724.26,8389.31,0.4730000000000003,-0.000899281,1829.542,0.6744604316546763
1710.4,506.8571428572759,3.95,3.537,3449.919999999925,4328.32,8339.56,0.4130000000000002,-0.000899281,1714.8859999999768,0.6735611510791367
912.0,524.0,3.95,3.537,3440.3209999995306,4328.32,8347.11,0.4130000000000002,-0.000899281,1553.2599999999768,0.6726618705035972
1823.49,566.0,3.97,3.498,3824.195000000298,4724.2,8383.59,0.472,-0.000899281,1827.5260000000003,0.6735611510791367
1822.09,566.0,3.97,3.498,3812.3829999994487,4724.38,8379.93,0.472,-0.000899281,1825.686,0.6726618705035972
1820.61,566.0,3.97,3.498,3809.7880000006407,4724.19,8393.53,0.472,-0.000899281,1823.99,0.6717625899280575
168.0,342.8571428572759,3.97,3.499,3806.5079999994487,4724.51,8355.43,0.4710000000000001,-0.000899281,1491.984,0.670863309
1766.69,538.0,3.955,4.08,255.24014285765588,1088.38,4832.39,-0.125,-0.014388489,1782.1819999999884,0.6636690647482013
1763.16,536.0,3.957,3.512,3651.419000000693,4544.22,8696.86,0.4449999999999998,-0.000899281,1777.2139999999883,0.6600719424460431
1811.61,499.0,3.912,3.917,2110.7750000003725,3032.38,7238.26,-0.005,-0.01528777,1823.7519999999768,0.6679856115107914
1764.0,544.0,3.953,4.379,-113.584,5.98,5.98,-0.426,-0.01528777,1813.69,0.6913669064748201
1752.0,528.0,3.965,4.02,620.2189999995753,1448.22,5120.22,-0.055,-0.01528777,1771.8719999999769,0.6679856115107914
1735.08,523.0,3.953,3.926,1376.311999999918,2204.31,6089.44,0.027,-0.01528777,1749.4939999999765,0.6733812949640289
1788.0,556.0,3.967,4.049,458.3439999995753,1304.34,4760.34,-0.082,-0.01528777,1809.5999999999767,0.6652877697841727
1788.67,564.0,3.967,4.073,322.563,1198.56,4922.3,-0.106,-0.01528777,1513.5580000000002,0.6670863309352518
1732.91,522.0,3.954,3.506,3548.3590000011027,4436.36,8503.78,0.4480000000000004,-0.000899281,1744.8899999999765,0.6696043165467627
1786.08,492.0,3.912,4.186,-23.808,404.36,4519.62,-0.274,-0.01618705,1807.043999999977,0.6678057553956835
1788.0,555.4285714281723,3.968,3.499,3737.877399999648,4652.3,8396.3,0.4689999999999998,-0.000899281,1802.399999999977,0.6615107913669064
1736.83,465.0,3.919,3.876,2888.3119999989867,3824.31,7913.97,0.043,-0.01618705,1759.7099999999998,0.6678057553956835
1809.53,499.0,3.912,3.532,3665.958999998868,4616.36,8756.36,0.3799999999999999,-0.000899281,1819.659999999977,0.6642086330935252
1721.75,509.0,3.958,4.242,-60.38266671,80.34,3957.08,-0.284,-0.01528777,1539.8499999999767,0.6670863309352517
1788.0,544.0,3.959,3.51,3722.359000001103,4652.36,8504.36,0.4490000000000003,-0.000899281,1806.49,0.6875899280575539
1762.47,536.0,3.957,3.512,3650.3439999995753,4544.34,8778.44,0.4449999999999998,-0.000899281,1772.1079999999886,0.6564748201438848
1752.0,526.0,3.966,3.511,3608.375,4508.38,8432.38,0.455,-0.000899281,1767.071999999977,0.6642086330935253
1788.0,552.0,3.968,3.5,3734.328999999911,4616.33,8396.33,0.4679999999999999,-0.000899281,1797.5999999999767,0.6577338129496402
1741.31,517.0,3.957,3.522,3572.4060000004247,4472.41,8515.67,0.435,-0.01618705,1775.2879999999768,0.6669064748201439
1785.86,490.0,3.913,3.536,3608.359,4544.36,8626.2,0.3769999999999998,-0.000899281,1801.0979999999768,0.6638489208633095
1808.24,498.0,3.913,3.532,3658.778600000776,4580.36,8758.28,0.3809999999999998,-0.000899281,1815.687999999977,0.6604316546762591
1788.0,543.0,3.958,3.509,3716.311999999918,4616.31,8432.31,0.4490000000000003,-0.000899281,1797.6,0.6838129496402878
1731.45,524.0,3.954,3.507,3542.359000000172,4436.36,8480.64,0.447,-0.000899281,1740.361999999977,0.6658273381294965
1719.11,511.0,3.958,3.518,3493.1749999998137,4400.38,8351.09,0.4400000000000004,-0.000899281,1532.7919999999767,0.6633093525179856
1734.77,464.0,3.918,3.545,3457.142999999225,4364.34,8462.78,0.3730000000000002,-0.000899281,1752.878,0.6638489208633095
1740.0,526.0,3.966,3.511,3602.327999998816,4508.33,8468.33,0.455,-0.000899281,1759.8719999999769,0.6604316546762591
1787.3,562.0,3.968,3.493,3698.266,4616.27,8366.34,0.4750000000000001,-0.000899281,1507.826,0.6633093525179856
1761.5,535.2000000001863,3.958,3.512,3644.390999998897,4544.39,8811.11,0.4460000000000002,-0.000899281,1767.3319999999885,0.6528776978417266
1772.09,546.0,3.959,3.502,3650.375,4544.38,8273.94,0.4570000000000003,-0.01618705,1720.4900000000002,0.6669064748201439
1733.95,463.7142857145518,3.919,3.545,3449.911999998614,4364.31,8463.0,0.3740000000000001,-0.000899281,1746.458,0.6598920863309352
1717.03,508.0,3.958,3.518,3482.359,4400.36,8368.42,0.4400000000000004,-0.000899281,1525.687999999977,0.6595323741007195
1730.98,522.4285714281723,3.955,3.507,3536.234000000172,4436.23,8532.3,0.4479999999999999,-0.000899281,1736.1819999999766,0.6620503597122303
1785.02,563.2000000001863,3.968,3.493,3694.743999999948,4616.34,8342.48,0.4750000000000001,-0.000899281,1501.95,0.6595323741007195
1785.06,492.0,3.913,3.536,3608.359000001103,4544.36,8609.7,0.3769999999999998,-0.000899281,1795.3699999999767,0.6598920863309353
1788.0,542.0,3.958,3.51,3710.311999999918,4616.31,8468.31,0.4480000000000004,-0.000899281,1790.4,0.6800359712230216
1752.0,533.9845,3.958,3.511,3637.160000000149,4544.36,8816.03,0.447,-0.000899281,1761.1639999999884,0.6492805755395683
1739.48,516.0,3.957,3.522,3566.327999998816,4472.33,8523.59,0.435,-0.000899281,1765.5199999999768,0.6629496402877698
1788.0,552.0,3.968,3.501,3728.311999998986,4616.31,8432.31,0.4670000000000001,-0.000899281,1792.7999999999768,0.6539568345323741
1740.0,526.0,3.967,3.511,3601.160000000149,4508.36,8468.36,0.4559999999999999,-0.000899281,1752.6719999999768,0.6566546762589929
1769.95,548.0,3.959,3.502,3644.3439999995753,4544.34,8239.16,0.4570000000000003,-0.000899281,1713.956,0.6629496402877698
1805.98,498.0,3.913,3.532,3651.528000000864,4580.33,8709.25,0.3809999999999998,-0.000899281,1811.725999999977,0.6566546762589929
1804.64,496.0,3.913,3.533,3644.3439999995753,4580.34,8735.12,0.3799999999999999,-0.000899281,1807.9999999999768,0.6528776978417266
1788.0,542.0,3.958,3.51,3709.0810000002384,4616.28,8468.28,0.4480000000000004,-0.000899281,1783.2,0.6762589928057554
1785.34,490.0,3.914,3.536,3608.328000000678,4544.33,8651.2,0.3780000000000001,-0.000899281,1790.2859999999769,0.6559352517985613
1756.95,532.0,3.958,3.513,3629.927999998443,4544.33,8798.44,0.4450000000000003,-0.000899281,1759.2159999999883,0.6483812949640287
1715.16,508.0,3.957,3.52,3476.359,4364.36,8339.97,0.4369999999999998,-0.000899281,1518.6099999999767,0.6557553956834532
1729.25,523.0,3.955,3.507,3536.360000000336,4436.36,8505.86,0.4479999999999999,-0.000899281,1731.9339999999768,0.658273381
1740.0,524.0,3.967,3.511,3596.359,4508.36,8432.39,0.4559999999999999,-0.000899281,1744.7999999999768,0.6528776978417267
1738.36,516.0,3.957,3.521,3560.313000000082,4472.31,8503.45,0.4359999999999999,-0.000899281,1756.1819999999766,0.6589928057553956
1783.23,559.2000000001863,3.968,3.494,3687.5439999997616,4580.34,8320.92,0.4739999999999997,-0.000899281,1496.044,0.6557553956834533
1768.42,547.0,3.959,3.501,3638.359,4544.36,8242.31,0.4580000000000002,-0.000899281,1707.398,0.6589928057553956
1776.0,550.0,3.968,3.501,3722.391,4616.39,8396.39,0.4670000000000001,-0.000899281,1785.5999999999767,0.6501798561151079
1680.45,497.0,3.948,3.543,3356.359,4256.36,8277.86,0.4049999999999998,-0.01618705,1545.9979999999766,0.6687050359712231
1731.61,462.4285714281723,3.918,3.545,3446.359000000172,4364.36,8456.81,0.3730000000000002,-0.000899281,1739.9299999999998,0.6559352517985613
1776.0,550.0,3.968,3.501,3716.311999999918,4616.31,8360.31,0.4670000000000001,-0.000899281,1783.1999999999766,0.6492805755395683
1754.34,528.0,3.957,3.512,3620.344000001438,4544.34,8821.3,0.4449999999999998,-0.000899281,1757.4519999999884,0.6474820143884893
1781.34,560.0,3.968,3.494,3680.327999999746,4580.33,8353.0,0.4739999999999997,-0.000899281,1785.112,0.6519784172661871
1788.0,540.0,3.958,3.511,3701.819000000134,4616.22,8432.22,0.447,-0.000899281,1788.0,0.6753597122302158
1802.05,497.0,3.913,3.533,3637.160000000149,4580.36,8703.2,0.3799999999999999,-0.000899281,1806.0879999999768,0.651978417
1730.3,463.0,3.918,3.546,3440.3279999997467,4364.33,8446.81,0.3720000000000003,-0.000899281,1733.4920000000002,0.6519784172661871
1783.97,492.0,3.913,3.536,3601.158999999054,4544.36,8634.95,0.3769999999999998,-0.000899281,1785.2619999999763,0.6519784172661871
1728.64,523.0,3.955,3.507,3530.313,4436.31,8530.42,0.4479999999999999,-0.000899281,1730.645999999977,0.6573741007194245
1679.72,497.0,3.948,3.541,3356.359,4256.36,8303.72,0.407,-0.000899281,1539.0359999999769,0.6647482014388488
1713.31,507.0,3.957,3.519,3471.512000001036,4364.31,8334.2,0.4379999999999997,-0.000899281,1717.2719999999767,0.651978417
1736.91,515.0,3.957,3.521,3558.037999998778,4472.44,8544.16,0.4359999999999999,-0.000899281,1747.1799999999766,0.6550359712230216
1766.78,544.0,3.959,3.502,3629.958999998868,4544.36,8248.84,0.4570000000000003,-0.000899281,1701.048,0.6550359712230216
1740.0,524.0,3.966,3.512,3590.313000000082,4472.31,8396.31,0.4540000000000002,-0.000899281,1742.399999999977,0.6519784172661871
1668.0,496.0,3.947,3.542,3350.3909999998286,4256.39,8297.48,0.4050000000000002,-0.000899281,1530.1139999999766,0.6607913669064749
1727.17,522.0,3.954,3.507,3524.3279999997467,4436.33,8513.48,0.447,-0.000899281,1729.4979999999766,0.6564748201438848
1776.0,550.0,3.968,3.501,3710.3600000003353,4616.36,8396.36,0.4670000000000001,-0.000899281,1780.7999999999768,0.6483812949640287
1735.0,515.0,3.957,3.521,3548.2970000002533,4472.3,8516.0,0.4359999999999999,-0.000899281,1738.2119999999766,0.6510791366906474
1740.0,523.0,3.965,3.512,3584.328000000678,4472.33,8432.33,0.4529999999999998,-0.000899281,1740.0,0.6510791366906474
1765.12,546.0,3.959,3.503,3622.743999999948,4544.34,8211.36,0.4559999999999999,-0.000899281,1768.4720000000002,0.6510791366906474
1728.25,462.0,3.917,3.545,3435.511999999173,4364.31,8438.3,0.3719999999999999,-0.000899281,1731.7760000000003,0.6510791366906474
1799.55,556.7999999998137,3.968,3.983,1112.25,2024.25,5742.11,-0.015,-0.01528777,1486.748,0.6670863309352517
1711.89,506.0,3.957,3.52,3464.360000000336,4364.36,8355.2,0.4369999999999998,-0.000899281,1715.2999999999768,0.6510791366906475
1782.83,491.0,3.912,3.536,3601.1440000003204,4544.34,8607.52,0.3759999999999999,-0.000899281,1784.611999999977,0.6510791366906474
1788.0,542.0,3.957,3.51,3698.313000001013,4616.31,8468.31,0.447,-0.000899281,1788.0,0.6744604316546763
1800.0,496.0,3.912,3.534,3629.958999998868,4580.36,8718.92,0.3780000000000001,-0.000899281,1804.1819999999768,0.6510791366906475
1752.09,529.0,3.958,3.515,3614.328000000678,4508.33,8791.3,0.443,-0.000899281,1755.3759999999882,0.6465827338129496
1779.88,560.0,3.968,3.495,3674.3439999995753,4580.34,8336.53,0.4729999999999998,-0.000899281,1783.354,0.6510791366906474
1732.92,512.0,3.957,3.522,3542.369833333418,4472.38,8503.67,0.435,-0.000899281,1736.533999999977,0.650179856
1776.0,549.0,3.968,3.501,3704.2970000011846,4616.3,8396.3,0.4670000000000001,-0.000899281,1778.399999999977,0.6474820143884892
1776.0,538.0,3.957,3.51,3692.312,4616.31,8468.31,0.447,-0.000899281,1785.6,0.6735611510791367
1675.2,495.0,3.947,3.542,3344.359,4220.36,8289.51,0.4050000000000002,-0.000899281,1523.0739999999766,0.6568345323741007
1781.06,491.4285714281723,3.912,3.537,3593.819000001065,4508.22,8600.42,0.375,-0.000899281,1783.6519999999769,0.6501798561151079
1723.3,520.0,3.953,3.507,3518.328000000678,4400.33,8496.55,0.4459999999999997,-0.000899281,1727.8679999999767,0.6555755395683454
1778.08,557.5999999996275,3.967,3.496,3673.1910000005737,4580.39,8339.11,0.4710000000000001,-0.000899281,1781.5099999999998,0.6501798561151079
1796.76,554.0,3.967,3.503,3728.311999999918,4652.34,8320.41,0.4639999999999999,-0.000899281,1481.402,0.6633093525179856
1728.0,520.0,3.965,3.513,3572.359,4472.36,8396.36,0.4519999999999999,-0.000899281,1737.5999999999767,0.6501798561151079
1762.92,542.0,3.958,3.503,3620.3439999995753,4544.34,8211.55,0.455,-0.000899281,1766.638,0.650179856
1726.2,461.0,3.917,3.545,3428.375,4364.38,8451.19,0.3719999999999999,-0.000899281,1730.062,0.6501798561151079
1797.66,493.0,3.912,3.534,3622.743999999948,4544.34,8709.17,0.3780000000000001,-0.000899281,1802.0659999999768,0.6501798561151079
1740.0,528.0,3.957,3.514,3602.328000000678,4508.33,8746.78,0.443,-0.000899281,1751.0759999999882,0.645683453
1709.95,506.0,3.957,3.52,3458.375,4364.38,8333.99,0.4369999999999998,-0.000899281,1713.4679999999769,0.6501798561151079
1794.86,551.2000000001863,3.967,3.502,3722.333333333954,4616.33,8330.28,0.4650000000000003,-0.000899281,1475.956,0.6595323741007195
1672.64,495.0,3.948,3.542,3334.728000000119,4220.33,8299.62,0.4060000000000001,-0.000899281,1675.2019999999768,0.6528776978417266
1760.97,542.0,3.959,3.503,3608.359,4508.36,8218.5,0.4559999999999999,-0.000899281,1764.842,0.6492805755395683
1777.95,490.0,3.912,3.536,3586.758999999613,4508.36,8613.25,0.3759999999999999,-0.000899281,1782.2299999999766,0.6492805755395683
1776.0,540.0,3.957,3.511,3686.307833334431,4580.28,8432.31,0.4459999999999997,-0.000899281,1783.2,0.6726618705035972
1708.19,505.0,3.957,3.519,3452.25,4364.25,8346.49,0.4379999999999997,-0.000899281,1711.6999999999766,0.6492805755395683
1730.34,512.0,3.956,3.522,3536.313000000082,4436.31,8506.08,0.4340000000000001,-0.000899281,1734.705999999977,0.6492805755395683
1776.0,548.0,3.968,3.502,3698.344000000506,4580.34,8396.34,0.4660000000000002,-0.000899281,1776.0,0.6465827338129496
1718.22,514.2857142854482,3.953,3.508,3512.360000000336,4400.36,8475.05,0.4449999999999998,-0.000899281,1725.3159999999766,0.6546762589928058
1723.89,460.0,3.917,3.546,3421.142999999225,4328.34,8461.59,0.371,-0.000899281,1728.05,0.6492805755395683
1728.0,519.0,3.965,3.514,3560.359000000172,4472.36,8396.36,0.451,-0.000899281,1735.1999999999766,0.6492805755395683
1776.88,558.0,3.967,3.495,3665.9119999995455,4580.31,8360.55,0.472,-0.000899281,1779.882,0.6492805755395683
1792.8,493.0,3.91,3.536,3615.513,4544.31,8696.09,0.3740000000000001,-0.000899281,1799.4299999999766,0.6492805755395683
1747.55,526.0,3.957,3.516,3596.343999999576,4508.34,8776.42,0.4409999999999998,-0.000899281,1750.1859999999883,0.6447841726618705
1728.0,518.0,3.964,3.514,3548.360000000336,4436.36,8396.36,0.4500000000000002,-0.000899281,1732.7999999999768,0.6483812949640286
1728.88,513.0,3.956,3.522,3524.3289999999106,4436.33,8559.02,0.4340000000000001,-0.000899281,1732.809999999977,0.6483812949640287
1776.0,545.0,3.967,3.503,3692.25,4580.25,8396.25,0.4639999999999999,-0.000899281,1776.0,0.645683453
1721.38,457.2857142854482,3.916,3.547,3413.911999998614,4328.31,8412.16,0.3689999999999998,-0.000899281,1726.004,0.6483812949640286
1745.41,526.0,3.957,3.514,3590.343999999576,4508.34,8730.3,0.443,-0.000899281,1747.8779999999883,0.6438848920863309
1714.88,513.7142857145518,3.952,3.511,3493.0660000005737,4400.27,8430.08,0.4409999999999998,-0.000899281,1722.4419999999768,0.6537769784172662
1671.94,495.0,3.948,3.543,3326.343999999576,4220.34,8287.48,0.4049999999999998,-0.000899281,1673.4999999999768,0.651978417
1776.12,488.0,3.912,3.537,3579.560000000521,4508.36,8654.08,0.375,-0.000899281,1780.3859999999768,0.6483812949640286
1793.03,552.0,3.967,3.503,3716.3590000001714,4616.36,8341.83,0.4639999999999999,-0.000899281,1470.44,0.6557553956834532
1791.05,492.0,3.91,3.536,3601.160000000149,4544.36,8695.53,0.3740000000000001,-0.000899281,1796.7119999999766,0.6483812949640287
1776.0,538.0,3.956,3.511,3680.2189999995753,4580.22,8396.22,0.4449999999999998,-0.000899281,1780.8,0.6717625899280575
1775.22,556.0,3.967,3.495,3658.759000001475,4580.36,8359.33,0.472,-0.000899281,1778.28,0.6483812949640286
1759.06,540.0,3.958,3.503,3602.266,4508.27,8258.59,0.455,-0.000899281,1762.97,0.6483812949640287
1705.83,502.0,3.956,3.519,3442.712,4364.31,8337.17,0.4369999999999998,-0.000899281,1709.8339999999766,0.6483812949640287
1726.78,510.0,3.956,3.522,3518.2810000004247,4436.28,8547.45,0.4340000000000001,-0.000899281,1730.783999999977,0.6474820143884893
1789.5,489.0,3.909,3.536,3593.927999999374,4544.33,8645.5,0.3729999999999998,-0.000899281,1794.2019999999768,0.6474820143884892
1728.0,518.0,3.964,3.514,3536.3429999994114,4436.34,8396.34,0.4500000000000002,-0.000899281,1730.399999999977,0.6474820143884892
1757.83,541.0,3.958,3.505,3596.313000000082,4508.31,8265.56,0.4530000000000003,-0.000899281,1761.1799999999998,0.6474820143884893
1743.33,524.0,3.956,3.515,3586.7900000000373,4508.39,8717.86,0.4409999999999998,-0.000899281,1745.675999999988,0.6429856115107914
1719.05,459.0,3.916,3.547,3406.760000000708,4328.36,8422.53,0.3689999999999998,-0.000899281,1723.754,0.6474820143884892
1773.62,489.0,3.911,3.537,3565.158999999054,4508.36,8642.66,0.3740000000000001,-0.000899281,1778.3159999999766,0.6474820143884892
1670.22,492.0,3.948,3.544,3320.360000000336,4220.36,8283.2,0.4039999999999999,-0.000899281,1671.5999999999767,0.6510791366906475
1712.86,512.0,3.952,3.511,3482.2810000004247,4364.28,8458.45,0.4409999999999998,-0.000899281,1719.2859999999769,0.6528776978417266
1776.0,545.0,3.967,3.504,3686.344000001438,4580.34,8396.34,0.4630000000000001,-0.000899281,1776.0,0.6447841726618704
1776.0,538.0,3.956,3.511,3674.218000000343,4580.22,8468.22,0.4449999999999998,-0.000899281,1778.4,0.6708633093525179
1791.58,551.0,3.967,3.503,3709.221999999136,4616.42,8352.58,0.4639999999999999,-0.000899281,1795.1559999999995,0.651978417
1704.09,504.0,3.956,3.521,3434.3279999997467,4328.33,8336.39,0.435,-0.000899281,1707.9899999999768,0.6474820143884892
1773.56,556.0,3.967,3.497,3650.359000001103,4544.36,8343.48,0.4700000000000002,-0.000899281,1776.7240000000002,0.6474820143884892
1728.0,515.0,3.964,3.516,3530.3899999996647,4436.39,8396.39,0.4479999999999999,-0.000899281,1728.0,0.6465827338129496
1752.0,538.0,3.958,3.504,3590.360000000336,4508.36,8252.97,0.4540000000000002,-0.000899281,1758.556,0.6465827338129496
1668.36,493.7142857145518,3.947,3.544,3308.360000000336,4184.36,8287.72,0.403,-0.000899281,1671.6719999999768,0.650179856
1776.0,538.0,3.956,3.512,3673.1749999998137,4580.38,8432.38,0.4439999999999999,-0.000899281,1776.0,0.6699640287769785
1791.36,490.0,3.91,3.536,3586.743999999948,4544.34,8653.81,0.3740000000000001,-0.000899281,1792.473999999977,0.6465827338129496
1724.97,509.0,3.956,3.523,3512.2649999996647,4436.26,8529.8,0.4329999999999998,-0.000899281,1728.777999999977,0.6465827338129496
1741.56,525.0,3.956,3.515,3579.560000000521,4472.36,8739.58,0.4409999999999998,-0.000899281,1743.569999999988,0.6420863309352518
1717.48,459.0,3.916,3.547,3399.560000000521,4328.36,8417.03,0.3689999999999998,-0.000899281,1721.6,0.6465827338129497
1771.81,556.0,3.966,3.495,3644.344000000506,4544.34,8334.81,0.4710000000000001,-0.000899281,1775.11,0.6465827338129496
1789.64,549.5999999996275,3.967,3.504,3704.359,4616.36,8351.62,0.4630000000000001,-0.000899281,1793.1739999999998,0.6510791366906475
1771.78,486.0,3.911,3.538,3557.9129999997094,4508.31,8604.74,0.3730000000000002,-0.000899281,1776.1059999999766,0.6465827338129496
1702.33,502.7142857145518,3.956,3.521,3428.343999999576,4328.34,8339.58,0.435,-0.000899281,1706.0779999999766,0.6465827338129496
1776.0,545.5999999996275,3.968,3.504,3680.359,4580.36,8432.36,0.4639999999999999,-0.000899281,1776.0,0.6438848920863309
1715.42,513.0,3.953,3.512,3470.3119999989867,4364.31,8472.7,0.4409999999999998,-0.000899281,1716.9359999999767,0.6519784172661871
1787.78,550.0,3.967,3.504,3694.791,4616.39,8339.66,0.4630000000000001,-0.000899281,1791.378,0.6501798561151079
1787.78,491.0,3.909,3.535,3593.802999999374,4544.2,8649.97,0.3739999999999996,-0.000899281,1790.4979999999766,0.645683453
1724.33,509.0,3.956,3.523,3506.360000000336,4436.36,8529.0,0.4329999999999998,-0.000899281,1727.059999999977,0.645683453
1728.0,518.0,3.964,3.515,3536.2970000011846,4436.3,8432.3,0.4489999999999998,-0.000899281,1728.0,0.645683453
1776.0,538.0,3.956,3.513,3673.128000000492,4580.33,8432.33,0.443,-0.000899281,1776.0,0.6690647482014389
1770.59,555.0,3.967,3.496,3638.3899999996647,4544.39,8336.51,0.4710000000000001,-0.000899281,1773.612,0.645683453
1710.11,510.0,3.953,3.51,3482.3130000010133,4364.31,8438.94,0.443,-0.000899281,1714.2979999999766,0.6510791366906474
1663.61,492.0,3.945,3.543,3302.391,4184.39,8294.14,0.4019999999999997,-0.000899281,1669.3539999999768,0.6492805755395683
1715.61,456.0,3.916,3.547,3392.3590000011027,4328.36,8384.8,0.3689999999999998,-0.000899281,1719.482,0.645683453
1754.91,538.0,3.959,3.504,3584.391,4508.39,8236.7,0.455,-0.000899281,1756.9540000000002,0.645683453
1773.61,487.0,3.912,3.539,3550.618999999948,4472.22,8636.77,0.3729999999999998,-0.000899281,1774.6159999999768,0.645683453
1776.0,546.0,3.967,3.503,3680.359,4580.36,8396.36,0.4639999999999999,-0.000899281,1776.0,0.6429856115107914
1740.22,522.0,3.956,3.516,3572.3119999989867,4472.31,8710.88,0.4399999999999999,-0.000899281,1743.6139999999882,0.6411870503597122
1700.44,501.7142857145518,3.956,3.521,3422.344000001438,4328.34,8294.84,0.435,-0.000899281,1704.175999999977,0.645683453
1786.03,491.0,3.909,3.537,3586.7750000003725,4508.38,8667.03,0.3719999999999999,-0.000899281,1789.143999999977,0.6447841726618704
1722.31,508.0,3.956,3.523,3506.360000000336,4400.36,8508.91,0.4329999999999998,-0.000899281,1725.4539999999768,0.6447841726618705
1661.25,491.0,3.945,3.546,3284.3119999989867,4184.31,8298.75,0.399,-0.000899281,1667.0759999999766,0.6483812949640287
1764.0,542.0,3.967,3.502,3674.3590000001714,4580.36,8360.36,0.4650000000000003,-0.000899281,1773.5999999999767,0.6420863309352518
1698.75,500.0,3.955,3.521,3421.0499999998137,4328.25,8321.78,0.4340000000000001,-0.000899281,1702.2879999999764,0.6447841726618704
1737.19,521.0,3.955,3.516,3572.344000001438,4472.34,8684.53,0.439,-0.000899281,1741.5419999999883,0.6402877697841728
1707.88,508.0,3.952,3.513,3464.391,4364.39,8445.7,0.439,-0.000899281,1712.2299999999766,0.6501798561151079
1714.62,456.0,3.916,3.548,3392.343999999576,4292.34,8424.0,0.3679999999999999,-0.000899281,1717.628,0.6447841726618705
1753.62,538.0,3.958,3.504,3579.513000000268,4508.31,8248.19,0.4540000000000002,-0.000899281,1755.484,0.6447841726618705
1769.47,554.0,3.966,3.496,3637.128,4544.33,8333.77,0.4700000000000002,-0.000899281,1772.13,0.6447841726618705
1716.0,514.0,3.964,3.516,3529.160000000149,4436.36,8360.36,0.4479999999999999,-0.000899281,1725.5999999999767,0.6447841726618705
1776.0,540.0,3.956,3.512,3668.327999999746,4580.33,8468.33,0.4439999999999999,-0.000899281,1776.0,0.6681654676258992
1785.31,548.0,3.967,3.505,3687.5589999994254,4580.36,8285.64,0.4620000000000002,-0.000899281,1789.468,0.6492805755395683
1769.74,486.0,3.912,3.537,3557.928000000305,4508.33,8617.95,0.375,-0.000899281,1772.9739999999765,0.6447841726618705
1764.0,542.0,3.967,3.503,3668.375,4580.38,8360.38,0.4639999999999999,-0.000899281,1771.1999999999766,0.6411870503597122
1784.06,548.0,3.967,3.506,3680.3439999995753,4580.34,8329.5,0.4610000000000003,-0.000899281,1787.6739999999998,0.6483812949640287
1721.0,508.0,3.956,3.523,3500.3909999998286,4400.38,8529.0,0.4329999999999998,-0.000899281,1723.8779999999765,0.6438848920863309
1716.0,514.0,3.964,3.517,3518.343999999576,4400.34,8396.34,0.447,-0.000899281,1723.1999999999766,0.6438848920863309
1776.0,536.0,3.956,3.512,3662.3429999994114,4580.34,8432.34,0.4439999999999999,-0.000899281,1776.0,0.6672661870503597
1706.41,508.0,3.952,3.512,3457.144000001252,4364.34,8470.19,0.4399999999999999,-0.000899281,1710.5359999999769,0.6492805755395683
1658.42,488.5714285718277,3.945,3.544,3278.360000000336,4148.36,8284.09,0.4009999999999998,-0.000899281,1664.3719999999764,0.6474820143884893
1752.66,540.0,3.958,3.504,3578.2179999994114,4472.22,8235.11,0.4540000000000002,-0.000899281,1754.2040000000002,0.6438848920863309
1713.28,457.7142857145518,3.916,3.548,3385.143999999389,4292.34,8417.12,0.3679999999999999,-0.000899281,1716.0080000000005,0.6438848920863309
1697.44,500.0,3.956,3.522,3413.943999999203,4328.36,8313.33,0.4340000000000001,-0.000899281,1700.6099999999765,0.6438848920863309
1735.41,520.0,3.954,3.517,3560.2810000004247,4472.28,8737.69,0.4370000000000003,-0.000899281,1739.5419999999883,0.6393884892086331
1767.53,554.4000000003725,3.966,3.496,3632.3429999994114,4544.34,8333.69,0.4700000000000002,-0.000899281,1770.592,0.6438848920863309
1767.16,485.0,3.911,3.538,3543.6059999987483,4472.41,8576.41,0.3730000000000002,-0.000899281,1771.1819999999766,0.6438848920863309
1783.78,488.0,3.909,3.537,3579.513000000268,4508.31,8668.88,0.3719999999999999,-0.000899281,1787.6899999999769,0.6438848920863309
1659.45,489.8571428572759,3.946,3.545,3269.943999999203,4148.34,8292.41,0.4010000000000002,-0.000899281,1662.2179999999769,0.6465827338129496
1716.0,513.0,3.964,3.516,3512.343999999576,4400.34,8360.34,0.4479999999999999,-0.000899281,1720.7999999999768,0.6429856115107914
1766.72,553.008,3.966,3.498,3626.375,4544.38,8323.84,0.4679999999999999,-0.000899281,1769.2240000000002,0.6429856115107914
1702.88,507.0,3.951,3.513,3452.25,4328.25,8440.66,0.4380000000000001,-0.000899281,1708.5399999999768,0.6483812949640286
1695.84,499.0,3.956,3.522,3410.375,4328.38,8340.72,0.4340000000000001,-0.000899281,1698.9599999999766,0.6429856115107914
1751.28,537.0,3.957,3.505,3572.25,4472.25,8234.59,0.4519999999999999,-0.000899281,1752.8939999999998,0.6429856115107914
1782.72,544.0,3.967,3.505,3680.328000000678,4580.33,8340.91,0.4620000000000002,-0.000899281,1785.902,0.6474820143884892
1719.78,508.0,3.955,3.525,3493.143999999389,4400.34,8535.09,0.4300000000000001,-0.000899281,1722.4779999999766,0.6429856115107914
1777.47,485.0,3.907,3.537,3572.343999999576,4508.34,8641.0,0.3700000000000001,-0.000899281,1785.283999999977,0.6429856115107914
1764.0,543.0,3.967,3.503,3665.912999999709,4580.31,8360.31,0.4639999999999999,-0.000899281,1768.7999999999768,0.6402877697841727
1776.0,535.0,3.955,3.512,3658.712999999523,4580.31,8470.31,0.443,-0.000899281,1776.0,0.6663669064748202
1765.78,485.0,3.911,3.54,3542.375,4472.38,8635.34,0.371,-0.000899281,1769.6139999999766,0.6429856115107914
1727.5,514.0,3.953,3.518,3554.343999999576,4472.34,8712.09,0.435,-0.000899281,1736.3759999999886,0.6384892086330936
1711.59,455.0,3.916,3.549,3380.3430000003427,4292.34,8390.81,0.367,-0.000899281,1714.516,0.6429856115107914
1716.0,511.0,3.962,3.517,3500.3430000003427,4400.34,8396.34,0.4450000000000003,-0.000899281,1718.399999999977,0.6420863309352518
1764.0,542.0,3.966,3.504,3658.805999999866,4544.41,8360.41,0.4620000000000002,-0.000899281,1766.399999999977,0.6393884892086331
1775.16,486.0,3.906,3.539,3550.7130000004545,4472.31,8649.19,0.367,-0.000899281,1782.043999999977,0.6420863309352518
1781.61,546.0,3.967,3.506,3673.160000000149,4580.36,8350.89,0.4610000000000003,-0.000899281,1784.2959999999998,0.6465827338129496
1764.0,534.0,3.955,3.512,3651.575000000186,4544.38,8432.38,0.443,-0.000899281,1773.6,0.6654676258992805
1748.78,536.0,3.957,3.504,3572.375,4472.38,8221.0,0.4529999999999998,-0.000899281,1752.25,0.6420863309352518
1764.69,554.0,3.965,3.496,3622.7440000018105,4544.34,8315.59,0.4689999999999998,-0.000899281,1767.8,0.6420863309352518
1699.56,505.0,3.95,3.513,3440.3119999989867,4328.31,8500.22,0.4370000000000003,-0.000899281,1705.3679999999767,0.6474820143884892
1655.06,485.5714285718277,3.945,3.545,3272.25,4148.25,8299.19,0.3999999999999999,-0.000899281,1659.5579999999766,0.645683453
1704.0,456.4285714281723,3.916,3.549,3377.8499999996275,4292.25,8387.88,0.367,-0.000899281,1711.8200000000002,0.6420863309352518
1717.72,507.0,3.955,3.524,3488.313000000082,4400.31,8535.09,0.431,-0.000899281,1721.0279999999766,0.6420863309352518
1714.28,510.0,3.947,3.52,3514.742999999784,4436.34,8692.03,0.427,-0.000899281,1730.9199999999885,0.637589928
1762.59,484.0,3.911,3.539,3529.1749999998137,4472.38,8615.16,0.3719999999999999,-0.000899281,1767.7759999999766,0.6420863309352518
1693.97,497.1428571427241,3.955,3.522,3404.25,4292.25,8344.88,0.4330000000000003,-0.000899281,1697.2879999999764,0.6420863309352518
1752.0,529.0,3.962,3.504,3644.3439999995753,4544.34,8360.34,0.4580000000000002,-0.000899281,1761.5999999999767,0.6384892086330936
1653.16,487.0,3.945,3.547,3260.344000001438,4148.34,8295.09,0.3979999999999997,-0.000899281,1657.4679999999769,0.6447841726618705
1746.16,536.0,3.956,3.506,3560.3226666664705,4472.31,8233.12,0.4500000000000002,-0.000899281,1750.5,0.6411870503597122
1768.38,481.0,3.904,3.54,3536.343999999576,4472.34,8652.34,0.3639999999999999,-0.000899281,1778.1639999999766,0.6411870503597122
1704.0,506.0,3.961,3.519,3488.375,4400.38,8396.38,0.4419999999999997,-0.000899281,1713.5999999999767,0.6411870503597121
1715.09,505.7142857145518,3.955,3.525,3478.806000000797,4400.41,8541.91,0.4300000000000001,-0.000899281,1719.1799999999766,0.6411870503597122
1704.0,504.0,3.945,3.524,3470.375,4364.38,8752.81,0.4209999999999998,-0.000899281,1723.675999999988,0.6366906474820144
1694.12,502.0,3.949,3.515,3422.3120000008494,4328.31,8465.03,0.4339999999999997,-0.000899281,1702.1699999999769,0.6465827338129497
1705.97,455.1428571427241,3.915,3.549,3368.311999999918,4292.31,8371.97,0.3660000000000001,-0.000899281,1709.8919999999998,0.6411870503597121
1762.53,552.0,3.965,3.497,3614.2820000005886,4508.28,8280.88,0.4679999999999999,-0.000899281,1766.1879999999996,0.6411870503597121
1779.66,544.9741666661575,3.967,3.506,3668.234,4580.23,8300.17,0.4610000000000003,-0.000899281,1782.672,0.645683453
1764.0,530.0,3.953,3.512,3650.312999999151,4544.31,8432.31,0.4409999999999998,-0.000899281,1771.2,0.664568345
1691.06,495.8571428572759,3.955,3.522,3398.311999999918,4292.31,8308.5,0.4330000000000003,-0.000899281,1695.4119999999766,0.6411870503597122
1759.12,480.0,3.91,3.54,3514.743999999948,4436.34,8595.97,0.3700000000000001,-0.000899281,1764.8779999999765,0.6411870503597121
1759.19,530.375,3.958,3.812,3507.0,4466.03,8652.0,0.1460000000000003,-0.000899281,1767.8379999999995,0.6636690647482014
1675.03,492.0,3.957,3.742,3269.2810000004247,4220.97,8507.25,0.2149999999999998,-0.000899281,1690.6679999999767,0.6402877697841727
1695.31,506.375,3.956,3.732,3304.3130000010133,4242.03,8673.44,0.2239999999999997,-0.000899281,1699.6559999999768,0.645683453
1778.47,545.0,3.967,3.505,3662.312,4580.31,8287.17,0.4620000000000002,-0.000899281,1781.304,0.6447841726618704
1754.09,549.5929999994114,3.967,3.717,3514.375,4466.0,8441.75,0.25,-0.000899281,1763.112,0.6402877697841727
1708.81,510.0159999988973,3.953,3.724,3367.375,4319.0,8954.88,0.2289999999999996,-0.000899281,1717.9999999999884,0.6357913669064749
1651.16,486.0,3.945,3.546,3254.3429999994114,4148.34,8295.28,0.399,-0.000899281,1655.4499999999766,0.6438848920863309
1752.0,532.7809999994934,3.971,3.81,3500.0,4445.0,8484.0,0.161,-0.000899281,1759.1999999999766,0.6375899280575539
1702.66,502.7970000002533,3.956,3.729,3353.343999999576,4319.03,8781.44,0.2269999999999998,-0.000899281,1715.2499999999768,0.6402877697841728
1708.78,508.8119999999181,3.969,3.821,3367.0,4312.0,8610.03,0.1479999999999997,-0.000899281,1712.1559999999768,0.6402877697841727
1772.94,489.5930000003427,3.914,3.725,3437.344000000506,4416.97,8806.75,0.189,-0.000899281,1775.5459999999766,0.6402877697841727
1732.47,528.0,3.958,3.813,3458.375,4417.38,8386.72,0.145,-0.000899281,1746.27,0.6402877697841728
1755.91,482.4059999985621,3.918,3.826,3430.343999999576,4410.34,8756.22,0.092,-0.000899281,1762.111999999977,0.6402877697841727
1696.31,453.5939999995753,3.919,3.738,3241.343999999576,4207.0,8615.53,0.181,-0.000899281,1706.23,0.6402877697841727
1643.91,487.219,3.946,3.732,3143.25,4080.97,8464.97,0.2139999999999999,-0.000899281,1652.5479999999766,0.6429856115107914
197457.42,188447.7216666676,4.26,3.304,67440.0,79483.71,79483.71,0.956,-0.000899281,40862.40199999999,0.6348920863309353
195314.53,3240.0,4.261,3.314,66060.0,77900.26,77900.26,0.947,-0.000899281,40421.27999999998,0.6447841726618705
196804.51,188233.3916666676,4.261,3.291,63089.98100000061,74249.98,74249.98,0.9700000000000002,-0.000899281,40773.54,0.6627697841726619
197060.49,186830.53300016187,4.262,3.31,65549.98399999924,77160.0,77160.0,0.9519999999999996,-0.000899281,40781.053999999975,0.6393884892086331
197491.77,186442.0229999991,4.261,3.318,64289.98599999864,75766.46,75766.46,0.943,-0.000899281,40849.53399999997,0.6393884892086331
196200.23,-180996.899,4.261,3.314,61710.01299999934,72626.82,72626.82,0.947,-0.000899281,40649.652,0.6393884892086331
1776.78,544.0,3.966,3.506,3658.712000001222,4580.31,8308.5,0.4600000000000004,-0.000899281,1779.848,0.6438848920863309
199037.47,3320.0099999997765,4.258,3.298,62910.01900000032,74075.96,74075.96,0.96,-0.000899281,41171.068,0.6393884892086332
195323.46,-57819.84067,4.261,3.314,62910.01299999934,74132.99,74132.99,0.947,-0.000899281,40460.43,0.6393884892086331
197478.14,95869.081,4.263,3.307,64769.98399999924,76200.0,76200.0,0.956,-0.000899281,40902.02799999998,0.6366906474820144
195130.37,-119776.9083,4.26,3.316,65909.98399999924,77614.08,77614.08,0.944,-0.000899281,40444.86399999998,0.6393884892086331
198273.31,126577.48999998251,4.26,3.305,65219.99799999967,76928.77,76928.77,0.9549999999999996,-0.000899281,41025.71199999998,0.6393884892086331
1814.59,492.0,3.902,3.524,4172.895999998786,5231.3,10012.58,0.3780000000000001,-0.000899281,40452.28799999998,0.6384892086330936
194936.45,363652.9240001608,4.258,3.301,62279.99899999984,73561.28,73561.28,0.957,-0.000899281,40307.94799999998,0.6420863309352518
1781.92,539.0,3.947,3.525,4205.952000000514,5228.35,9621.86,0.4220000000000001,-0.000899281,40466.558000000005,0.6384892086330936
1752.0,525.0,3.942,3.504,4175.352000000887,5228.35,10397.98,0.4380000000000001,-0.000899281,40867.30199999999,0.6339928057553956
1789.54,550.4000000003725,3.955,3.521,4213.120000000112,5228.32,9667.14,0.4340000000000001,-0.000899281,40654.216,0.6384892086330936
1727.39,503.0,3.946,3.521,4162.752000000328,5192.35,9990.43,0.4250000000000002,-0.000899281,40855.843999999975,0.6384892086330936
1731.2,450.4285714281723,3.903,3.515,4119.552,5192.35,10054.43,0.3879999999999999,-0.000899281,41174.990000000005,0.6384892086330936
1745.86,510.0,3.943,3.507,4169.952000000514,5228.35,10207.33,0.4359999999999999,-0.000899281,41030.92799999997,0.6384892086330936
1775.88,544.0,3.966,3.507,3651.511999999173,4580.31,8278.44,0.4590000000000001,-0.000899281,1778.48,0.6429856115107914
1790.78,484.0,3.904,3.523,4213.56,5266.56,9979.39,0.3809999999999998,-0.001798561,1766.8359999999768,0.6392086330935252
1790.05,538.0,3.956,3.487,4299.456000000238,5300.26,9824.93,0.4689999999999998,-0.000899281,40907.237999999976,0.6357913669064749
186659.01,3120.0,4.262,3.158,63869.97999999952,75120.0,75120.0,1.1039999999999996,-0.000899281,77750.142,0.6618705035971223
1746.43,516.0,3.946,3.525,4184.351999999955,5228.35,10120.26,0.4210000000000002,-0.000899281,40429.989999999976,0.6438848920863309
1752.0,518.0,3.958,3.503,4270.784000000916,5300.38,10016.39,0.455,-0.000899281,40788.25399999997,0.6384892086330936
1788.0,544.0,3.96,3.518,3740.384000000544,4616.38,8540.38,0.4420000000000001,-0.000899281,40912.03799999998,0.6348920863309353
1752.0,525.1428571427241,3.962,3.525,3629.9199999999255,4508.32,8576.32,0.4370000000000003,-0.000899281,40795.453999999976,0.637589928
1821.6,496.0,3.905,3.544,3687.5509999999776,4616.35,8878.3,0.3609999999999997,-0.000899281,40461.57599999998,0.6375899280575539
1786.72,544.0,3.952,3.518,3680.321000000462,4580.32,8386.91,0.4340000000000001,-0.000899281,40474.146,0.637589928
1766.78,534.0,3.949,3.527,3638.224999999628,4544.22,9036.35,0.4219999999999997,-0.000899281,40877.80199999999,0.6330935251798561
1687.17,496.0,3.936,3.527,4033.1839999994254,5084.38,10131.26,0.4089999999999998,-0.000899281,40314.36999999998,0.6411870503597122
1742.11,460.0,3.907,3.558,3457.024999999441,4364.22,8589.18,0.3490000000000002,-0.000899281,41182.612,0.637589928
1796.16,556.0,3.96,3.514,3716.351999999024,4616.35,8460.54,0.4460000000000002,-0.000899281,40660.51,0.637589928
1733.22,507.9948333334178,3.95,3.533,3518.3509999997914,4436.35,8508.19,0.4170000000000002,-0.000899281,40863.69399999997,0.6375899280575539
1800.0,528.0,3.948,3.477,4220.351999999955,5264.35,9980.35,0.4710000000000001,-0.000899281,77757.342,0.6609712230215827
1753.99,523.7142857145518,3.95,3.522,3601.056000000797,4472.26,8706.14,0.4280000000000004,-0.000899281,40440.875999999975,0.6429856115107914
1754.11,518.1428571427241,3.949,3.534,3578.3520000008866,4472.35,8732.03,0.415,-0.000899281,41038.20599999998,0.637589928
1774.22,542.0,3.966,3.506,3650.375,4544.38,8277.81,0.4600000000000004,-0.000899281,1777.002,0.6420863309352518
1797.82,488.0,3.906,3.547,3629.952000000514,4544.35,8750.3,0.359,-0.000899281,1773.2439999999765,0.6381294964028777
1771.25,539.2000000001863,3.965,3.507,3644.311999998986,4544.31,8279.94,0.4579999999999997,-0.000899281,1775.3200000000002,0.6411870503597122
1787.04,544.7999999998137,3.953,3.516,3698.3830000013113,4580.38,8366.43,0.4369999999999998,-0.000899281,40482.322,0.6366906474820144
1799.94,489.0,3.907,3.545,3651.489,4580.29,8738.46,0.3620000000000001,-0.000899281,1780.7139999999767,0.6370503597122303
1788.0,548.0,3.961,3.514,3759.5540000014007,4652.35,8468.35,0.447,-0.000899281,40919.237999999976,0.6339928057553956
1796.45,558.0,3.961,3.511,3737.951999999583,4652.35,8410.34,0.4499999999999997,-0.000899281,40667.294,0.6366906474820144
1744.42,462.0,3.909,3.556,3488.3199999993667,4400.32,8561.31,0.3529999999999997,-0.000899281,41190.302,0.6366906474820144
1755.33,526.0,3.951,3.52,3622.7210000008345,4508.32,8656.42,0.431,-0.000899281,40453.11799999997,0.6420863309352518
1733.63,507.0,3.951,3.531,3536.354000000283,4436.35,8458.15,0.4199999999999999,-0.000899281,40872.20799999997,0.6366906474820144
1692.48,498.0,3.941,3.556,3385.151999999769,4256.38,8524.35,0.3849999999999998,-0.000899281,40322.23399999998,0.6402877697841728
1802.46,534.0,3.95,3.524,3737.887999999337,4652.29,8612.29,0.4260000000000001,-0.000899281,77765.03400000001,0.6600719424460432
1768.1,531.9980000006035,3.953,3.524,3662.225000000559,4544.23,8973.86,0.4289999999999998,-0.000899281,40890.62199999999,0.6321942446043165
1822.79,500.0,3.907,3.541,3709.1829999992624,4616.38,8826.24,0.3660000000000001,-0.000899281,40472.45799999998,0.6366906474820144
1755.01,522.0,3.95,3.532,3608.225000000559,4508.23,8689.92,0.4180000000000001,-0.000899281,41046.18999999998,0.6366906474820144
1764.0,526.7142857145518,3.962,3.524,3650.320000000298,4544.32,8540.32,0.4380000000000001,-0.000899281,40807.453999999976,0.6366906474820144
1799.9,490.0,3.907,3.546,3656.320000000298,4580.32,8741.54,0.3610000000000002,-0.000899281,1788.8699999999767,0.6359712230215828
1761.69,537.594,3.968,3.724,3542.4060000004247,4494.0,8451.81,0.2439999999999997,-0.000899281,1771.964,0.6402877697841727
1731.55,507.0,3.951,3.531,3542.3199999993667,4436.32,8442.18,0.4199999999999999,-0.000899281,40883.51199999997,0.6357913669064749
1754.66,526.0,3.951,3.52,3629.983000000008,4508.38,8630.27,0.431,-0.000899281,40464.987999999976,0.6411870503597121
1752.0,526.0,3.962,3.523,3651.5509999999776,4544.35,8504.35,0.439,-0.000899281,40816.097999999976,0.6357913669064749
1691.14,500.0,3.941,3.555,3399.552000001073,4292.35,8424.23,0.3859999999999997,-0.000899281,40330.22999999998,0.6393884892086331
1800.0,536.0,3.951,3.524,3745.120000000112,4652.32,8540.32,0.427,-0.000899281,77773.19600000001,0.6591726618705037
1767.07,530.0,3.955,3.524,3662.321000000462,4544.32,9034.56,0.431,-0.000899281,40902.27399999999,0.6312949640287769
1754.11,521.0,3.952,3.531,3608.352000000887,4508.35,8716.57,0.4209999999999998,-0.000899281,41056.47999999997,0.6357913669064749
1822.62,502.0,3.908,3.54,3709.1830000001937,4652.38,8868.8,0.3679999999999999,-0.000899281,40482.39399999998,0.6357913669064749
1788.0,547.2000000001863,3.962,3.514,3764.351999999024,4652.38,8468.35,0.4480000000000004,-0.000899281,40926.43799999998,0.6330935251798561
1785.15,544.0,3.953,3.515,3698.350000000559,4580.35,8378.56,0.4379999999999997,-0.000899281,40492.85799999999,0.6357913669064749
1795.01,558.0,3.961,3.51,3737.950999999419,4652.35,8398.05,0.451,-0.000899281,40675.478,0.6357913669064749
1743.84,460.2857142854482,3.909,3.555,3494.3509999997914,4400.35,8528.41,0.3539999999999996,-0.000899281,41199.808000000005,0.6357913669064749
1743.14,461.5714285718277,3.91,3.555,3493.1199999991804,4400.32,8528.09,0.355,-0.000899281,1740.9419999999998,0.6348920863309353
1797.89,490.0,3.908,3.544,3651.5509999999776,4580.35,8727.17,0.3639999999999999,-0.000899281,1797.2659999999769,0.6348920863309353
1782.27,544.0,3.954,3.514,3692.320000000298,4580.32,8358.08,0.4400000000000004,-0.000899281,1784.62,0.6348920863309353
1791.84,554.0,3.961,3.51,3730.622,4616.22,8361.98,0.451,-0.000899281,1793.8,0.6348920863309353
1788.0,549.0,3.961,3.513,3764.351999999024,4652.35,8468.35,0.4479999999999999,-0.000899281,1788.409999999977,0.6321942446043165
1728.45,506.1428571427241,3.952,3.53,3536.383000001312,4436.38,8390.37,0.4220000000000001,-0.000899281,1730.8479999999768,0.6348920863309353
1750.88,526.2857142854482,3.95,3.518,3626.321000000462,4508.32,8601.63,0.4320000000000004,-0.000899281,1752.2579999999768,0.6402877697841727
1801.89,537.0,3.951,3.523,3745.148999999277,4652.35,8528.0,0.4279999999999999,-0.000899281,38772.672000000006,0.658273381
1819.14,502.0,3.908,3.539,3701.919999998994,4616.32,8813.34,0.3689999999999998,-0.000899281,1820.1479999999767,0.6348920863309353
1752.0,523.4285714281723,3.962,3.522,3650.320000000298,4544.32,8468.32,0.4400000000000004,-0.000899281,1754.399999999977,0.6348920863309353
197016.9,3082.4887500004843,4.262,3.297,64619.998,76089.12,76089.12,0.9649999999999994,-0.000899281,40819.988,0.6393884892086331
1751.49,522.0,3.953,3.531,3602.320000000298,4508.32,8732.76,0.4219999999999997,-0.000899281,1752.1159999999768,0.6348920863309353
1764.96,530.0,3.956,3.524,3656.320000000298,4544.32,8936.64,0.4319999999999999,-0.000899281,1763.7819999999883,0.6303956834532374
1686.82,496.0,3.941,3.555,3399.5200000004843,4292.32,8385.05,0.3859999999999997,-0.000899281,40338.811999999976,0.6384892086330936
1759.55,524.0,3.955,3.523,3650.388166666031,4544.38,8910.72,0.4319999999999999,-0.000899281,1765.291999999988,0.6294964028776977
1792.48,536.0,3.955,3.481,4270.751000001095,5300.35,9707.74,0.4740000000000002,-0.000899281,40823.308000000005,0.6384892086330936
1800.0,538.0,3.951,3.522,3740.352000000887,4652.35,8504.35,0.4290000000000002,-0.000899281,1800.87,0.6573741007194245
1815.45,498.0,3.909,3.54,3694.622999999672,4616.22,8859.96,0.3689999999999998,-0.000899281,1820.3199999999767,0.6339928057553956
1745.44,524.0,3.951,3.519,3614.383,4508.38,8591.3,0.4319999999999999,-0.000899281,1752.0599999999763,0.6393884892086332
1747.45,517.0,3.954,3.531,3593.825999999419,4508.23,8684.23,0.423,-0.000899281,1752.4339999999768,0.6339928057553956
1725.76,505.1428571427241,3.952,3.53,3529.1829999992624,4436.38,8404.96,0.4220000000000001,-0.000899281,1730.5219999999767,0.6339928057553956
1741.5,461.0,3.909,3.554,3493.121000000276,4400.32,8536.83,0.355,-0.000899281,1743.002,0.6339928057553956
1788.0,549.0,3.962,3.513,3758.258,4652.26,8468.26,0.4490000000000003,-0.000899281,1788.0,0.6312949640287769
1779.13,544.0,3.954,3.514,3686.225999999792,4580.23,8319.84,0.4400000000000004,-0.000899281,1784.062,0.6339928057553956
1789.76,554.0,3.962,3.509,3723.521000000648,4616.32,8376.29,0.4530000000000003,-0.000899281,1793.8439999999998,0.6339928057553956
1752.0,522.0,3.962,3.523,3637.121000000276,4508.32,8468.32,0.439,-0.000899281,1754.399999999977,0.6339928057553956
1794.08,487.0,3.908,3.544,3644.257000000216,4580.26,8724.23,0.3639999999999999,-0.000899281,1797.925999999977,0.6339928057553956
1681.79,495.0,3.941,3.554,3392.2230000011623,4256.22,8363.84,0.387,-0.000899281,1687.8799999999767,0.637589928
1775.01,541.9845000002533,3.953,3.514,3673.1549999993294,4580.35,8299.84,0.439,-0.000899281,1781.72,0.6330935251798561
1799.46,544.8185999998823,3.96,3.521,3724.5610000006855,4618.56,8461.89,0.439,-0.000899281,40828.356,0.6375899280575539
1790.82,485.0,3.909,3.545,3629.9199999999255,4544.32,8728.0,0.3639999999999999,-0.000899281,1796.5259999999769,0.6330935251798561
1739.04,461.0,3.91,3.572,3485.9469999996945,4400.35,8528.6,0.3380000000000001,-0.000899281,1742.3879999999997,0.6330935251798561
1786.15,555.0,3.961,3.509,3710.350999999792,4616.35,8369.28,0.4519999999999999,-0.000899281,1791.842,0.6330935251798561
1756.06,525.0,3.955,3.525,3626.382000000216,4508.38,8920.0,0.4300000000000001,-0.000899281,1763.1479999999883,0.6285971223021583
1678.56,492.0,3.942,3.556,3377.950999999419,4256.35,8356.8,0.3860000000000001,-0.000899281,1686.157999999977,0.6366906474820144
1788.0,549.0,3.962,3.512,3752.3169999998063,4652.32,8468.32,0.4500000000000002,-0.000899281,1788.0,0.6303956834532374
1800.0,540.5999999996275,3.952,3.522,3737.954999999143,4652.35,8576.35,0.4300000000000001,-0.000899281,1800.87,0.6564748201438849
1722.91,504.0,3.952,3.532,3514.689000000246,4400.29,8413.82,0.4199999999999999,-0.000899281,1728.4599999999768,0.6330935251798561
1810.91,494.0,3.908,3.54,3680.323999999091,4616.32,8825.35,0.3679999999999999,-0.000899281,1818.1819999999768,0.6330935251798561
1744.06,517.1428571427241,3.955,3.531,3578.3509999997914,4472.35,8720.03,0.4239999999999999,-0.000899281,1750.4239999999766,0.6330935251798561
1740.0,522.0,3.962,3.524,3622.7199999997392,4508.32,8504.32,0.4380000000000001,-0.000899281,1751.9999999999768,0.6330935251798561
1741.86,520.0,3.951,3.52,3596.321000000462,4472.32,8590.52,0.431,-0.000899281,1749.6339999999768,0.6384892086330936
1788.0,549.0,3.962,3.512,3745.152000000701,4616.35,8432.35,0.4500000000000002,-0.000899281,1788.0,0.6294964028776978
1807.65,495.0077499998733,3.909,3.541,3665.951999998651,4580.35,8828.2,0.3679999999999999,-0.000899281,1815.1539999999768,0.6321942446043165
1783.81,552.0,3.961,3.509,3701.950999999419,4616.35,8364.84,0.4519999999999999,-0.000899281,1789.314,0.6321942446043166
1740.0,522.0,3.963,3.523,3614.319999999367,4508.32,8504.32,0.4399999999999999,-0.000899281,1747.1999999999766,0.6321942446043166
1754.05,524.0,3.954,3.526,3614.319999999367,4508.32,8843.23,0.4280000000000004,-0.000899281,1760.337999999988,0.6276978417266188
1737.66,459.8571428572759,3.91,3.554,3476.320000000298,4400.32,8508.58,0.3560000000000003,-0.000899281,1741.036,0.6321942446043165
1788.0,540.5999999996275,3.952,3.521,3734.350999999792,4652.35,8576.35,0.431,-0.000899281,1797.9779999999998,0.6555755395683454
1720.06,502.8571428572759,3.952,3.53,3506.3829999994487,4400.38,8377.66,0.4220000000000001,-0.000899281,1725.745999999977,0.6321942446043165
1738.95,518.0,3.952,3.52,3586.7820000005886,4472.38,8579.58,0.4319999999999999,-0.000899281,1746.357999999977,0.637589928
1741.02,515.1428571427241,3.955,3.531,3566.3509999997914,4472.35,8684.16,0.4239999999999999,-0.000899281,1747.625999999977,0.6321942446043165
1676.29,492.0,3.942,3.557,3363.4580000005662,4256.26,8330.47,0.3850000000000002,-0.000899281,1682.9199999999769,0.6357913669064749
1800.26,546.0,3.96,3.518,3744.9930000007153,4652.19,8404.42,0.4420000000000001,-0.000899281,40834.158,0.6366906474820144
1788.12,485.0,3.909,3.546,3622.720000000671,4544.32,8716.45,0.363,-0.000899281,1794.1619999999766,0.6321942446043165
1769.18,540.0,3.953,3.515,3656.226999999024,4544.23,8324.48,0.4379999999999997,-0.000899281,1778.148,0.6321942446043165
1749.86,522.0,3.954,3.525,3608.320000000298,4508.32,8858.75,0.4290000000000002,-0.000899281,1756.8959999999884,0.6267985611510791
1799.68,544.0,3.961,3.517,3745.121000000276,4652.32,8410.79,0.4439999999999999,-0.000899281,40841.756,0.6357913669064749
1716.64,501.8571428572759,3.951,3.53,3494.3520000008866,4400.35,8365.6,0.4210000000000002,-0.000899281,1722.7639999999767,0.6312949640287769
1672.16,492.0,3.942,3.556,3356.3520000008866,4220.35,8316.86,0.3860000000000001,-0.000899281,1679.1239999999768,0.6348920863309353
1735.77,517.0,3.952,3.52,3578.2270000008866,4472.23,8571.43,0.4319999999999999,-0.000899281,1742.5799999999767,0.6366906474820144
1804.83,492.0,3.909,3.542,3651.552,4580.35,8792.06,0.367,-0.000899281,1811.5959999999768,0.6312949640287769
1788.0,536.0,3.952,3.52,3728.350999999792,4616.35,8576.35,0.4319999999999999,-0.000899281,1795.578,0.6546762589928058
1736.99,510.0,3.955,3.532,3557.9519999995828,4472.35,8719.59,0.423,-0.000899281,1744.2019999999768,0.6312949640287769
1728.0,462.0,3.911,3.554,3471.5200000004843,4364.32,8492.32,0.3570000000000002,-0.000899281,1737.868,0.6312949640287769
1780.73,552.0,3.961,3.508,3692.350999999792,4580.35,8341.22,0.4529999999999998,-0.000899281,1786.458,0.6312949640287769
1788.0,549.0,3.963,3.512,3737.9210000000894,4616.32,8432.32,0.451,-0.000899281,1788.0,0.6285971223021584
1740.0,520.0,3.963,3.524,3608.257000000216,4508.26,8504.26,0.439,-0.000899281,1744.7999999999768,0.6312949640287769
1769.12,538.0,3.954,3.515,3644.352000000887,4544.35,8243.3,0.439,-0.000899281,1774.9420000000002,0.6312949640287769
1785.85,484.0,3.909,3.546,3615.520999999717,4544.32,8648.32,0.363,-0.000899281,1791.351999999977,0.6312949640287769
1788.0,536.0,3.952,3.52,3722.319999999367,4616.32,8540.32,0.4319999999999999,-0.000899281,1792.8,0.6537769784172662
1733.15,509.0,3.955,3.532,3542.2579999994487,4436.26,8680.06,0.423,-0.000899281,1740.533999999977,0.6303956834532374
1776.0,484.0,3.909,3.546,3602.3199999993667,4508.32,8725.76,0.363,-0.000899281,1786.9739999999765,0.6303956834532374
1765.82,538.1808000002056,3.954,3.514,3637.120000000112,4544.32,8273.19,0.4400000000000004,-0.000899281,1771.652,0.6303956834532374
1745.73,520.0,3.953,3.525,3593.952000000514,4508.35,8796.67,0.4279999999999999,-0.000899281,1753.0499999999884,0.6258992805755396
1777.95,551.0,3.961,3.509,3686.350999999792,4580.35,8343.75,0.4519999999999999,-0.000899281,1783.6799999999998,0.6303956834532374
1797.15,544.0,3.961,3.518,3740.3519999999553,4652.35,8358.88,0.443,-0.000899281,1797.806,0.6348920863309353
1713.38,500.0,3.952,3.53,3482.382000000216,4364.38,8343.88,0.4220000000000001,-0.000899281,1719.7499999999768,0.6303956834532374
1733.09,517.0,3.952,3.52,3565.1199999991804,4436.32,8540.83,0.4319999999999999,-0.000899281,1739.0219999999767,0.6357913669064749
1732.35,459.0,3.911,3.554,3464.391,4364.39,8518.73,0.3570000000000002,-0.000899281,1735.7099999999998,0.6303956834532374
1776.0,546.0,3.963,3.512,3728.319999999367,4616.32,8468.32,0.451,-0.000899281,1785.5999999999767,0.6276978417266187
1740.0,520.0,3.964,3.524,3601.1209999993443,4472.32,8468.32,0.4399999999999999,-0.000899281,1742.399999999977,0.6303956834532374
1801.85,490.7142857145518,3.909,3.542,3644.226999999024,4580.23,8755.55,0.367,-0.000899281,1808.1379999999767,0.6303956834532374
1672.58,490.0,3.943,3.556,3341.950999999419,4220.35,8294.84,0.387,-0.000899281,1676.2759999999769,0.6339928057553956
1709.73,502.0,3.952,3.53,3471.5509999999776,4364.35,8343.8,0.4220000000000001,-0.000899281,1716.543999999977,0.6294964028776978
1799.26,491.0,3.908,3.542,3637.182,4580.38,8754.95,0.3660000000000001,-0.000899281,1804.899999999977,0.6294964028776978
1671.2,490.0,3.943,3.555,3334.7519999993965,4220.35,8312.19,0.3879999999999999,-0.000899281,1674.1579999999765,0.6330935251798561
1788.0,539.0,3.953,3.52,3716.289000001736,4616.26,8576.26,0.4329999999999998,-0.000899281,1790.4,0.6528776978417267
1781.44,482.0,3.91,3.546,3593.919999999925,4508.32,8676.99,0.3640000000000003,-0.000899281,1784.4459999999767,0.6294964028776978
1730.66,517.0,3.953,3.52,3554.3520000008866,4436.35,8568.83,0.4329999999999998,-0.000899281,1736.0659999999766,0.6348920863309353
1730.05,508.0,3.954,3.531,3524.321000000462,4436.32,8656.45,0.423,-0.000899281,1737.053999999977,0.6294964028776977
1740.0,519.0,3.964,3.523,3590.320000000298,4472.32,8432.32,0.4409999999999998,-0.000899281,1740.0,0.6294964028776978
1774.94,550.0,3.961,3.508,3674.321000000462,4580.32,8346.7,0.4529999999999998,-0.000899281,1780.716,0.6294964028776978
1795.14,544.0,3.962,3.517,3737.821999999695,4652.22,8360.35,0.4450000000000003,-0.000899281,1798.3380000000002,0.6339928057553956
1776.0,543.0,3.962,3.512,3716.320000000298,4616.32,8432.32,0.4500000000000002,-0.000899281,1783.1999999999766,0.6267985611510791
1742.75,517.7142857145518,3.952,3.526,3584.2259999997914,4472.23,8749.16,0.4260000000000001,-0.000899281,1749.6899999999882,0.625
1730.34,459.0,3.911,3.554,3452.3199999993667,4364.32,8504.83,0.3570000000000002,-0.000899281,1733.4779999999998,0.6294964028776977
1762.4,536.0,3.954,3.514,3626.3519999999553,4508.35,8244.49,0.4400000000000004,-0.000899281,1768.3059999999998,0.6294964028776977
1706.33,499.0,3.951,3.531,3458.2259999997914,4364.23,8320.42,0.4199999999999999,-0.000899281,1713.2279999999769,0.6285971223021584
1759.78,536.0,3.954,3.515,3614.382000000216,4508.38,8302.62,0.439,-0.000899281,1765.2599999999998,0.6285971223021583
1726.66,513.0,3.952,3.521,3543.4270000001416,4436.23,8529.86,0.431,-0.000899281,1733.0259999999769,0.6339928057553956
1669.74,490.0,3.943,3.554,3332.2889999998733,4220.29,8325.28,0.3890000000000002,-0.000899281,1672.3939999999766,0.6321942446043165
1740.0,519.0,3.964,3.523,3584.3590000011027,4472.36,8504.36,0.4409999999999998,-0.000899281,1740.0,0.6285971223021583
1788.0,536.0,3.953,3.52,3710.320000000298,4616.32,8576.32,0.4329999999999998,-0.000899281,1788.0,0.6519784172661871
1778.44,482.0,3.91,3.547,3584.311999999918,4508.31,8696.95,0.363,-0.000899281,1781.9699999999768,0.6285971223021584
1725.8,507.0,3.954,3.532,3514.751000000164,4436.35,8626.49,0.4220000000000001,-0.000899281,1733.4019999999769,0.6285971223021583
1727.42,459.0,3.912,3.553,3442.751000000164,4364.35,8540.2,0.359,-0.000899281,1731.154,0.6285971223021583
1795.96,490.0,3.907,3.543,3622.7210000008345,4544.32,8742.91,0.3639999999999999,-0.000899281,1801.909999999977,0.6285971223021584
1776.0,543.0,3.963,3.512,3709.151999999769,4616.35,8468.35,0.451,-0.000899281,1780.7999999999768,0.6258992805755396
1771.94,550.0,3.96,3.509,3665.9210000000894,4580.32,8319.55,0.451,-0.000899281,1777.8740000000005,0.6285971223021583
1793.12,540.0,3.961,3.516,3728.285000000149,4616.29,8377.02,0.4449999999999998,-0.000899281,1797.0700000000002,0.6330935251798561
1738.88,517.0,3.951,3.526,3578.351999999024,4472.35,8788.96,0.4250000000000002,-0.000899281,1746.2539999999883,0.6241007194244604
1776.0,542.0,3.964,3.513,3694.7509999992326,4580.35,8468.35,0.451,-0.000899281,1778.399999999977,0.625
1735.19,516.0,3.951,3.527,3566.3199999993667,4472.32,8773.66,0.4239999999999999,-0.000899281,1742.4819999999884,0.6232014388489209
1740.0,518.0,3.964,3.522,3578.2259999997914,4472.23,8468.23,0.4420000000000001,-0.000899281,1740.0,0.6276978417266187
1790.88,540.0,3.961,3.517,3716.352000000887,4616.35,8378.31,0.4439999999999999,-0.000899281,1795.1940000000002,0.6321942446043165
1775.2,481.0,3.91,3.546,3572.3520000008866,4508.35,8666.79,0.3640000000000003,-0.000899281,1779.3859999999768,0.6276978417266187
1722.88,506.0,3.953,3.532,3500.321000000462,4400.32,8615.35,0.4209999999999998,-0.000899281,1729.773999999977,0.6276978417266188
1703.62,496.2857142854482,3.952,3.531,3449.982999999076,4328.38,8335.88,0.4209999999999998,-0.000899281,1709.9399999999769,0.6276978417266187
1724.42,456.8571428572759,3.912,3.554,3435.387999999337,4328.19,8486.21,0.3580000000000001,-0.000899281,1728.506,0.6276978417266187
1769.75,548.0,3.961,3.509,3656.187999999151,4544.19,8347.74,0.4519999999999999,-0.000899281,1775.062,0.6276978417266187
1757.77,534.0,3.953,3.516,3602.3509999997914,4508.35,8285.56,0.4369999999999998,-0.000899281,1762.9779999999998,0.6276978417266188
1665.7,490.7142857145518,3.942,3.554,3326.3520000008866,4184.35,8310.43,0.3880000000000003,-0.000899281,1670.2759999999769,0.6312949640287769
1792.88,489.0,3.907,3.543,3615.520000000484,4544.32,8734.05,0.3639999999999999,-0.000899281,1798.955999999977,0.6276978417266187
1776.0,533.0,3.953,3.521,3698.350999999792,4580.35,8504.35,0.4319999999999999,-0.000899281,1785.6,0.6510791366906474
1724.67,513.0,3.953,3.52,3530.320000000298,4400.32,8526.27,0.4329999999999998,-0.000899281,1730.1699999999769,0.6330935251798561
1721.7,456.8571428572759,3.912,3.554,3428.3279999997467,4328.33,8525.61,0.3580000000000001,-0.000899281,1727.246,0.6267985611510791
1764.0,540.0,3.963,3.512,3686.311999999918,4580.31,8432.31,0.451,-0.000899281,1773.5999999999767,0.6241007194244604
1771.94,480.0,3.909,3.547,3565.111999999732,4472.31,8640.34,0.3619999999999996,-0.000899281,1776.6039999999768,0.6267985611510791
1721.89,512.0,3.952,3.52,3521.943999999203,4400.34,8550.17,0.4319999999999999,-0.000899281,1727.3939999999766,0.6321942446043165
1719.66,504.0,3.953,3.534,3488.343999999576,4400.34,8600.86,0.419,-0.000899281,1726.3079999999768,0.6267985611510791
1789.77,486.0,3.907,3.544,3601.158999999054,4544.36,8711.78,0.363,-0.000899281,1795.9439999999763,0.6267985611510791
1776.0,532.0,3.953,3.521,3692.319999999367,4580.32,8540.32,0.4319999999999999,-0.000899281,1783.2,0.6501798561151079
1661.38,488.0,3.942,3.554,3314.351,4184.35,8277.7,0.3880000000000003,-0.000899281,1668.1199999999767,0.6303956834532374
1766.95,549.0,3.961,3.509,3644.2189999995753,4544.22,8314.66,0.4519999999999999,-0.000899281,1772.306,0.6267985611510791
1754.22,532.0,3.953,3.514,3596.296999999322,4508.3,8261.12,0.439,-0.000899281,1759.998,0.6267985611510791
1728.0,517.1428571427241,3.963,3.522,3566.359000000172,4472.36,8504.36,0.4410000000000003,-0.000899281,1737.5999999999767,0.6267985611510791
1788.29,540.0,3.962,3.517,3710.288999999873,4616.29,8346.41,0.4450000000000003,-0.000899281,1792.916,0.6312949640287769
1701.05,496.0,3.951,3.532,3440.359,4328.36,8338.11,0.419,-0.000899281,1706.821999999977,0.6267985611510791
1731.33,515.0,3.951,3.527,3560.313,4472.31,8720.31,0.4239999999999999,-0.000899281,1738.7759999999885,0.6223021582733812
1786.27,542.0,3.962,3.517,3701.9199999999255,4616.32,8371.49,0.4450000000000003,-0.000899281,1790.7400000000002,0.6303956834532374
1728.0,513.8571428572759,3.963,3.523,3554.344000001438,4436.34,8468.34,0.4399999999999999,-0.000899281,1735.1999999999766,0.6258992805755395
1718.33,513.0,3.95,3.521,3512.25,4400.25,8542.81,0.4290000000000002,-0.000899281,1724.4419999999766,0.6312949640287769
1769.44,478.7142857145518,3.909,3.546,3557.911999999545,4472.31,8682.78,0.363,-0.000899281,1775.291999999977,0.6258992805755396
1786.72,485.0,3.907,3.544,3593.958999999799,4508.36,8726.59,0.363,-0.000899281,1792.9179999999767,0.6258992805755396
1776.0,530.9922500001267,3.952,3.523,3680.327999998816,4580.33,8504.33,0.4289999999999998,-0.000899281,1780.8,0.6492805755395683
1656.0,485.0,3.942,3.556,3302.296999999322,4184.3,8293.25,0.3860000000000001,-0.000899281,1664.803999999977,0.6294964028776977
1715.88,502.0,3.953,3.533,3478.728000000119,4400.33,8584.24,0.4199999999999999,-0.000899281,1722.8539999999768,0.6258992805755396
1727.94,511.0,3.95,3.528,3548.3430000003427,4436.34,8784.09,0.4220000000000001,-0.000899281,1735.2179999999885,0.6214028776978417
1698.28,496.7142857145518,3.951,3.531,3428.359,4328.36,8337.25,0.4199999999999999,-0.000899281,1703.8019999999767,0.6258992805755396
1764.0,539.0,3.964,3.514,3674.25,4580.25,8396.25,0.4500000000000002,-0.000899281,1771.1999999999766,0.6232014388489209
1718.31,455.02325,3.911,3.555,3413.927999999374,4328.33,8472.88,0.3559999999999998,-0.000899281,1724.438,0.6258992805755396
1751.72,532.0,3.953,3.515,3584.359,4472.36,8257.03,0.4379999999999997,-0.000899281,1757.1780000000003,0.6258992805755396
1764.36,546.0,3.96,3.511,3637.158999999985,4544.36,8303.59,0.4489999999999998,-0.000899281,1769.5879999999995,0.6258992805755395
1695.17,494.03099999949336,3.951,3.533,3421.158999999985,4328.36,8329.42,0.4180000000000001,-0.000899281,1700.889999999977,0.625
1764.0,538.0,3.964,3.514,3665.9599999999614,4544.36,8432.36,0.4500000000000002,-0.000899281,1768.7999999999768,0.6223021582733813
1724.03,510.0,3.95,3.528,3536.313000000082,4436.31,8729.69,0.4220000000000001,-0.000899281,1731.473999999988,0.6205035971223023
1748.41,531.0,3.953,3.515,3578.328000000678,4472.33,8248.0,0.4379999999999997,-0.000899281,1754.38,0.625
1716.0,512.0,3.963,3.524,3542.328000000678,4436.33,8468.33,0.439,-0.000899281,1730.399999999977,0.625
1716.0,452.5714285718277,3.911,3.554,3404.360000000336,4328.36,8511.75,0.3570000000000002,-0.000899281,1721.5700000000002,0.625
1656.34,485.0,3.943,3.555,3290.311999999918,4148.31,8288.8,0.3879999999999999,-0.000899281,1661.8319999999767,0.6285971223021583
1782.91,539.0,3.962,3.518,3692.352000000887,4580.35,8339.84,0.4440000000000004,-0.000899281,1788.2940000000003,0.6294964028776978
1762.39,548.0,3.96,3.509,3626.391,4544.39,8324.39,0.451,-0.000899281,1767.078,0.625
1713.47,509.0,3.95,3.52,3500.3429999994114,4400.34,8523.45,0.4300000000000001,-0.000899281,1721.0039999999767,0.6303956834532374
1783.39,484.0,3.906,3.545,3579.5280000008643,4508.33,8699.72,0.3610000000000002,-0.000899281,1789.743999999977,0.625
1764.0,530.0,3.952,3.522,3665.9599999999614,4544.36,8432.36,0.4300000000000001,-0.000899281,1776.0,0.6483812949640286
1766.25,478.0,3.908,3.547,3543.560000000521,4472.36,8629.12,0.3609999999999997,-0.000899281,1772.2539999999767,0.625
1712.39,500.0,3.952,3.533,3464.235000000336,4364.24,8601.67,0.419,-0.000899281,1719.321999999977,0.625
1746.92,530.0,3.952,3.516,3572.2809999994934,4472.28,8269.38,0.4359999999999999,-0.000899281,1751.8080000000002,0.6241007194244604
1708.89,508.0,3.95,3.522,3485.990999999456,4364.39,8495.78,0.4280000000000004,-0.000899281,1717.4499999999766,0.6294964028776977
1713.22,454.0,3.912,3.555,3392.343999999576,4292.34,8511.49,0.3569999999999997,-0.000899281,1718.73,0.6241007194244604
1708.92,499.0,3.952,3.533,3457.018999999389,4364.22,8562.69,0.419,-0.000899281,1715.945999999977,0.6241007194244604
1716.0,509.5714285718277,3.962,3.526,3524.375,4400.38,8432.38,0.4360000000000004,-0.000899281,1725.5999999999767,0.6241007194244604
1759.45,544.0,3.96,3.509,3615.450000000186,4508.25,8320.67,0.451,-0.000899281,1764.58,0.6241007194244604
1779.75,540.0,3.961,3.517,3686.352000000887,4580.35,8345.21,0.4439999999999999,-0.000899281,1785.62,0.6285971223021584
1781.47,486.0,3.905,3.545,3572.344000000506,4508.34,8728.77,0.3599999999999999,-0.000899281,1786.8459999999766,0.6241007194244604
1654.05,483.9896666668356,3.942,3.555,3278.375,4148.38,8292.12,0.387,-0.000899281,1658.6939999999763,0.6276978417266188
1762.69,477.0,3.907,3.547,3536.359,4472.36,8625.89,0.3599999999999999,-0.000899281,1769.1039999999768,0.6241007194244604
1764.0,530.0,3.953,3.523,3656.3600000003353,4544.36,8468.36,0.4299999999999997,-0.000899281,1771.2,0.6474820143884892
1720.7,509.0,3.949,3.528,3524.360000000336,4436.36,8717.09,0.4209999999999998,-0.000899281,1727.8379999999884,0.6196043165467626
1693.09,492.4285714281723,3.951,3.531,3410.359,4292.36,8348.27,0.4199999999999999,-0.000899281,1698.2419999999763,0.6241007194244604
1764.0,534.0,3.963,3.514,3656.2189999995753,4544.22,8396.22,0.4490000000000003,-0.000899281,1766.399999999977,0.6214028776978419
1704.03,496.0,3.951,3.534,3442.742999999784,4364.34,8572.73,0.4170000000000002,-0.000899281,1712.175999999977,0.6232014388489209
1758.16,473.5714285718277,3.907,3.548,3529.096999999136,4436.3,8613.83,0.359,-0.000899281,1765.6959999999767,0.6232014388489209
1718.33,506.1428571427241,3.948,3.529,3512.359,4400.36,8718.11,0.419,-0.000899281,1724.4659999999883,0.6187050359712231
1764.0,526.0,3.951,3.523,3650.312,4544.31,8468.31,0.4279999999999999,-0.000899281,1768.8,0.6465827338129496
1778.56,482.0,3.905,3.544,3565.158999999985,4508.36,8707.56,0.3609999999999997,-0.000899281,1783.9819999999768,0.6232014388489209
1705.77,505.2857142854482,3.95,3.523,3470.359,4364.36,8505.83,0.427,-0.000899281,1713.6699999999769,0.6285971223021583
1752.0,532.0,3.963,3.515,3644.3439999995753,4544.34,8432.34,0.4479999999999999,-0.000899281,1761.5999999999767,0.6205035971223022
1777.0,538.0,3.961,3.517,3674.383,4580.38,8309.89,0.4439999999999999,-0.000899281,1782.8440000000005,0.6276978417266187
1757.09,544.0,3.96,3.509,3608.3439999995753,4508.34,8311.06,0.451,-0.000899281,1762.048,0.6232014388489209
1709.38,453.0,3.911,3.555,3385.143999999389,4292.34,8490.45,0.3559999999999998,-0.000899281,1715.7220000000002,0.6232014388489209
1652.33,484.0,3.942,3.555,3266.344000001438,4148.34,8291.11,0.387,-0.000899281,1656.0199999999768,0.6267985611510791
1716.0,510.0206666672602,3.962,3.525,3518.344000000506,4400.34,8396.34,0.4370000000000003,-0.000899281,1720.7999999999768,0.6232014388489209
1743.92,528.0,3.952,3.516,3565.1279999995604,4472.33,8258.5,0.4359999999999999,-0.000899281,1749.038,0.6232014388489209
1690.66,492.0,3.95,3.531,3404.328000000678,4292.33,8363.3,0.419,-0.000899281,1695.649999999977,0.6232014388489209
1754.05,543.0240000002086,3.959,3.509,3596.25,4508.25,8321.95,0.4500000000000002,-0.000899281,1759.468,0.6223021582733813
1707.09,450.0,3.911,3.556,3374.235000000336,4292.24,8485.28,0.355,-0.000899281,1712.8,0.6223021582733812
1716.28,506.0,3.948,3.529,3506.313000000082,4400.31,8727.74,0.419,-0.000899281,1721.4559999999883,0.6178057553956835
1755.55,473.5714285718277,3.907,3.548,3514.760000000708,4436.36,8621.95,0.359,-0.000899281,1762.4179999999767,0.6223021582733813
1702.84,495.0,3.951,3.535,3428.313000000082,4328.31,8549.66,0.4159999999999999,-0.000899281,1708.811999999977,0.6223021582733812
1777.0,484.0,3.904,3.544,3557.9589999988675,4472.36,8669.48,0.3599999999999999,-0.000899281,1781.4279999999767,0.6223021582733813
1680.0,490.8571428572759,3.95,3.531,3392.327999998816,4292.33,8318.02,0.419,-0.000899281,1691.4399999999769,0.6223021582733813
1764.0,524.0,3.951,3.523,3632.359,4544.36,8468.36,0.4279999999999999,-0.000899281,1766.4,0.645683453
1716.0,510.0,3.962,3.525,3506.3279999997467,4400.33,8396.33,0.4370000000000003,-0.000899281,1718.399999999977,0.6223021582733813
1752.0,530.0,3.963,3.515,3637.143999999389,4508.34,8432.34,0.4479999999999999,-0.000899281,1759.1999999999766,0.6196043165467626
1740.33,528.0,3.951,3.516,3550.743999999948,4436.34,8231.75,0.435,-0.000899281,1746.2600000000002,0.6223021582733812
1703.86,504.0,3.95,3.523,3458.328000000678,4364.33,8483.84,0.427,-0.000899281,1710.0639999999769,0.6276978417266187
1649.73,483.0,3.942,3.555,3260.3909999998286,4148.39,8304.45,0.387,-0.000899281,1653.6899999999769,0.6258992805755396
1774.34,536.0,3.961,3.516,3665.9599999999614,4580.36,8342.41,0.4449999999999998,-0.000899281,1780.054,0.6267985611510791
1716.0,510.0,3.963,3.526,3494.5149999996647,4400.51,8360.51,0.4370000000000003,-0.000899281,1716.0,0.6214028776978417
1752.0,532.0,3.963,3.516,3628.656999999657,4510.66,8434.66,0.447,-0.000899281,1756.7999999999768,0.6187050359712231
1701.38,504.0,3.95,3.523,3449.9749999996275,4328.38,8405.12,0.427,-0.000899281,1706.6739999999766,0.6267985611510791
1737.62,527.0,3.951,3.516,3536.359,4436.36,8257.76,0.435,-0.000899281,1743.44,0.6214028776978417
1752.36,542.0,3.959,3.51,3590.343999999576,4472.34,8308.52,0.4490000000000003,-0.000899281,1757.068,0.6214028776978417
1771.66,534.0,3.961,3.517,3656.327999999746,4544.33,8301.16,0.4439999999999999,-0.000899281,1777.132,0.6258992805755396
1752.0,522.5999999996275,3.951,3.524,3622.742999999784,4508.34,8432.34,0.427,-0.000899281,1761.6,0.6447841726618705
1704.17,448.7142857145518,3.911,3.557,3363.5120000001043,4256.31,8449.89,0.3540000000000001,-0.000899281,1709.9720000000002,0.6214028776978417
1714.91,506.0,3.947,3.529,3500.25,4400.25,8710.39,0.4180000000000001,-0.000899281,1718.8499999999883,0.6169064748201439
1752.5,472.0,3.906,3.55,3507.559000001289,4436.36,8603.01,0.3560000000000003,-0.000899281,1759.0299999999766,0.6214028776978419
1685.06,491.5714285718277,3.949,3.533,3385.143999999389,4292.34,8357.98,0.4159999999999999,-0.000899281,1688.7959999999766,0.6214028776978419
1646.75,482.5714285718277,3.941,3.555,3254.359000000172,4112.36,8315.26,0.3859999999999997,-0.000899281,1651.839999999977,0.625
1773.78,482.1428571427241,3.904,3.545,3554.2970000011846,4472.3,8688.74,0.359,-0.000899281,1778.839999999977,0.6214028776978419
1699.3,494.0,3.95,3.535,3422.218999999576,4328.22,8534.69,0.415,-0.000899281,1705.495999999977,0.6214028776978417
1769.25,534.0,3.96,3.517,3644.328999999911,4544.33,8317.92,0.443,-0.000899281,1774.4,0.625
1770.31,481.1428571427241,3.904,3.545,3543.5120000001043,4472.31,8665.34,0.359,-0.000899281,1776.223999999977,0.6205035971223022
1704.0,507.0,3.962,3.525,3488.344000000506,4364.34,8432.34,0.4370000000000003,-0.000899281,1713.5999999999767,0.6205035971223022
1643.55,482.4000000003725,3.939,3.555,3242.360000000336,4112.36,8283.24,0.3839999999999999,-0.000899281,1649.2819999999767,0.6241007194244604
1696.74,493.0,3.95,3.536,3413.989999999292,4328.39,8543.48,0.4140000000000001,-0.000899281,1702.3659999999768,0.6205035971223023
1750.53,474.0,3.906,3.549,3500.343999999576,4436.34,8540.16,0.3570000000000002,-0.000899281,1755.8859999999768,0.6205035971223022
1734.53,524.0,3.951,3.517,3529.0499999998137,4436.25,8231.27,0.4340000000000001,-0.000899281,1740.664,0.6205035971223023
1681.64,487.2857142854482,3.949,3.532,3374.359000000172,4256.36,8302.44,0.4169999999999998,-0.000899281,1686.089999999977,0.6205035971223022
1714.56,506.5714285718277,3.947,3.529,3494.344000000506,4400.34,8717.95,0.4180000000000001,-0.000899281,1716.9559999999883,0.6160071942446044
1752.0,528.0,3.963,3.515,3620.3899999996647,4508.39,8432.39,0.4479999999999999,-0.000899281,1754.399999999977,0.6178057553956835
1701.44,449.0,3.911,3.556,3356.328000000678,4256.33,8472.25,0.355,-0.000899281,1707.0600000000002,0.6205035971223022
1699.36,502.7142857145518,3.95,3.523,3440.3279999997467,4328.33,8497.67,0.427,-0.000899281,1703.851999999977,0.6258992805755396
1749.59,544.0,3.959,3.51,3584.328000000678,4472.33,8288.12,0.4490000000000003,-0.000899281,1754.5079999999998,0.6205035971223022
1752.0,520.0,3.949,3.525,3620.313000000082,4508.31,8432.31,0.4239999999999999,-0.000899281,1759.2,0.6438848920863309
1699.72,447.4285714281723,3.911,3.557,3349.1749999998137,4256.38,8467.42,0.3540000000000001,-0.000899281,1704.36,0.6196043165467626
1764.0,480.0,3.904,3.546,3536.2970000002533,4472.3,8663.81,0.3580000000000001,-0.000899281,1772.7299999999766,0.6196043165467626
1679.11,488.0,3.949,3.532,3363.5280000008643,4256.33,8328.97,0.4169999999999998,-0.000899281,1683.293999999977,0.6196043165467626
1732.38,526.0,3.951,3.518,3518.311999999918,4436.31,8248.92,0.4330000000000003,-0.000899281,1737.756,0.6196043165467626
1752.0,528.0,3.962,3.516,3608.327999999746,4508.33,8396.33,0.4460000000000002,-0.000899281,1752.0,0.6169064748201438
1712.64,508.0,3.947,3.528,3493.160000000149,4400.36,8720.36,0.419,-0.000899281,1715.343999999989,0.6151079136690647
1748.89,471.0,3.906,3.55,3493.1749999998137,4400.38,8551.0,0.3560000000000003,-0.000899281,1753.1259999999766,0.6196043165467626
1692.0,492.0,3.95,3.535,3404.359,4328.36,8503.56,0.415,-0.000899281,1698.9819999999768,0.6196043165467626
1637.73,479.0,3.939,3.556,3236.343999999576,4112.34,8284.56,0.383,-0.000899281,1646.0179999999768,0.6232014388489209
1766.23,533.0,3.961,3.517,3637.018999999389,4544.22,8301.03,0.4439999999999999,-0.000899281,1771.696,0.6241007194244604
1704.0,507.0,3.963,3.526,3478.759000000544,4364.36,8396.36,0.4370000000000003,-0.000899281,1711.1999999999766,0.6196043165467626
1740.0,514.0,3.944,3.525,3593.911999999545,4472.31,8468.31,0.419,-0.000899281,1754.4,0.6429856115107914
1696.67,502.7142857145518,3.95,3.523,3434.359,4328.36,8446.72,0.427,-0.000899281,1701.407999999977,0.625
1747.39,540.0,3.958,3.51,3572.219000001438,4472.22,8286.56,0.4480000000000004,-0.000899281,1752.096,0.6196043165467626
1756.95,475.7142857145518,3.901,3.547,3521.928000000305,4436.33,8672.03,0.3539999999999996,-0.000899281,1768.407999999977,0.6187050359712231
1674.62,484.7142857145518,3.948,3.533,3356.391,4256.39,8294.25,0.415,-0.000899281,1680.0859999999768,0.6187050359712231
1704.0,505.0,3.961,3.526,3476.313000000082,4364.31,8432.31,0.435,-0.000899281,1708.7999999999768,0.618705036
1729.53,522.0,3.951,3.518,3512.359,4400.36,8228.2,0.4330000000000003,-0.000899281,1734.878,0.6187050359712231
1693.7,501.4285714281723,3.949,3.523,3422.3590000011027,4328.36,8471.3,0.4259999999999997,-0.000899281,1698.9939999999765,0.6241007194244604
1686.52,490.0,3.949,3.536,3392.2179999994114,4292.22,8528.7,0.4129999999999998,-0.000899281,1695.4799999999766,0.6187050359712231
1743.33,471.4285714281723,3.905,3.55,3482.313000000082,4400.31,8597.5,0.355,-0.000899281,1750.159999999977,0.6187050359712231
1740.0,527.0,3.961,3.516,3601.080999999307,4508.28,8432.28,0.4449999999999998,-0.000899281,1749.5999999999767,0.6160071942446044
1694.02,497.0,3.943,3.528,3482.313,4364.31,8716.12,0.415,-0.000899281,1710.4819999999884,0.6142086330935251
1634.48,478.0,3.939,3.557,3218.3279999997467,4076.33,8248.12,0.3820000000000001,-0.000899281,1642.447999999977,0.6223021582733812
1744.83,538.0,3.958,3.511,3566.313000000082,4472.31,8309.47,0.447,-0.000899281,1749.6439999999998,0.618705036
1728.0,511.0,3.943,3.529,3543.543000000529,4436.34,8468.34,0.4140000000000001,-0.000899281,1747.2,0.6420863309352518
1695.62,446.1428571427241,3.91,3.557,3338.359000000172,4256.36,8444.23,0.3530000000000002,-0.000899281,1701.6080000000002,0.6187050359712231
1764.42,532.0,3.96,3.517,3626.343000000343,4544.34,8331.61,0.443,-0.000899281,1769.1799999999998,0.6232014388489209
1699.22,504.0,3.965,3.82,3353.0,4291.02,8645.0,0.145,-0.000899281,1705.4439999999763,0.6178057553956835
1737.59,525.625,3.967,3.81,3486.0149999996647,4431.01,8526.01,0.157,-0.000899281,1746.7179999999769,0.6151079136690647
1632.09,475.0,3.939,3.558,3212.313000000082,4076.31,8242.02,0.3810000000000002,-0.000899281,1638.9199999999769,0.6214028776978417
1761.23,530.0,3.96,3.518,3615.4189999997616,4508.22,8298.66,0.4420000000000001,-0.000899281,1766.5580000000002,0.6223021582733813
1660.72,483.60950000118464,3.951,3.73,3206.344000000506,4158.02,8563.94,0.221,-0.000899281,1676.2299999999766,0.6178057553956835
1755.5,482.4060000004247,3.91,3.722,3388.3279999997467,4368.0,8818.48,0.1880000000000001,-0.000899281,1764.107999999977,0.6178057553956835
1716.66,518.406,3.952,3.817,3388.343999999576,4340.34,8435.42,0.1349999999999998,-0.000899281,1730.1440000000002,0.6178057553956835
1682.91,448.8119999999181,3.913,3.731,3199.3909999988973,4164.98,8635.33,0.1819999999999999,-0.000899281,1696.7720000000002,0.6178057553956835
1687.53,501.5939999995753,3.953,3.727,3297.344000001438,4235.02,8720.36,0.2259999999999999,-0.000899281,1695.7279999999766,0.6232014388489209
1734.81,535.1880000010133,3.96,3.718,3444.328000000678,4389.0,8493.61,0.242,-0.000899281,1745.7959999999998,0.6178057553956835
1743.66,476.3900000005961,3.914,3.83,3367.375,4340.36,8763.75,0.084,-0.000899281,1747.7819999999767,0.6178057553956835
1728.0,506.0,3.94,3.531,3521.927999998443,4400.33,8432.33,0.4089999999999998,-0.000899281,1740.0,0.6411870503597121
1679.59,490.8125,3.953,3.735,3248.359000000172,4207.02,8787.92,0.2179999999999999,-0.000899281,1690.8299999999767,0.6178057553956835
1614.31,477.5929999994114,3.938,3.742,3066.375,3997.0,8543.81,0.1960000000000001,-0.000899281,1632.4319999999766,0.6205035971223023
1766.12,478.0,3.901,3.823,3399.5439999997616,4364.34,8751.91,0.078,-0.000899281,1762.5759999999766,0.6169064748201438
1749.72,472.0,3.903,3.825,3374.343999999576,4328.34,8674.0,0.078,-0.000899281,1747.2259999999765,0.6169064748201438
1759.58,532.0,3.959,3.518,3608.3439999995753,4508.34,8313.5,0.4410000000000003,-0.000899281,1764.1419999999998,0.6214028776978419
1690.28,490.2857142854482,3.946,3.827,3241.1440000003204,4184.34,8635.34,0.1190000000000002,-0.000899281,1689.0259999999766,0.6169064748201439
1692.0,500.0,3.956,3.819,3320.3429999994114,4256.34,8540.34,0.137,-0.000899281,1700.6439999999766,0.6169064748201439
1714.84,507.0,3.946,3.819,3314.3130000010133,4256.31,8890.81,0.1270000000000002,-0.001798561,1710.193999999988,0.6131294964028776
1740.0,524.0,3.958,3.807,3464.2180000003427,4400.22,8504.22,0.1510000000000002,-0.000899281,1744.3179999999768,0.614208633
1670.09,484.0,3.943,3.833,3170.2810000004247,4112.28,8471.88,0.1099999999999998,-0.000899281,1673.235999999977,0.6169064748201438
1725.44,517.984,3.944,3.815,3356.2820000005886,4292.28,8307.69,0.129,-0.000899281,1727.708,0.6169064748201439
1692.84,443.9680000003427,3.906,3.84,3169.1430000001565,4112.34,8577.66,0.066,-0.000899281,1694.506,0.6169064748201439
1730.41,511.1880000010133,3.947,3.817,3402.016,4354.02,8610.02,0.1299999999999999,-0.000899281,1735.682,0.6402877697841727
1692.25,500.0,3.944,3.821,3284.313,4220.31,8636.09,0.1229999999999997,-0.000899281,1693.9019999999769,0.6223021582733812
1742.94,534.0,3.953,3.808,3416.3120000008494,4364.31,8439.53,0.145,-0.000899281,1743.9119999999998,0.6169064748201439
1740.0,527.0,3.96,3.52,3593.7879999997094,4472.19,8396.19,0.4399999999999999,-0.000899281,1741.9179999999767,0.6133093525179856
1711.5,506.0,3.948,3.53,3493.142999999225,4400.34,8825.66,0.4180000000000001,-0.000899281,1709.5119999999883,0.6120503597122302
1704.0,501.8571428572759,3.959,3.531,3446.4060000004247,4328.41,8396.41,0.4279999999999999,-0.000899281,1700.6439999999766,0.6160071942446044
1623.22,473.1428571427241,3.931,3.845,3025.1749999998137,3932.38,8395.12,0.086,-0.000899281,1628.3659999999768,0.6196043165467626
1747.12,538.0,3.957,3.516,3554.344000001438,4436.34,8328.53,0.4409999999999998,-0.000899281,1743.418,0.6160071942446044
1693.84,498.0,3.947,3.527,3416.3429999994114,4292.34,8513.44,0.4199999999999999,-0.000899281,1692.7979999999766,0.6214028776978417
1698.0,447.0,3.909,3.56,3320.343999999576,4220.34,8453.97,0.3489999999999997,-0.000899281,1693.818,0.6160071942446044
1690.38,491.5714285718277,3.948,3.538,3392.344000000506,4292.34,8516.16,0.4100000000000001,-0.000899281,1687.7539999999767,0.6160071942446044
1756.42,530.0,3.959,3.519,3602.328000000678,4508.33,8266.09,0.4399999999999999,-0.000899281,1761.5760000000002,0.6205035971223022
1728.0,509.0,3.938,3.813,3399.4500000001863,4328.25,8540.25,0.125,-0.000899281,1730.882,0.6393884892086331
1732.84,524.0,3.949,3.522,3488.3429999994114,4400.34,8257.22,0.427,-0.000899281,1727.37,0.6160071942446044
1676.03,484.0,3.947,3.537,3326.25,4220.25,8325.78,0.4100000000000001,-0.000899281,1672.1139999999766,0.6160071942446044
1748.78,472.0,3.904,3.551,3485.944000000134,4400.34,8587.12,0.3529999999999997,-0.000899281,1746.875999999977,0.6160071942446044
1763.81,478.0,3.902,3.548,3521.943,4436.34,8688.16,0.3540000000000001,-0.000899281,1761.2759999999769,0.6160071942446044
1732.5,526.0,3.95,3.519,3514.742999999784,4400.34,8222.69,0.431,-0.000899281,1727.3939999999998,0.6151079136690647
1696.53,447.8571428572759,3.909,3.559,3334.743000000716,4256.34,8413.91,0.3499999999999996,-0.000899281,1693.1799999999998,0.6151079136690647
1628.03,475.0,3.936,3.562,3164.343999999576,4040.34,8293.38,0.3740000000000001,-0.000899281,1626.4259999999767,0.6187050359712231
1691.12,498.8571428572759,3.947,3.525,3416.375,4292.38,8486.44,0.4220000000000001,-0.000899281,1691.687999999977,0.6205035971223022
1745.59,538.0,3.957,3.513,3566.343999999576,4472.34,8319.06,0.4439999999999999,-0.000899281,1743.0580000000002,0.6151079136690647
1740.0,527.0,3.961,3.518,3602.343999999576,4508.34,8360.34,0.443,-0.000899281,1739.5179999999768,0.612410072
816.0,487.0,3.948,3.537,3392.3430000003427,4292.34,8509.84,0.411,-0.000899281,1512.553999999977,0.6151079136690647
1728.0,506.0,3.939,3.533,3512.3120000008494,4400.31,8504.31,0.4060000000000001,-0.000899281,1728.482,0.6384892086330936
1753.83,527.0117499995977,3.959,3.518,3593.9589999988675,4508.36,8258.47,0.4410000000000003,-0.000899281,1759.096,0.6196043165467626
1704.0,503.0,3.959,3.529,3458.343999999576,4328.34,8396.34,0.4300000000000001,-0.000899281,1700.6439999999766,0.6151079136690647
1675.47,486.0,3.949,3.534,3344.3130000010133,4256.31,8298.5,0.415,-0.000899281,1671.3859999999768,0.6151079136690647
1629.72,474.0,3.938,3.561,3188.375,4076.38,8268.91,0.3770000000000002,-0.000899281,1625.4739999999767,0.6178057553956835
1728.0,505.0,3.938,3.534,3500.343999999576,4400.34,8468.34,0.4040000000000003,-0.000899281,1728.482,0.637589928
1701.86,501.8571428572759,3.941,4.173,-11.40800001,368.42,4796.42,-0.232,-0.001798561,1706.9719999999884,0.6107913669064748
1690.05,491.0,3.942,3.992,716.3839999996126,1592.38,5863.71,-0.05,-0.000899281,1513.2599999999766,0.6142086330935251
1751.08,526.0,3.959,3.518,3586.743999999948,4472.34,8301.95,0.4410000000000003,-0.000899281,1756.428,0.6187050359712231
1752.7,477.0,3.893,4.257,-70.76266671,44.32,3919.42,-0.364,-0.001798561,1759.0159999999769,0.6149280575539569
1707.46,502.0,3.947,3.532,3446.3520000008866,4328.35,8768.74,0.415,-0.000899281,1705.9359999999883,0.6095323741007194
8007.14,524.0,3.957,3.94,1286.3199999993667,2168.32,6236.32,0.0169999999999999,-0.001798561,2992.9459999999767,0.6113309352517986
1693.05,492.0,3.947,3.536,3380.351999999024,4292.35,8504.35,0.411,-0.000899281,1515.9519999999766,0.6133093525179856
1692.0,497.1428571427241,3.955,3.981,818.32,1664.32,5876.32,-0.026,-0.001798561,1698.2439999999765,0.6140287769784172
1690.18,445.0,3.904,3.979,893.9519999995828,1808.35,6133.98,-0.075,-0.001798561,1692.092,0.6140287769784172
1756.09,476.0,3.9,3.551,3471.5520000001416,4400.35,8603.94,0.3489999999999997,-0.000899281,1758.8439999999766,0.6138489208633093
1741.76,471.0,3.903,3.555,3428.319000000134,4364.32,8510.53,0.3479999999999998,-0.002697842,1745.4499999999766,0.6147482014388489
1678.02,490.0,3.944,3.891,2211.5520000001416,3140.35,7553.28,0.0529999999999999,-0.001798561,1688.5519999999765,0.6194244604316548
324.0,342.8571428572759,3.937,3.559,3188.313,4076.31,8263.0,0.3779999999999996,-0.000899281,1363.8559999999768,0.6169064748201439
1716.0,504.0,3.939,3.534,3488.3120000008494,4364.31,8468.31,0.4050000000000002,-0.000899281,1726.082,0.6366906474820144
1737.91,525.5940000005066,3.961,3.726,3465.375,4416.99,8468.41,0.2349999999999998,-0.000899281,1751.764,0.6178057553956835
1690.27,492.0,3.947,3.535,3392.3199999993667,4292.32,8493.89,0.4119999999999999,-0.000899281,1515.9499999999766,0.612410072
1729.98,524.0,3.948,3.524,3452.320000000298,4364.32,8105.44,0.4239999999999999,-0.002697842,1727.484,0.6138489208633093
1695.62,448.0,3.908,3.559,3313.1520000007004,4220.35,8412.8,0.3489999999999997,-0.000899281,1694.634,0.6129496402877698
1620.83,477.0,3.927,4.209,-29.264,296.35,3509.92,-0.282,-0.000899281,1365.159999999977,0.6160071942446044
1716.0,504.0,3.939,3.534,3478.743999999948,4364.34,8432.34,0.4050000000000002,-0.000899281,1723.2,0.6357913669064749
1740.0,471.0,3.904,3.552,3457.1519999988377,4364.35,8541.38,0.3519999999999998,-0.000899281,1744.783999999977,0.6134892086330934
1743.74,538.0,3.957,3.517,3524.351999999024,4436.35,8233.82,0.4399999999999999,-0.002697842,1742.84,0.6138489208633093
1753.89,474.0,3.902,3.55,3493.151999999769,4436.35,8641.28,0.3520000000000003,-0.000899281,1758.5219999999763,0.6127697841726618
1678.72,490.7142857145518,3.946,3.529,3368.3530000010505,4256.35,8430.34,0.4170000000000002,-0.000899281,1686.7899999999763,0.6183453237410073
1692.0,502.2857142854482,3.958,3.53,3434.384000000544,4328.38,8396.38,0.4280000000000004,-0.000899281,1696.7999999999768,0.6129496402877697
1740.0,528.0,3.959,3.518,3579.5509999999776,4472.35,8360.35,0.4410000000000003,-0.000899281,2993.4279999999767,0.6102517985611511
1673.86,487.7142857145518,3.947,3.539,3290.3253333335742,4184.32,8191.62,0.4079999999999999,-0.002697842,1671.2339999999767,0.6138489208633093
1705.66,502.0,3.947,3.53,3464.3509999997914,4364.35,8743.33,0.4170000000000002,-0.000899281,1708.2639999999883,0.6082733812949639
1746.22,522.0,3.953,3.809,3428.2810000004247,4364.28,8393.12,0.1439999999999996,-0.000899281,1749.092,0.6169064748201438
1687.1,490.7142857145518,3.947,3.535,3386.320000000298,4292.32,8471.11,0.4119999999999999,-0.000899281,1515.293999999977,0.6115107913669064
1672.99,486.0,3.948,3.533,3332.320000000298,4220.32,8252.03,0.415,-0.000899281,1673.687999999977,0.612589928
1693.38,445.0,3.908,3.558,3327.5509999999776,4220.35,8401.95,0.3500000000000001,-0.000899281,1694.7419999999995,0.6118705035971223
1624.58,475.0,3.936,3.562,3154.688000000082,4040.29,8191.26,0.3740000000000001,-0.000899281,1365.4319999999766,0.6151079136690647
1716.0,503.0,3.938,3.534,3470.3120000008494,4364.31,8434.0,0.4040000000000003,-0.000899281,1720.8,0.6348920863309353
1676.8,491.0,3.946,3.529,3368.321000000462,4256.32,8410.4,0.4170000000000002,-0.000899281,1683.6999999999766,0.6172661870503597
1737.98,468.8571428572759,3.903,3.553,3449.919999998994,4364.32,8570.02,0.3500000000000001,-0.000899281,1743.6479999999767,0.612230216
1750.38,526.0,3.958,3.523,3565.143999999389,4472.34,8301.91,0.435,-0.000899281,1747.884,0.6160071942446044
1750.91,473.0,3.901,3.549,3485.919999998994,4400.32,8641.41,0.3519999999999998,-0.000899281,1755.479999999977,0.6116906474820144
1692.0,501.0,3.958,3.529,3446.3520000008866,4328.35,8396.35,0.4290000000000002,-0.000899281,1696.7999999999768,0.6118705035971223
1742.34,540.0,3.958,3.511,3554.3520000008866,4472.35,8249.38,0.447,-0.000899281,1744.346,0.612589928
1728.58,525.0,3.95,3.517,3500.319000001065,4400.32,8123.52,0.4330000000000003,-0.000899281,1729.868,0.612589928
1740.0,525.0,3.96,3.517,3586.752000000328,4472.35,8360.35,0.443,-0.000899281,2993.4279999999767,0.6091726618705036
1692.0,501.0,3.947,3.531,3457.1768,4364.35,8706.14,0.4159999999999999,-0.000899281,1703.6959999999883,0.6071942446043166
1622.31,472.0,3.936,3.56,3176.319000000134,4040.32,8193.38,0.3759999999999999,-0.000899281,1364.2879999999766,0.6142086330935251
1740.0,523.9948333334178,3.96,3.516,3579.552000001073,4472.35,8288.35,0.4439999999999999,-0.000899281,2993.4279999999767,0.608093525
1735.46,467.0,3.903,3.553,3442.7200000006706,4364.32,8577.09,0.3500000000000001,-0.000899281,1740.7959999999766,0.6109712230215827
1726.37,522.0,3.951,3.517,3500.352999999188,4400.35,8191.14,0.4340000000000001,-0.000899281,1730.054,0.6113309352517986
1670.56,485.0,3.949,3.533,3332.353000000119,4220.35,8261.86,0.4159999999999999,-0.000899281,1673.7819999999767,0.6113309352517986
1684.48,488.0,3.947,3.535,3377.9210000000894,4292.32,8495.39,0.4119999999999999,-0.000899281,1688.9899999999766,0.6106115107913669
1698.11,499.7142857145518,3.958,3.528,3435.582999999635,4328.38,8396.38,0.4300000000000001,-0.000899281,1695.6219999999769,0.6107913669064747
1748.45,472.0,3.901,3.55,3476.356000000611,4400.36,8629.47,0.351,-0.000899281,1752.407999999977,0.6106115107913669
1716.0,503.0,3.94,3.534,3458.313,4364.31,8432.31,0.4060000000000001,-0.000899281,1718.4,0.6339928057553956
1673.25,489.4285714281723,3.945,3.528,3362.2889999998733,4256.29,8392.22,0.4169999999999998,-0.000899281,1679.5819999999767,0.6161870503597122
1741.06,538.0,3.958,3.512,3550.752000001259,4472.35,8278.91,0.4460000000000002,-0.000899281,1743.97,0.6113309352517986
1749.59,524.0,3.959,3.521,3579.544000000693,4472.34,8279.5,0.4380000000000001,-0.000899281,1747.036,0.6151079136690647
1702.4,501.7142857145518,3.946,3.53,3446.356000000611,4364.36,8737.12,0.4160000000000003,-0.000899281,1701.8759999999886,0.6061151079136691
1690.24,447.0,3.908,3.557,3320.353000000119,4220.35,8368.77,0.351,-0.000899281,1693.19,0.6107913669064748
1687.07,444.0,3.908,3.557,3313.185999998823,4220.39,8364.07,0.351,-0.000899281,1691.298,0.6097122302158274
1666.82,483.4285714281723,3.948,3.534,3320.258,4220.26,8268.41,0.4140000000000001,-0.000899281,1671.9399999999764,0.6100719424460431
1740.0,524.0,3.96,3.517,3566.320000000298,4472.32,8324.32,0.443,-0.000899281,2993.4279999999767,0.6070143884892085
1692.0,501.4285714281723,3.945,3.53,3446.3160000005737,4328.32,8679.74,0.415,-0.000899281,1699.9039999999884,0.6052158273381295
1723.59,520.0,3.951,3.517,3488.352999999188,4400.35,8201.06,0.4340000000000001,-0.000899281,1728.2039999999995,0.6100719424460432
1732.83,466.0,3.902,3.552,3435.5200000004843,4364.32,8529.31,0.3500000000000001,-0.000899281,1737.6059999999768,0.6097122302158273
1681.57,487.0,3.946,3.536,3368.382000000216,4292.38,8507.68,0.4100000000000001,-0.000899281,1687.293999999977,0.6097122302158274
1728.0,512.0,3.947,3.533,3488.343999999576,4400.34,8324.34,0.4140000000000001,-0.000899281,1718.4,0.6330935251798561
1671.27,488.0,3.946,3.53,3350.320000000298,4220.32,8417.44,0.4160000000000003,-0.000899281,1675.611999999977,0.6151079136690647
1692.0,498.4285714281723,3.958,3.529,3428.190999998711,4328.19,8360.19,0.4290000000000002,-0.000899281,1693.2219999999768,0.6097122302158273
1738.94,538.0,3.958,3.511,3543.544800000265,4436.32,8297.89,0.447,-0.000899281,1742.334,0.6100719424460431
1619.84,474.0,3.936,3.56,3164.287000000477,4040.29,8198.14,0.3759999999999999,-0.000899281,1362.3119999999767,0.6133093525179856
1745.89,471.0,3.901,3.55,3464.351,4400.35,8616.09,0.351,-0.000899281,1751.0459999999766,0.6097122302158273
1743.68,471.0,3.901,3.55,3457.120000000112,4364.32,8607.91,0.351,-0.000899281,1748.5639999999769,0.6088129496402878
1663.94,482.1428571427241,3.948,3.533,3308.222000000067,4184.22,8247.84,0.415,-0.000899281,1669.6339999999768,0.6088129496402878
1678.66,488.1428571427241,3.946,3.536,3356.3509999997914,4256.35,8468.26,0.4100000000000001,-0.000899281,1684.4159999999767,0.6088129496402878
1692.0,496.0,3.957,3.53,3421.151999999769,4292.35,8360.35,0.427,-0.000899281,1693.2219999999768,0.6088129496402879
1668.44,486.0,3.945,3.529,3344.3870000001043,4220.39,8390.05,0.4159999999999999,-0.000899281,1673.6959999999767,0.6142086330935251
1683.97,442.7142857145518,3.907,3.558,3298.752000001259,4220.35,8375.46,0.3490000000000002,-0.000899281,1690.056,0.6088129496402878
1720.96,521.0,3.951,3.518,3482.351999999024,4364.35,8202.82,0.4330000000000003,-0.000899281,1725.896,0.6088129496402879
1697.66,502.0,3.946,3.531,3440.321000000462,4328.32,8663.58,0.415,-0.000899281,1697.9439999999886,0.604316547
1732.67,466.0,3.903,3.553,3428.320000000298,4364.32,8568.77,0.3500000000000001,-0.000899281,1735.7879999999768,0.6088129496402878
1728.0,521.1428571427241,3.959,3.519,3560.320000000298,4436.32,8324.32,0.4399999999999999,-0.000899281,1737.5999999999767,0.6061151079136691
1615.55,469.7142857145518,3.935,3.56,3158.3209999995306,4040.32,8180.74,0.375,-0.000899281,1620.6219999999769,0.612410072
1728.0,511.0,3.947,3.529,3529.0810000002384,4436.28,8360.28,0.4180000000000001,-0.000899281,1720.8,0.6321942446043166
1736.42,536.0,3.958,3.511,3536.223000000231,4436.22,8277.02,0.447,-0.000899281,1740.5,0.6088129496402878
1692.0,500.0,3.945,3.53,3434.2259999997914,4328.23,8667.05,0.415,-0.000899281,1695.2119999999882,0.6034172661870503
1729.02,468.0,3.902,3.553,3421.115999998525,4364.32,8528.0,0.3490000000000002,-0.000899281,1733.5919999999765,0.6079136690647482
1728.0,519.0,3.959,3.518,3550.7200000006706,4436.32,8324.32,0.4410000000000003,-0.000899281,1735.1999999999766,0.6052158273381295
1675.59,486.8571428572759,3.946,3.536,3350.320000000298,4256.32,8457.44,0.4100000000000001,-0.000899281,1681.4799999999766,0.6079136690647482
1680.0,495.0,3.956,3.529,3410.320000000298,4292.32,8324.32,0.427,-0.000899281,1690.821999999977,0.6079136690647482
1613.38,470.0,3.936,3.561,3146.351,4004.35,8188.0,0.375,-0.000899281,1619.1319999999766,0.6115107913669064
1728.0,511.0,3.948,3.528,3529.1119999988005,4436.31,8360.31,0.4199999999999999,-0.000899281,1723.2,0.6312949640287769
1681.24,442.7142857145518,3.908,3.559,3291.617999999784,4184.42,8367.61,0.3489999999999997,-0.000899281,1687.1799999999998,0.6079136690647482
1719.07,518.0,3.951,3.518,3471.5550000006333,4364.36,8192.99,0.4330000000000003,-0.000899281,1723.714,0.6079136690647482
1734.56,536.0,3.958,3.512,3524.3509999997914,4436.35,8275.04,0.4460000000000002,-0.000899281,1738.664,0.6079136690647482
1661.47,481.1428571427241,3.948,3.534,3302.3980000000447,4184.38,8268.99,0.4140000000000001,-0.000899281,1667.1559999999763,0.6079136690647482
1741.56,470.0,3.9,3.551,3449.950999999419,4364.35,8597.89,0.3489999999999997,-0.000899281,1746.0979999999768,0.6079136690647482
1666.31,486.0,3.945,3.53,3334.7210000008345,4220.32,8424.86,0.415,-0.000899281,1671.2139999999767,0.6133093525179856
1747.2,526.0,3.958,3.524,3536.319000001065,4436.32,8197.41,0.4340000000000001,-0.002697842,1746.2599999999998,0.6138489208633093
1739.33,469.0,3.9,3.55,3442.7200000006706,4364.32,8578.27,0.3500000000000001,-0.000899281,1743.7819999999767,0.6070143884892085
1691.62,499.0,3.946,3.531,3422.351999999956,4328.35,8713.89,0.415,-0.000899281,1695.1359999999884,0.6025179856115108
1663.39,485.0,3.945,3.53,3326.3520000008866,4220.35,8396.32,0.415,-0.000899281,1668.5319999999767,0.612410072
1678.24,441.4285714281723,3.907,3.56,3284.351999999956,4184.35,8356.64,0.347,-0.000899281,1684.152,0.6070143884892086
1731.4,533.9741666661575,3.958,3.512,3518.3520000008866,4436.35,8277.82,0.4460000000000002,-0.000899281,1736.476,0.6070143884892085
1680.0,494.0,3.957,3.53,3398.321000000462,4292.32,8360.32,0.427,-0.000899281,1688.4219999999768,0.6070143884892086
1726.69,465.0,3.902,3.553,3413.9519999986514,4328.35,8536.32,0.3490000000000002,-0.000899281,1731.3339999999766,0.6070143884892086
1610.4,467.0,3.936,3.562,3134.321000000462,4004.32,8170.94,0.3740000000000001,-0.000899281,1616.2959999999766,0.6106115107913669
1746.37,526.0,3.959,3.52,3566.318999999203,4472.32,8239.94,0.439,-0.000899281,1747.952,0.612589928
1717.18,517.9948333334178,3.951,3.518,3470.315999998711,4364.32,8218.65,0.4330000000000003,-0.000899281,1721.434,0.6070143884892086
1728.0,518.0,3.958,3.518,3542.3199999993667,4436.32,8288.32,0.4400000000000004,-0.000899281,1732.7999999999768,0.604316547
1728.0,512.0,3.948,3.528,3518.25,4436.25,8360.25,0.4199999999999999,-0.000899281,1725.6,0.6303956834532374
1658.34,480.0,3.948,3.535,3296.371666667052,4184.35,8263.23,0.4129999999999998,-0.000899281,1664.2259999999765,0.6070143884892086
1672.64,485.0079999994487,3.945,3.536,3341.912000000477,4256.31,8457.66,0.4089999999999998,-0.000899281,1678.5879999999768,0.6070143884892086
1675.39,439.0,3.907,3.56,3272.3509999997914,4184.35,8350.62,0.347,-0.000899281,1681.182,0.6061151079136691
1669.95,482.5714285718277,3.945,3.537,3332.2179999994114,4256.22,8432.22,0.4079999999999999,-0.000899281,1675.6819999999766,0.6061151079136691
1728.0,516.0,3.959,3.519,3530.351999999956,4436.35,8324.35,0.4399999999999999,-0.000899281,1730.399999999977,0.6034172661870504
1745.12,526.0,3.959,3.519,3565.120000000112,4472.32,8231.58,0.4399999999999999,-0.000899281,1747.732,0.6113309352517986
1724.74,465.0,3.902,3.554,3406.7210000008345,4328.32,8530.91,0.3480000000000003,-0.000899281,1729.1899999999769,0.6061151079136691
1680.0,493.0,3.957,3.53,3386.3199999993667,4256.32,8360.32,0.427,-0.000899281,1684.7999999999768,0.6061151079136691
1714.72,517.0,3.95,3.518,3464.3520000008866,4364.35,8216.64,0.4320000000000004,-0.000899281,1719.104,0.6061151079136691
1655.87,478.9893333334476,3.948,3.535,3284.320000000298,4184.32,8264.93,0.4129999999999998,-0.000899281,1661.2879999999768,0.6061151079136691
1738.62,469.2857142854482,3.899,3.551,3434.383000001312,4364.38,8605.22,0.3479999999999998,-0.000899281,1741.8159999999766,0.6061151079136691
1728.0,510.0,3.947,3.528,3514.712,4400.31,8360.31,0.419,-0.000899281,1728.0,0.6294964028776978
1607.68,468.4285714281723,3.936,3.562,3122.3170000007376,4004.32,8195.14,0.3740000000000001,-0.000899281,1613.3699999999767,0.6097122302158274
1729.34,532.0,3.958,3.512,3506.321000000462,4400.32,8286.2,0.4460000000000002,-0.000899281,1734.132,0.6061151079136691
1660.96,484.0,3.944,3.53,3320.351999999024,4184.35,8390.98,0.4140000000000001,-0.000899281,1666.0739999999769,0.6115107913669064
1688.8,497.1428571427241,3.946,3.531,3413.952000000514,4328.35,8711.2,0.415,-0.000899281,1692.4159999999883,0.6016187050359714
1680.0,490.0,3.956,3.531,3377.950999999419,4256.35,8360.35,0.4249999999999998,-0.000899281,1682.399999999977,0.6052158273381295
1673.86,440.1428571427241,3.907,3.56,3262.752000001259,4184.35,8376.67,0.347,-0.000899281,1678.5400000000002,0.6052158273381295
1726.23,531.0,3.957,3.512,3500.3509999997914,4400.35,8247.19,0.4449999999999998,-0.000899281,1731.59,0.6052158273381295
1686.46,497.1428571427241,3.946,3.531,3410.3199999993667,4292.32,8737.66,0.415,-0.000899281,1691.3079999999886,0.6007194244604317
1716.0,509.0,3.946,3.529,3512.3120000008494,4400.31,8360.31,0.4170000000000002,-0.000899281,1725.6,0.6285971223021583
1737.6,469.2812857143581,3.899,3.551,3428.321000000462,4364.32,8588.7,0.3479999999999998,-0.000899281,1740.1579999999765,0.6052158273381295
1716.0,517.0,3.958,3.521,3524.351,4400.35,8288.35,0.4370000000000003,-0.000899281,1725.5999999999767,0.6025179856115108
1653.34,476.5714285718277,3.947,3.536,3277.120000000112,4148.32,8288.58,0.411,-0.000899281,1658.591999999977,0.6052158273381295
1723.3,464.0,3.903,3.554,3399.5520000001416,4328.35,8490.88,0.3490000000000002,-0.000899281,1727.283999999977,0.6052158273381295
1712.83,516.0,3.951,3.52,3452.320000000298,4364.32,8194.11,0.431,-0.000899281,1716.952,0.6052158273381295
1668.0,485.5714285718277,3.946,3.537,3326.3520000008866,4220.35,8462.3,0.4090000000000002,-0.000899281,1672.9679999999769,0.6052158273381295
1605.6,466.0,3.936,3.563,3110.383000001312,3968.38,8192.16,0.3729999999999998,-0.000899281,1610.5219999999767,0.6088129496402878
1659.8,486.0,3.944,3.531,3313.150999999605,4184.35,8389.86,0.4129999999999998,-0.000899281,1663.7799999999766,0.6106115107913668
1742.3,525.0,3.959,3.519,3557.952000000514,4472.35,8252.35,0.4399999999999999,-0.000899281,1746.116,0.6100719424460431
1666.59,484.0,3.946,3.538,3326.3899999996647,4220.39,8469.16,0.4080000000000003,-0.000899281,1670.553999999977,0.604316547
1723.22,508.0,3.946,3.529,3500.344000001438,4400.34,8396.34,0.4170000000000002,-0.000899281,1724.6439999999998,0.6276978417266187
1716.0,517.0,3.958,3.52,3518.3590000011027,4400.36,8252.36,0.4380000000000001,-0.000899281,1723.1999999999766,0.6016187050359713
1652.61,476.5714285718277,3.948,3.535,3269.919999999925,4148.32,8287.62,0.4129999999999998,-0.000899281,1656.3259999999766,0.604316547
1679.04,490.2857142854482,3.956,3.53,3374.3520000008866,4256.35,8324.35,0.4260000000000001,-0.000899281,1679.8079999999768,0.604316547
1735.84,468.0,3.899,3.55,3428.351999999024,4364.35,8623.74,0.3490000000000002,-0.000899281,1738.5899999999765,0.604316547
1716.0,531.0,3.958,3.513,3493.126199999824,4400.35,8266.69,0.4450000000000003,-0.000899281,1727.506,0.604316547
1720.8,464.0,3.902,3.555,3399.5519999992102,4328.35,8516.96,0.347,-0.000899281,1724.909999999977,0.604316547
1712.32,516.0,3.95,3.519,3449.919999999925,4328.32,8222.49,0.431,-0.000899281,1715.2239999999997,0.604316547
1672.61,440.1428571427241,3.907,3.561,3260.3520000008866,4148.35,8332.45,0.3460000000000001,-0.000899281,1676.268,0.604316547
1683.84,494.0,3.946,3.532,3398.258,4292.26,8747.84,0.4140000000000001,-0.000899281,1688.5439999999885,0.5998201438848921
1603.42,467.1428571427241,3.937,3.564,3104.3509999997914,3968.35,8212.48,0.3729999999999998,-0.000899281,1608.0959999999766,0.6079136690647482
1657.3,483.0,3.944,3.53,3308.3520000008866,4184.35,8361.76,0.4140000000000001,-0.000899281,1661.5519999999767,0.6097122302158273
1740.35,522.0,3.959,3.52,3548.3509999997914,4436.35,8252.96,0.439,-0.000899281,1744.268,0.6088129496402878
1718.21,462.4285714281723,3.902,3.555,3385.120000000112,4328.32,8533.28,0.347,-0.000899281,1722.7479999999766,0.6034172661870503
1710.2,516.0,3.949,3.519,3442.752000001259,4328.35,8202.47,0.4299999999999997,-0.000899281,1713.45,0.6034172661870503
1723.84,528.0,3.958,3.514,3488.3520000008866,4400.35,8272.99,0.4440000000000004,-0.000899281,1725.3620000000003,0.6034172661870504
1654.27,482.0,3.944,3.531,3302.3199999993667,4184.32,8381.48,0.4129999999999998,-0.000899281,1659.1439999999766,0.6088129496402879
1669.83,440.1428571427241,3.908,3.56,3255.552000001073,4148.35,8337.09,0.3479999999999998,-0.000899281,1673.986,0.6034172661870504
1664.35,481.29546428564936,3.946,3.538,3314.357166667469,4220.38,8456.25,0.4080000000000003,-0.000899281,1668.3059999999768,0.6034172661870504
1681.56,492.5714285718277,3.946,3.532,3392.3199999993667,4292.32,8728.67,0.4140000000000001,-0.000899281,1686.4559999999883,0.5989208633093526
1602.98,466.0,3.937,3.563,3098.382000000216,3968.38,8207.45,0.3739999999999996,-0.000899281,1606.0159999999769,0.6070143884892086
1734.01,468.0,3.898,3.551,3421.1209999993443,4328.32,8616.95,0.347,-0.000899281,1737.0799999999767,0.6034172661870504
1716.0,506.0,3.946,3.53,3493.0810000002384,4400.28,8373.22,0.4160000000000003,-0.000899281,1722.244,0.6267985611510791
1668.0,489.0,3.956,3.532,3362.2889999998733,4256.29,8360.29,0.4239999999999999,-0.000899281,1677.407999999977,0.6034172661870503
1716.0,514.0,3.958,3.541,3514.7210000008345,4400.32,8324.32,0.4170000000000002,-0.000899281,1720.7999999999768,0.6007194244604317
1738.17,521.0,3.959,3.519,3536.320000000298,4436.32,8265.86,0.4399999999999999,-0.000899281,1742.462,0.6079136690647482
1651.3,478.0,3.948,3.535,3266.320000000298,4148.32,8282.78,0.4129999999999998,-0.000899281,1654.2919999999765,0.6034172661870504
1668.35,438.0,3.907,3.561,3248.3130000010133,4148.31,8316.57,0.3460000000000001,-0.000899281,1672.0079999999998,0.6025179856115109
1716.0,513.0,3.958,3.52,3507.5519999992102,4400.35,8288.35,0.4380000000000001,-0.000899281,1718.399999999977,0.599820144
1661.7,483.0,3.945,3.538,3308.3279999997467,4220.33,8428.86,0.407,-0.000899281,1666.1179999999767,0.6025179856115109
1649.41,475.0,3.948,3.536,3260.3509999997914,4148.35,8281.76,0.4119999999999999,-0.000899281,1652.5059999999764,0.6025179856115109
1734.18,520.0,3.959,3.519,3529.154999999329,4436.35,8199.75,0.4399999999999999,-0.000899281,1740.024,0.6070143884892086
1651.62,481.0,3.943,3.53,3290.3199999993667,4184.32,8372.38,0.4130000000000002,-0.000899281,1656.7899999999763,0.6079136690647482
1722.27,530.0,3.958,3.513,3482.320000000298,4364.32,8279.84,0.4450000000000003,-0.000899281,1723.536,0.6025179856115108
1600.51,464.1428571427241,3.937,3.562,3097.1520000007004,3968.35,8215.78,0.375,-0.000899281,1604.0379999999768,0.6061151079136691
1708.06,515.0,3.95,3.518,3435.519999999553,4328.32,8195.65,0.4320000000000004,-0.000899281,1711.6259999999995,0.6025179856115108
1715.69,461.1428571427241,3.902,3.575,3377.982999999076,4292.38,8473.99,0.3269999999999999,-0.000899281,1720.5479999999766,0.6025179856115108
1679.45,493.2857142854482,3.945,3.532,3380.344000001438,4292.34,8706.14,0.4129999999999998,-0.000899281,1684.021999999988,0.5980215827338129
1732.58,468.0,3.899,3.55,3414.045999999158,4328.45,8610.66,0.3490000000000002,-0.000899281,1735.7299999999766,0.6025179856115108
1716.0,506.0,3.946,3.53,3482.3429999994114,4364.34,8396.34,0.4160000000000003,-0.000899281,1719.8439999999998,0.6258992805755395
1668.0,487.7142857145518,3.956,3.532,3356.3509999997914,4256.35,8324.35,0.4239999999999999,-0.000899281,1675.0079999999768,0.6025179856115108
1704.0,503.0,3.945,3.53,3476.343999999576,4364.34,8324.34,0.415,-0.000899281,1715.044,0.625
1719.8,527.0,3.958,3.513,3476.321000000462,4364.32,8253.18,0.4450000000000003,-0.000899281,1721.628,0.6016187050359713
1678.33,492.0,3.945,3.533,3374.2960000000894,4256.3,8718.01,0.4119999999999999,-0.000899281,1681.9279999999883,0.5971223021582733
1716.0,513.0,3.958,3.52,3500.391,4400.39,8288.39,0.4380000000000001,-0.000899281,1716.0,0.5989208633093525
1659.42,480.0,3.945,3.538,3302.3130000010133,4220.31,8483.08,0.407,-0.000899281,1664.0119999999763,0.6016187050359713
1597.95,462.0,3.937,3.563,3086.3509999997914,3968.35,8224.19,0.3739999999999996,-0.000899281,1602.091999999977,0.6052158273381295
1647.16,477.0,3.947,3.535,3254.3520000008866,4148.35,8298.08,0.4119999999999999,-0.000899281,1650.7639999999767,0.6016187050359713
1712.19,459.0,3.901,3.555,3370.727999999188,4292.33,8465.59,0.3459999999999996,-0.000899281,1718.0379999999768,0.6016187050359713
1730.45,465.0,3.899,3.551,3406.7750000003725,4328.38,8631.7,0.3479999999999998,-0.000899281,1734.0959999999766,0.6016187050359713
1668.0,488.0,3.956,3.532,3349.150999998674,4220.35,8324.35,0.4239999999999999,-0.000899281,1672.607999999977,0.6016187050359714
1705.51,514.0266666663811,3.949,3.519,3428.3520000008866,4328.35,8191.24,0.4299999999999997,-0.000899281,1709.784,0.6016187050359714
1666.91,438.8571428572759,3.907,3.561,3242.3899999996647,4148.39,8347.26,0.3460000000000001,-0.000899281,1670.312,0.6016187050359713
1648.47,479.1428571427241,3.943,3.531,3284.3520000008866,4148.35,8359.49,0.4119999999999999,-0.000899281,1654.2919999999765,0.6070143884892086
1731.94,517.2857142854482,3.958,3.52,3518.321000000462,4436.32,8210.62,0.4380000000000001,-0.000899281,1737.388,0.6061151079136691
1668.0,487.0,3.955,3.532,3338.3279999997467,4220.33,8324.33,0.423,-0.000899281,1670.207999999977,0.6007194244604317
1704.0,503.0,3.945,3.531,3470.2820000005886,4364.28,8360.28,0.4139999999999997,-0.000899281,1712.6439999999998,0.6241007194244604
1595.49,462.8434285717085,3.937,3.563,3080.351,3932.35,8227.32,0.3739999999999996,-0.000899281,1600.0699999999767,0.604316547
1657.08,478.7142857145518,3.945,3.539,3291.5439999997616,4184.34,8490.84,0.4059999999999997,-0.000899281,1661.8279999999766,0.6007194244604317
1718.17,528.0,3.957,3.513,3470.2180000003427,4364.22,8267.3,0.4439999999999999,-0.000899281,1720.016,0.6007194244604317
1716.0,512.0,3.958,3.52,3494.3279999997467,4400.33,8322.86,0.4380000000000001,-0.000899281,1716.0,0.598021583
1645.64,477.0,3.943,3.534,3272.344000001438,4148.34,8379.36,0.4090000000000002,-0.000899281,1651.4599999999768,0.6061151079136691
1676.55,492.0,3.945,3.532,3368.391,4256.39,8698.66,0.4129999999999998,-0.000899281,1679.9459999999883,0.5962230215827338
1729.31,516.0,3.958,3.521,3512.3520000008866,4400.35,8228.06,0.4370000000000003,-0.000899281,1734.7900000000002,0.6052158273381295
1725.86,465.4285714281723,3.899,3.551,3399.544000000693,4328.34,8636.55,0.3479999999999998,-0.000899281,1731.7479999999766,0.6007194244604317
1644.36,473.0,3.947,3.536,3242.343999999576,4148.34,8266.14,0.411,-0.000899281,1648.9679999999769,0.6007194244604317
1710.2,458.0,3.901,3.556,3363.543000000529,4292.34,8468.28,0.3449999999999997,-0.000899281,1715.4179999999767,0.6007194244604317
1702.42,513.0,3.949,3.52,3421.158999999054,4328.36,8158.47,0.4289999999999998,-0.000899281,1707.702,0.6007194244604317
1664.0,437.0,3.907,3.562,3236.343999999576,4148.34,8353.22,0.3450000000000002,-0.000899281,1668.3399999999997,0.6007194244604317
1716.34,526.0,3.957,3.514,3464.3430000003427,4364.34,8252.34,0.443,-0.000899281,1720.084,0.599820144
1700.8,512.0,3.949,3.521,3413.819000000134,4292.22,8183.64,0.4279999999999999,-0.000899281,1705.398,0.5998201438848921
1704.0,510.0,3.958,3.521,3485.943999999203,4364.34,8252.34,0.4370000000000003,-0.000899281,1713.5999999999767,0.5971223021582734
1655.45,479.0,3.945,3.54,3284.375,4184.38,8443.33,0.4049999999999998,-0.000899281,1659.5999999999767,0.599820144
1674.11,489.0,3.945,3.533,3362.313,4256.31,8754.62,0.4119999999999999,-0.000899281,1677.9999999999884,0.5953237410071941
1656.0,486.0,3.955,3.533,3332.328000000678,4220.33,8324.33,0.4220000000000001,-0.000899281,1665.5999999999767,0.5998201438848921
1704.0,502.2811428569257,3.945,3.531,3464.3119999989867,4364.31,8360.31,0.4139999999999997,-0.000899281,1708.8,0.6232014388489209
1662.26,437.5714285718277,3.906,3.561,3226.759000001475,4148.36,8336.17,0.3450000000000002,-0.000899281,1666.27,0.599820144
1641.5,472.0,3.947,3.537,3236.343999999576,4112.34,8216.34,0.4100000000000001,-0.000899281,1646.745999999977,0.599820144
1705.78,457.2857142854482,3.9,3.556,3349.158999999054,4256.36,8497.7,0.3439999999999998,-0.000899281,1712.4139999999766,0.5998201438848921
1593.59,461.0,3.937,3.564,3068.3429999994114,3932.34,8229.72,0.3729999999999998,-0.000899281,1598.1039999999768,0.6034172661870504
1725.86,465.4285714281723,3.899,3.552,3377.958999999799,4292.36,8617.0,0.347,-0.000899281,1729.7519999999763,0.599820144
1641.49,476.0,3.942,3.533,3262.822000000626,4148.42,8348.39,0.4090000000000002,-0.000899281,1648.2979999999766,0.6052158273381295
1727.62,516.0,3.958,3.521,3500.3520000008866,4400.32,8218.98,0.4370000000000003,-0.000899281,1732.244,0.604316547
1698.8,511.7142857145518,3.949,3.52,3404.327999998816,4292.33,8177.67,0.4289999999999998,-0.000899281,1703.118,0.5989208633093526
1656.0,485.0,3.954,3.532,3326.2810000004247,4220.28,8324.28,0.4220000000000001,-0.000899281,1663.1999999999766,0.5989208633093526
1725.88,516.0,3.959,3.521,3500.3520000008866,4400.35,8210.88,0.4380000000000001,-0.000899281,1729.786,0.6034172661870504
1591.84,463.0,3.936,3.563,3062.359,3932.36,8194.8,0.3729999999999998,-0.000899281,1595.8759999999768,0.6025179856115109
1704.0,510.0,3.957,3.521,3478.760000000708,4364.36,8288.36,0.4359999999999999,-0.000899281,1711.1999999999766,0.5962230215827338
1652.51,478.0,3.944,3.54,3278.3130000010133,4184.31,8486.42,0.4039999999999999,-0.000899281,1657.2319999999768,0.5989208633093526
1704.0,501.0,3.944,3.531,3457.0810000002384,4364.28,8360.28,0.4129999999999998,-0.000899281,1706.4,0.6223021582733813
1632.0,475.0,3.942,3.534,3250.6880000010133,4114.69,8370.59,0.4080000000000003,-0.000899281,1643.8439999999766,0.604316547
1716.0,464.0,3.899,3.551,3377.943999999203,4292.34,8621.75,0.3479999999999998,-0.000899281,1726.149999999977,0.5989208633093525
1670.88,488.0,3.944,3.533,3349.1440000003204,4256.34,8689.02,0.411,-0.000899281,1675.8639999999882,0.5944244604316546
1714.88,526.0,3.957,3.514,3457.2379999989644,4364.44,8245.2,0.443,-0.000899281,1718.292,0.5989208633093525
1661.22,437.5714285718277,3.906,3.562,3224.3590000011027,4112.36,8320.42,0.3440000000000003,-0.000899281,1664.548,0.5989208633093526
1639.75,472.0,3.947,3.536,3226.743999999948,4112.34,8263.39,0.411,-0.000899281,1644.4359999999767,0.5989208633093526
1704.22,456.0,3.9,3.557,3341.911999998614,4256.31,8481.69,0.3429999999999999,-0.000899281,1709.6159999999768,0.5989208633093526
1701.92,456.0,3.9,3.557,3334.758999999613,4256.36,8470.53,0.3429999999999999,-0.000899281,1706.861999999977,0.598021583
1724.87,516.0,3.959,3.521,3493.151999999769,4400.35,8241.89,0.4380000000000001,-0.000899281,1727.9239999999998,0.6025179856115109
1704.0,501.7142857145518,3.944,3.532,3449.900199999101,4328.31,8360.31,0.4119999999999999,-0.000899281,1704.0,0.6214028776978417
1656.0,484.0,3.954,3.534,3314.219000001438,4184.22,8324.22,0.4200000000000004,-0.000899281,1660.7999999999768,0.5980215827338129
1697.72,510.0,3.948,3.521,3404.360000000336,4292.36,8188.12,0.427,-0.000899281,1701.05,0.5980215827338129
1657.92,435.0,3.905,3.561,3219.591000000946,4112.39,8302.83,0.3439999999999998,-0.000899281,1662.462,0.5980215827338129
1585.92,460.7142857145518,3.934,3.564,3056.359000000172,3932.36,8232.78,0.3700000000000001,-0.000899281,1592.957999999977,0.6016187050359713
1712.61,524.0,3.956,3.515,3454.6869999989867,4366.69,8254.14,0.4409999999999998,-0.000899281,1716.36,0.598021583
1704.0,510.0,3.957,3.521,3476.343999999576,4364.34,8252.34,0.4359999999999999,-0.000899281,1708.7999999999768,0.5953237410071942
1636.89,470.1428571427241,3.947,3.537,3224.375,4112.38,8272.03,0.4100000000000001,-0.000899281,1641.9319999999766,0.5980215827338129
1723.22,462.9896666668356,3.899,3.552,3370.6313999993727,4292.22,8620.92,0.347,-0.000899281,1724.2779999999766,0.598021583
1668.76,487.4285714281723,3.944,3.534,3338.3430000003427,4220.34,8683.19,0.4100000000000001,-0.000899281,1673.7259999999883,0.5935251798561151
1649.84,476.1428571427241,3.944,3.54,3272.327999998816,4184.33,8484.55,0.4039999999999999,-0.000899281,1654.8599999999765,0.5980215827338129
1636.95,475.0,3.942,3.534,3248.359,4112.36,8336.03,0.4080000000000003,-0.000899281,1640.909999999977,0.6034172661870503
1633.94,468.8571428572759,3.946,3.537,3212.3119999989867,4112.31,8286.78,0.4090000000000002,-0.000899281,1639.2879999999768,0.5971223021582734
1716.74,462.0,3.898,3.552,3370.7910000011325,4292.39,8575.88,0.3460000000000001,-0.000899281,1721.5359999999769,0.5971223021582734
1770.78,553.0,3.945,3.531,3446.313,4328.31,8288.31,0.4139999999999997,-0.000899281,1717.3559999999998,0.6205035971223022
1722.26,514.0,3.958,3.522,3488.313000000082,4400.31,8224.22,0.4360000000000004,-0.000899281,1725.9879999999998,0.6016187050359713
1699.58,455.0,3.899,3.557,3327.560000000521,4256.36,8476.25,0.3420000000000001,-0.000899281,1704.339999999977,0.5971223021582733
1656.0,484.2857142854482,3.953,3.533,3308.3899999996647,4184.39,8288.39,0.4199999999999999,-0.000899281,1658.399999999977,0.5971223021582733
1666.34,488.1483928570524,3.944,3.533,3327.543000000529,4220.34,8700.73,0.411,-0.000899281,1671.3279999999882,0.5926258992805755
1647.73,474.0,3.944,3.54,3260.344000001438,4148.34,8478.33,0.4039999999999999,-0.000899281,1652.5219999999763,0.5971223021582734
1704.0,509.0,3.956,3.522,3464.360000000336,4364.36,8252.36,0.4340000000000001,-0.000899281,1706.399999999977,0.5944244604316546
1694.75,508.0,3.948,3.52,3398.313000000082,4292.31,8187.0,0.4279999999999999,-0.000899281,1698.898,0.5971223021582733
25.74,42.10526315867901,3.104,3.538,94.81291665229946,8.0,8.36,-0.434,-0.000899281,1278.5159999999769,0.6007194244604317
1655.39,436.11428571492434,3.905,3.562,3212.359,4112.36,8305.06,0.3429999999999999,-0.000899281,1660.158,0.5971223021582734
1710.01,523.0,3.956,3.514,3440.3119999989867,4328.31,8253.81,0.4420000000000001,-0.000899281,1714.402,0.5971223021582734
1635.08,472.2857142854482,3.942,3.534,3236.328000000678,4112.33,8339.59,0.4080000000000003,-0.000899281,1638.2319999999768,0.6025179856115108
1712.61,460.0,3.897,3.554,3349.144000001252,4256.34,8592.34,0.3429999999999999,-0.000899281,1718.8859999999768,0.5962230215827338
1632.23,471.02325000055134,3.942,3.534,3230.343999999576,4112.34,8338.91,0.4080000000000003,-0.000899281,1635.5499999999768,0.6016187050359714
1647.97,477.8571428572759,3.939,3.535,3314.365166666917,4220.36,8637.95,0.4039999999999999,-0.000899281,1665.6119999999887,0.591726619
1695.48,453.0,3.898,3.559,3320.3430000003427,4256.34,8463.78,0.3389999999999999,-0.000899281,1701.3959999999763,0.5962230215827338
1656.0,480.0,3.952,3.534,3302.359,4184.36,8288.36,0.4180000000000001,-0.000899281,1656.0,0.5962230215827338
1752.0,550.0,3.941,3.502,3632.3429999994114,4544.34,8540.34,0.439,-0.000899281,1726.9559999999997,0.6196043165467626
1720.16,513.4285714281723,3.958,3.522,3482.343999999576,4364.34,8208.67,0.4360000000000004,-0.000899281,1724.158,0.6007194244604317
1631.88,470.0,3.945,3.539,3200.344000000506,4076.34,8237.41,0.4059999999999997,-0.000899281,1636.7919999999767,0.5962230215827338
1639.59,469.2857142854482,3.942,3.541,3255.5120000001043,4148.31,8485.47,0.4010000000000002,-0.000899281,1649.0239999999765,0.5962230215827338
1703.97,508.0,3.956,3.522,3457.268999999389,4328.47,8216.47,0.4340000000000001,-0.000899281,1703.9939999999765,0.5935251798561151
1692.55,509.1428571427241,3.948,3.522,3392.344000001438,4292.34,8162.02,0.4260000000000001,-0.000899281,1696.9240000000002,0.5962230215827338
1585.14,460.4000000003725,3.934,3.564,3134.313,4004.31,8335.09,0.3700000000000001,-0.000899281,1276.4459999999767,0.599820144
1653.8,434.0,3.905,3.562,3205.1910000005737,4112.39,8303.62,0.3429999999999999,-0.000899281,1658.118,0.5962230215827338
1707.83,520.2857142854482,3.956,3.515,3434.360000000336,4328.36,8241.7,0.4409999999999998,-0.000899281,1712.334,0.5962230215827338
1704.0,504.0,3.95,3.811,3479.0,4431.0,8764.0,0.1390000000000002,-0.000899281,1726.9559999999997,0.618705036
1692.0,504.0,3.955,3.522,3449.927999999374,4328.33,8180.33,0.4330000000000003,-0.000899281,1701.5939999999766,0.5926258992805755
1582.2,457.5999999996274,3.934,3.565,3038.3120000008494,3896.31,8214.53,0.3690000000000002,-0.000899281,1274.1679999999767,0.5989208633093526
1628.78,471.4285714281723,3.94,3.536,3218.359,4112.36,8377.7,0.4039999999999999,-0.000899281,1633.0079999999768,0.6007194244604317
1705.28,520.0,3.956,3.518,3428.344000001438,4328.34,8239.88,0.4380000000000001,-0.000899281,1710.122,0.5953237410071942
1649.22,431.1428571427241,3.904,3.562,3197.928000000305,4112.33,8293.58,0.3420000000000001,-0.000899281,1655.5099999999998,0.5953237410071942
1629.8,467.5714285718277,3.946,3.538,3200.344000000506,4076.34,8236.67,0.4080000000000003,-0.000899281,1634.4519999999768,0.5953237410071942
1700.03,457.0,3.892,3.554,3327.622,4256.42,8579.48,0.3380000000000001,-0.000899281,1713.7199999999768,0.5953237410071942
1691.3,507.0,3.947,3.522,3380.359000000172,4292.36,8183.94,0.4250000000000002,-0.000899281,1695.024,0.5953237410071941
1639.45,474.0155,3.935,3.54,3248.360000000336,4148.36,8660.45,0.395,-0.000899281,1658.6799999999882,0.5908273381294964
1644.0,480.0,3.951,3.535,3290.3590000011027,4184.36,8288.36,0.4159999999999999,-0.000899281,1653.5999999999767,0.5953237410071941
1718.34,512.0,3.957,3.522,3471.5429999995977,4364.34,8215.94,0.435,-0.000899281,1722.302,0.599820144
1624.06,463.7142857145518,3.937,3.543,3212.359,4112.36,8489.64,0.3939999999999997,-0.000899281,1642.745999999977,0.5953237410071942
1690.02,452.5714285718277,3.896,3.559,3305.942999999039,4220.34,8497.56,0.3369999999999997,-0.000899281,1698.2439999999765,0.5953237410071942
1694.59,520.797,3.957,3.723,3311.360000000336,4256.0,8405.19,0.2339999999999999,-0.000899281,1706.064,0.5944244604316546
1636.06,435.5940000005066,3.907,3.746,3045.344000001438,4004.0,8551.95,0.161,-0.000899281,1650.4779999999998,0.5944244604316546
1644.0,480.0,3.956,3.836,3157.0,4095.01,8566.69,0.1200000000000001,-0.000899281,1651.1999999999766,0.5944244604316546
1703.05,463.20299999881536,3.901,3.731,3199.359,4172.0,8745.16,0.1699999999999999,-0.000899281,1711.1299999999767,0.5944244604316546
1634.38,480.0,3.94,3.737,3122.359,4074.02,8947.36,0.2029999999999998,-0.000899281,1651.3799999999885,0.5899280575539568
1579.56,458.1428571427241,3.934,3.566,3032.343999999576,3896.34,8218.05,0.3680000000000003,-0.000899281,1271.7119999999766,0.5980215827338129
1692.51,458.4060000004247,3.905,3.843,3185.203000000678,4158.2,8694.84,0.062,-0.000899281,1695.9019999999769,0.5944244604316546
1618.36,465.609,3.941,3.746,3031.3279999997467,3997.03,8753.22,0.1949999999999998,-0.000899281,1635.9159999999763,0.5944244604316546
1716.73,513.0,3.958,3.523,3470.359,4364.36,8200.77,0.435,-0.000899281,1720.4720000000002,0.5989208633093526
1704.0,498.0,3.939,3.825,3205.1199999991804,4184.32,8756.32,0.1139999999999998,-0.000899281,1726.9559999999997,0.6178057553956835
1623.3,472.7970000002533,3.944,3.743,3073.344000000506,4011.0,8612.22,0.201,-0.000899281,1631.2679999999768,0.5998201438848921
1674.42,504.0,3.946,3.824,3255.234,4207.23,8329.69,0.1220000000000003,-0.000899281,1690.148,0.5944244604316546
1693.41,504.0,3.96,3.819,3318.0149999996647,4263.0,8407.0,0.141,-0.000899281,1699.475999999977,0.5917266187050358
1613.05,465.60900000017136,3.946,3.747,3054.5620000008494,3997.0,8519.45,0.1990000000000003,-0.000899281,1629.111999999977,0.5944244604316546
1692.0,493.0,3.937,3.555,3446.383999999613,4328.38,8540.38,0.3819999999999997,-0.000899281,1724.5559999999998,0.6169064748201439
1663.87,477.4285714281723,3.936,3.853,2881.2800000002608,3896.48,8899.71,0.083,-0.000899281,1638.7219999999768,0.5935251798561151
1565.22,460.7970000002533,3.933,3.752,2905.375,3828.98,8379.36,0.181,-0.000899281,1267.5719999999767,0.5971223021582734
1719.75,459.0,3.893,3.847,3082.912000001408,4076.51,8834.34,0.046,-0.000899281,1699.4679999999769,0.5935251798561151
1716.0,512.0,3.951,3.826,3193.120000000112,4150.72,8650.72,0.125,-0.000899281,1701.875999999977,0.5908273381294964
1714.41,510.8571428572759,3.957,3.522,3464.359,4364.36,8205.06,0.435,-0.000899281,1718.38,0.5980215827338129
1715.36,510.0,3.941,3.836,3085.0880000004545,4078.69,8477.98,0.1049999999999999,-0.000899281,1693.6760000000002,0.5935251798561151
1668.0,488.0,3.948,3.843,3010.752000001259,3968.35,8756.35,0.1049999999999999,-0.000899281,1653.5999999999767,0.5935251798561151
1733.15,464.0,3.891,3.844,3095.383999999613,4112.38,8905.28,0.047,-0.000899281,1713.1159999999768,0.5935251798561151
1682.56,494.0,3.935,3.848,2953.119000000879,3932.32,9187.52,0.087,-0.000899281,1654.139999999988,0.5890287769784173
1668.64,435.0,3.897,3.861,2866.8160000005737,3860.42,8744.16,0.036,-0.000899281,1652.622,0.5935251798561151
1725.41,522.0,3.949,3.826,3157.121000001207,4150.72,8596.54,0.1229999999999997,-0.000899281,1708.6240000000005,0.5935251798561151
1654.75,474.0,3.939,3.854,2866.783999999985,3860.38,8693.5,0.085,-0.000899281,1632.6839999999768,0.5935251798561151
1656.74,478.7222857149318,3.936,3.849,2924.256000000052,3896.26,8796.42,0.087,-0.000899281,1635.2259999999765,0.5989208633093526
1727.87,525.0,3.952,3.518,3507.553000000305,4400.35,8347.62,0.4340000000000001,-0.000899281,1712.196,0.5926258992805755
1717.51,514.0,3.945,3.522,3464.3509999997914,4364.35,8301.95,0.423,-0.000899281,1698.2279999999998,0.5926258992805755
1674.62,438.4285714281723,3.901,3.564,3255.5190000003204,4148.32,8486.66,0.3369999999999997,-0.000899281,1656.468,0.5926258992805755
1687.36,498.0,3.94,3.535,3392.320000000298,4292.32,8914.69,0.4049999999999998,-0.000899281,1658.343999999989,0.5881294964028776
1736.67,467.0,3.894,3.555,3421.1529999990016,4328.35,8710.27,0.3389999999999999,-0.000899281,1717.101999999977,0.5926258992805755
1657.15,481.0,3.939,3.533,3314.320000000298,4184.32,8488.96,0.4060000000000001,-0.000899281,1639.639999999977,0.5980215827338129
1728.0,516.0,3.954,3.523,3536.318999999203,4400.32,8432.32,0.431,-0.000899281,1706.675999999977,0.5899280575539569
1605.5,464.0,3.925,3.868,2686.752000001259,3644.35,8690.69,0.057,-0.000899281,1583.5239999999767,0.5962230215827338
1692.0,494.0,3.935,3.539,3404.352999999188,4292.35,8432.35,0.3959999999999999,-0.000899281,1708.8,0.6160071942446044
1656.51,474.0,3.943,3.539,3290.223999999464,4184.22,8382.56,0.4039999999999999,-0.000899281,1637.197999999977,0.5926258992805755
1722.62,461.0,3.896,3.558,3392.3510000007227,4328.35,8640.48,0.3380000000000001,-0.000899281,1704.0759999999768,0.5926258992805755
1669.12,480.8571428572759,3.94,3.542,3313.121000000276,4220.32,8629.47,0.3980000000000001,-0.000899281,1642.9999999999768,0.5926258992805755
1711.11,508.0,3.957,3.523,3452.328000000678,4364.33,8187.42,0.4339999999999997,-0.000899281,1716.15,0.5971223021582734
1680.0,491.0,3.951,3.535,3380.351999999956,4256.35,8432.35,0.4159999999999999,-0.000899281,1658.399999999977,0.5926258992805755
1668.0,488.0,3.951,3.534,3380.354000000283,4256.35,8396.35,0.4170000000000002,-0.000899281,1660.7999999999768,0.591726619
1709.41,506.5714285718277,3.957,3.523,3440.391,4328.39,8212.55,0.4339999999999997,-0.000899281,1714.0,0.5962230215827338
1704.0,500.0,3.941,3.538,3413.9319999990985,4292.32,8396.32,0.403,-0.000899281,1699.2,0.6151079136690647
1721.7,459.0,3.897,3.557,3399.519999999553,4328.32,8623.9,0.3399999999999998,-0.000899281,1709.3199999999767,0.591726619
1605.15,466.0,3.929,3.564,3128.3829999994487,4004.38,8354.4,0.3649999999999997,-0.000899281,1587.5259999999766,0.5953237410071942
1654.02,474.0,3.943,3.538,3290.354000000283,4184.35,8344.23,0.4050000000000002,-0.000899281,1641.625999999977,0.5917266187050358
1685.22,496.5714285718277,3.943,3.532,3404.351999999956,4292.35,8888.0,0.411,-0.000899281,1665.7939999999885,0.5872302158273381
1716.0,525.0,3.953,3.517,3512.352999999188,4400.35,8303.17,0.4359999999999999,-0.000899281,1713.83,0.5917266187050358
1713.95,512.0,3.945,3.521,3470.3829999994487,4364.38,8221.73,0.4239999999999999,-0.000899281,1702.5080000000005,0.591726619
1673.28,438.4285714281723,3.901,3.561,3272.320000000298,4184.32,8425.76,0.3399999999999998,-0.000899281,1660.364,0.5917266187050358
1735.49,468.0,3.895,3.552,3428.3509999997914,4364.35,8691.65,0.3429999999999999,-0.000899281,1721.6779999999767,0.5917266187050358
1654.24,478.0,3.939,3.534,3314.351999999024,4184.35,8433.09,0.4050000000000002,-0.000899281,1644.041999999977,0.5971223021582733
1667.68,483.0,3.941,3.54,3326.3199999993667,4220.32,8554.85,0.4009999999999998,-0.000899281,1648.6179999999767,0.5917266187050358
1729.28,517.1428571427241,3.955,3.521,3542.3199999993667,4436.32,8360.32,0.4340000000000001,-0.000899281,1711.7379999999769,0.5890287769784173
1710.62,511.0,3.945,3.522,3464.3219999996945,4364.32,8255.39,0.423,-0.000899281,1706.372,0.5908273381294964
1722.53,524.0,3.953,3.517,3506.3219999996945,4400.32,8281.35,0.4359999999999999,-0.000899281,1717.28,0.5908273381294964
1671.62,438.4285714281723,3.902,3.561,3269.9539999999106,4148.35,8398.75,0.3410000000000002,-0.000899281,1664.8440000000005,0.5908273381294964
1680.96,494.0,3.946,3.533,3392.352999999188,4292.35,8952.19,0.4130000000000002,-0.000899281,1674.0959999999882,0.5863309352517986
1649.66,473.0,3.943,3.538,3284.3209999995306,4148.32,8308.86,0.4050000000000002,-0.000899281,1645.5979999999768,0.5908273381294964
1650.82,478.0,3.939,3.533,3302.352999999188,4184.35,8409.41,0.4060000000000001,-0.000899281,1648.4499999999766,0.5962230215827338
1719.07,459.0,3.897,3.556,3392.321000000462,4292.32,8620.8,0.3409999999999997,-0.000899281,1715.1299999999767,0.5908273381294965
1599.9,463.0,3.93,3.564,3128.318,4004.32,8269.53,0.3660000000000001,-0.000899281,1591.0659999999766,0.5944244604316546
1704.0,500.1428571427241,3.942,3.534,3446.3520000008866,4328.35,8396.35,0.4080000000000003,-0.000899281,1699.2,0.6142086330935251
1665.02,485.1428571427241,3.941,3.54,3320.318,4220.32,8528.0,0.4009999999999998,-0.000899281,1656.8099999999763,0.5908273381294964
1716.0,516.0,3.955,3.521,3536.319000000134,4400.32,8360.32,0.4340000000000001,-0.000899281,1716.5379999999768,0.5881294964028777
1668.0,488.5714285718277,3.952,3.533,3374.3509999997914,4256.35,8324.35,0.419,-0.000899281,1665.5999999999767,0.5908273381294964
1733.34,468.0,3.897,3.553,3421.1529999990016,4328.35,8697.34,0.3439999999999998,-0.000899281,1728.3399999999765,0.5908273381294964
1706.3,506.0,3.957,3.524,3434.2180000003427,4328.22,8197.09,0.4329999999999998,-0.000899281,1711.592,0.5953237410071942
1707.93,510.0,3.945,3.522,3452.351999999024,4328.35,8247.2,0.423,-0.000899281,1713.0739999999998,0.5899280575539568
1645.7,470.5714285718277,3.943,3.54,3269.950999999419,4148.35,8259.17,0.403,-0.000899281,1652.1279999999765,0.5899280575539568
1647.87,478.2857142854482,3.939,3.534,3291.520999999717,4184.32,8416.61,0.4050000000000002,-0.000899281,1653.3639999999766,0.5953237410071941
1668.0,490.0,3.946,3.534,3374.351999999956,4256.35,8878.05,0.4120000000000003,-0.000899281,1680.8199999999883,0.585431655
1693.76,502.8045,3.958,3.729,3318.375,4270.02,8380.2,0.2290000000000001,-0.000899281,1706.998,0.5944244604316546
1670.27,437.0,3.902,3.56,3262.782999999821,4148.38,8402.85,0.3420000000000001,-0.000899281,1671.686,0.5899280575539568
1595.49,460.0,3.93,3.565,3111.5509999999776,3968.35,8222.21,0.3650000000000002,-0.000899281,1594.2519999999768,0.5935251798561151
1663.3,484.0,3.942,3.539,3313.1520000007004,4220.35,8568.0,0.403,-0.000899281,1665.7979999999766,0.5899280575539568
1716.0,516.0,3.954,3.521,3530.320000000298,4400.32,8360.32,0.4330000000000003,-0.000899281,1721.0559999999768,0.5872302158273381
1668.0,488.5714285718277,3.951,3.534,3363.5519999992102,4256.35,8360.35,0.4170000000000002,-0.000899281,1670.399999999977,0.5899280575539568
1729.31,466.0,3.898,3.553,3410.351999999956,4328.35,8681.18,0.3450000000000002,-0.000899281,1733.591999999977,0.5899280575539569
1719.14,522.0,3.953,3.517,3494.3520000008866,4400.35,8253.47,0.4359999999999999,-0.000899281,1722.19,0.5899280575539569
1704.0,501.0,3.942,3.534,3452.3509999997914,4328.35,8346.82,0.4080000000000003,-0.000899281,1699.2,0.6133093525179856
1716.22,457.2857142854482,3.898,3.557,3385.120000000112,4292.32,8608.48,0.3410000000000002,-0.000899281,1719.8719999999769,0.5899280575539568
1642.62,472.0,3.943,3.539,3260.320000000298,4148.32,8254.3,0.4039999999999999,-0.000899281,1649.7019999999768,0.5890287769784173
1672.26,488.0,3.945,3.534,3356.3209999995306,4256.32,8794.88,0.411,-0.000899281,1678.7599999999882,0.5845323741007195
1668.0,488.5714285718277,3.952,3.534,3356.3509999997914,4220.35,8396.35,0.4180000000000001,-0.000899281,1670.399999999977,0.5890287769784173
1704.67,510.0,3.945,3.523,3440.3199999993667,4328.32,8221.57,0.4219999999999997,-0.000899281,1710.936,0.5890287769784173
1716.0,514.0,3.955,3.521,3524.3520000008866,4400.35,8324.35,0.4340000000000001,-0.000899281,1721.0559999999768,0.5863309352517986
1704.0,501.0,3.942,3.533,3442.7200000006706,4328.32,8396.32,0.4090000000000002,-0.000899281,1701.6,0.612410072
1725.02,508.0,3.949,3.829,3154.848000000231,4148.45,8557.54,0.1199999999999996,-0.000899281,1709.12,0.5935251798561151
1726.4,463.0,3.897,3.554,3392.3870000001043,4328.39,8670.59,0.3429999999999999,-0.000899281,1732.2419999999763,0.5890287769784173
1659.71,481.0,3.942,3.539,3302.2579999994487,4184.26,8552.32,0.403,-0.000899281,1664.9659999999767,0.5890287769784173
1644.54,477.0,3.939,3.534,3284.321000000462,4148.32,8381.79,0.4050000000000002,-0.000899281,1650.9239999999768,0.5944244604316546
1712.26,458.965,3.899,3.557,3370.752000000328,4292.35,8565.86,0.3420000000000001,-0.000899281,1718.3739999999766,0.5890287769784173
1666.91,438.4285714281723,3.902,3.561,3255.519999999553,4148.32,8358.11,0.3410000000000002,-0.000899281,1671.3399999999997,0.5890287769784173
1592.03,461.1428571427241,3.93,3.567,3098.351,3968.35,8186.79,0.363,-0.000899281,1599.6139999999768,0.5926258992805755
1715.49,521.0,3.953,3.518,3485.9519999995828,4364.35,8238.88,0.435,-0.000899281,1720.206,0.5890287769784173
1709.18,456.0,3.898,3.557,3362.346999999136,4292.35,8612.13,0.3410000000000002,-0.000899281,1715.6859999999767,0.5881294964028777
1664.83,438.4285714281723,3.902,3.562,3248.223,4148.22,8399.78,0.3400000000000003,-0.000899281,1669.382,0.5881294964028777
1704.0,498.8571428572759,3.942,3.532,3440.351999999956,4328.35,8396.35,0.4100000000000001,-0.000899281,1704.0,0.6115107913669064
1716.0,513.9840000001714,3.955,3.521,3512.321000000462,4400.32,8360.32,0.4340000000000001,-0.000899281,1718.6559999999768,0.585431655
1641.48,474.0,3.94,3.535,3272.383,4148.38,8417.73,0.4049999999999998,-0.000899281,1647.7899999999768,0.5935251798561151
1712.38,520.0,3.953,3.518,3471.5509999999776,4364.35,8237.57,0.435,-0.000899281,1717.1080000000002,0.5881294964028777
1588.12,459.0,3.93,3.567,3086.3509999997914,3932.35,8176.58,0.363,-0.000899281,1596.1379999999767,0.5917266187050358
1700.22,508.0,3.945,3.524,3428.354999999516,4328.35,8171.97,0.4209999999999998,-0.000899281,1707.4779999999998,0.5881294964028776
1722.27,462.0,3.897,3.554,3385.0540000014007,4292.25,8660.48,0.3429999999999999,-0.000899281,1729.361999999977,0.5881294964028777
1655.3,480.0,3.943,3.54,3290.3199999993667,4184.32,8532.83,0.403,-0.000899281,1662.2019999999768,0.5881294964028777
1727.49,512.0,3.953,3.527,3506.384000000544,4400.38,8314.59,0.4259999999999997,-0.000899281,1712.396,0.5926258992805755
1667.68,487.0,3.944,3.535,3344.3789999997243,4220.38,8732.54,0.4089999999999998,-0.000899281,1674.8239999999885,0.5836330935251799
1639.58,469.2857142854482,3.943,3.539,3248.2889999998733,4112.29,8284.04,0.4039999999999999,-0.000899281,1646.3159999999766,0.5881294964028777
1656.0,487.0,3.952,3.534,3344.223,4220.22,8288.23,0.4180000000000001,-0.000899281,1665.5999999999767,0.5881294964028776
1638.59,472.7142857145518,3.94,3.536,3260.3199999993667,4148.32,8353.69,0.4039999999999999,-0.000899281,1644.659999999977,0.5926258992805755
1697.06,506.0,3.945,3.524,3413.950999999419,4292.35,8195.01,0.4209999999999998,-0.000899281,1704.1,0.5872302158273381
1716.0,515.0,3.955,3.523,3500.3520000008866,4400.35,8360.35,0.4319999999999999,-0.000899281,1716.0,0.5845323741007193
1661.47,436.0,3.902,3.561,3236.3520000008866,4148.35,8388.77,0.3410000000000002,-0.000899281,1667.02,0.5872302158273381
1704.0,500.0,3.942,3.532,3434.3509999997914,4328.35,8396.35,0.4100000000000001,-0.000899281,1704.0,0.6106115107913668
1651.65,476.0,3.944,3.542,3272.359,4184.36,8596.77,0.4020000000000001,-0.000899281,1658.995999999977,0.5872302158273381
1705.56,453.0,3.899,3.559,3349.150999998674,4256.35,8574.41,0.3399999999999998,-0.000899281,1712.457999999977,0.5872302158273381
1584.25,456.8571428572759,3.93,3.568,3074.3199999993667,3932.32,8163.96,0.3620000000000001,-0.000899281,1591.957999999977,0.5908273381294964
1725.63,510.0,3.954,3.526,3512.354000000283,4400.35,8290.72,0.4280000000000004,-0.000899281,1715.64,0.5917266187050358
1656.0,484.0,3.952,3.535,3334.6259999992326,4220.23,8360.23,0.4169999999999998,-0.000899281,1663.1999999999766,0.5872302158273381
1663.9,486.0,3.943,3.536,3326.321000000462,4220.32,8750.88,0.407,-0.000899281,1670.559999999988,0.5827338129496403
1709.19,519.0,3.952,3.519,3458.2259999997914,4364.23,8247.07,0.4329999999999998,-0.000899281,1715.746,0.5872302158273381
1635.55,468.0,3.943,3.54,3230.3520000008866,4112.35,8252.35,0.403,-0.000899281,1642.6219999999769,0.5872302158273381
1718.95,461.0,3.896,3.555,3370.752000001259,4292.35,8660.42,0.3409999999999997,-0.000899281,1726.053999999977,0.5872302158273381
1658.98,436.0,3.903,3.562,3226.657999999821,4112.26,8389.76,0.3410000000000002,-0.000899281,1664.4919999999995,0.5863309352517986
1656.0,483.0,3.952,3.534,3326.320000000298,4220.32,8324.32,0.4180000000000001,-0.000899281,1660.7999999999768,0.5863309352517986
1714.85,460.2857142854482,3.896,3.554,3356.3520000008866,4292.35,8613.79,0.3420000000000001,-0.000899281,1722.3559999999766,0.5863309352517986
1632.48,466.7142857145518,3.942,3.542,3219.5520000001416,4112.35,8254.37,0.4000000000000003,-0.000899281,1639.1859999999767,0.5863309352517986
1704.0,512.0,3.955,3.524,3488.321000000462,4364.32,8324.32,0.431,-0.000899281,1713.5999999999767,0.5836330935251799
1723.36,510.0,3.954,3.526,3506.319000001065,4400.32,8268.35,0.4280000000000004,-0.000899281,1719.052,0.5908273381294964
1634.72,471.4507142864168,3.939,3.536,3248.320000000298,4112.32,8364.8,0.403,-0.000899281,1641.4399999999769,0.591726619
1647.37,474.0,3.944,3.542,3260.3199999993667,4148.32,8596.09,0.4020000000000001,-0.000899281,1655.4659999999767,0.5863309352517986
1693.28,507.0,3.944,3.523,3404.351999999024,4292.35,8149.89,0.4209999999999998,-0.000899281,1700.632,0.5863309352517986
1659.68,482.5714285718277,3.942,3.537,3313.120000000112,4184.32,8732.64,0.4050000000000002,-0.000899281,1666.3039999999885,0.5818345323741008
1706.34,518.0,3.952,3.519,3446.320000000298,4328.32,8224.93,0.4329999999999998,-0.000899281,1712.5079999999998,0.5863309352517986
1692.0,500.0,3.942,3.533,3428.3120000008494,4328.31,8396.31,0.4090000000000002,-0.000899281,1701.6,0.6097122302158273
1582.43,458.0,3.93,3.569,3056.3509999997914,3932.35,8154.15,0.3610000000000002,-0.000899281,1588.4639999999767,0.5899280575539568
1700.9,452.0,3.899,3.56,3334.7509999992326,4256.35,8535.97,0.3389999999999999,-0.000899281,1708.8239999999769,0.5863309352517986
1719.68,508.7142857145518,3.953,3.526,3500.356,4400.36,8225.7,0.427,-0.000899281,1724.236,0.5899280575539568
1632.29,471.4285714281723,3.94,3.537,3236.351999999024,4112.35,8332.35,0.403,-0.000899281,1638.3239999999764,0.5908273381294964
1645.28,471.8571428572759,3.944,3.543,3242.320000000298,4148.32,8522.78,0.4009999999999998,-0.000899281,1651.861999999977,0.585431655
1704.26,518.0,3.952,3.519,3440.351999999956,4328.35,8229.82,0.4329999999999998,-0.000899281,1709.532,0.585431655
1578.11,456.9741666661576,3.929,3.569,3046.751000000164,3896.35,8150.82,0.3599999999999999,-0.000899281,1584.9879999999769,0.5890287769784173
1630.5,467.0,3.942,3.541,3206.3199999993667,4076.32,8241.47,0.4010000000000002,-0.000899281,1636.1459999999763,0.585431655
1711.91,459.0,3.895,3.555,3341.9519999986514,4256.35,8594.43,0.3399999999999998,-0.000899281,1718.875999999977,0.585431655
1656.67,481.2857142854482,3.942,3.537,3296.351999999024,4184.35,8674.88,0.4050000000000002,-0.000899281,1664.0379999999884,0.5809352517985611
1692.0,500.0,3.942,3.532,3421.120000000112,4292.35,8396.32,0.4100000000000001,-0.000899281,1699.2,0.6088129496402878
1704.0,512.0,3.955,3.524,3476.4759999997914,4364.48,8324.48,0.431,-0.000899281,1711.1999999999766,0.5827338129496404
1698.98,453.4285714281723,3.899,3.559,3320.3509999997914,4220.35,8541.82,0.3399999999999998,-0.000899281,1705.375999999977,0.585431655
1691.55,504.0,3.944,3.524,3392.320000000298,4292.32,8141.53,0.4199999999999999,-0.000899281,1697.3560000000002,0.585431655
1656.0,483.0,3.952,3.535,3314.321000000462,4184.32,8324.32,0.4169999999999998,-0.000899281,1658.399999999977,0.585431655
1657.38,435.4285714281723,3.902,3.562,3212.351999999024,4112.35,8370.37,0.3400000000000003,-0.000899281,1661.914,0.585431655
1628.0,465.4285714281723,3.942,3.541,3205.150999999605,4076.35,8242.34,0.4010000000000002,-0.000899281,1633.2219999999768,0.5845323741007193
1629.6,469.0,3.94,3.536,3226.688000000082,4114.69,8379.84,0.4039999999999999,-0.000899281,1635.3359999999768,0.5899280575539568
1689.02,504.0,3.944,3.524,3386.351,4256.35,8151.33,0.4199999999999999,-0.000899281,1694.226,0.5845323741007195
1709.34,457.7142857145518,3.896,3.556,3334.752000001259,4256.35,8595.87,0.3399999999999998,-0.000899281,1715.4639999999767,0.5845323741007193
1692.0,497.0,3.942,3.533,3410.320000000298,4292.32,8396.32,0.4090000000000002,-0.000899281,1696.8,0.6079136690647482
1701.19,516.0,3.952,3.52,3434.383000001312,4328.38,8183.01,0.4319999999999999,-0.000899281,1706.672,0.5845323741007193
1576.1,454.2857142854482,3.93,3.569,3032.321000000462,3896.32,8137.12,0.3610000000000002,-0.000899281,1581.8019999999765,0.5881294964028777
1704.0,509.0,3.956,3.525,3470.351999999024,4364.35,8324.35,0.431,-0.000899281,1708.7999999999768,0.5818345323741008
1653.56,480.0,3.942,3.539,3290.320000000298,4184.32,8660.38,0.403,-0.000899281,1660.2979999999884,0.5800359712230215
1656.0,481.7142857145518,3.952,3.535,3308.3199999993667,4184.32,8360.32,0.4169999999999998,-0.000899281,1656.0,0.5845323741007195
1655.52,435.4285714281723,3.903,3.563,3212.320000000298,4112.32,8406.41,0.3399999999999998,-0.000899281,1659.636,0.5845323741007193
1717.18,509.0,3.954,3.526,3488.3209999995306,4364.32,8230.5,0.4280000000000004,-0.000899281,1722.668,0.5890287769784173
1641.47,470.5714285718277,3.944,3.543,3236.3829999994487,4148.38,8530.66,0.4009999999999998,-0.000899281,1648.2139999999767,0.5845323741007193
1695.55,452.1428571427241,3.898,3.561,3313.1829999992624,4220.38,8529.34,0.3370000000000002,-0.000899281,1702.033999999977,0.5845323741007195
1649.38,477.4285714281723,3.941,3.538,3284.3509999997914,4184.35,8598.5,0.403,-0.000899281,1656.6379999999886,0.5791366906474821
1699.97,516.0,3.952,3.52,3428.321000000462,4328.32,8206.95,0.4319999999999999,-0.000899281,1704.1899999999998,0.5836330935251799
1706.43,456.4285714281723,3.895,3.556,3327.519999999553,4256.32,8542.59,0.3389999999999999,-0.000899281,1712.2959999999766,0.5836330935251799
1692.0,496.0,3.943,3.533,3399.489,4292.29,8396.29,0.4100000000000001,-0.000899281,1694.4,0.6070143884892086
1704.0,508.0,3.956,3.524,3458.3525000000373,4328.32,8288.32,0.4319999999999999,-0.000899281,1706.399999999977,0.5809352517985611
1573.12,456.0,3.93,3.57,3026.320000000298,3896.32,8170.46,0.3600000000000003,-0.000899281,1578.8019999999765,0.5872302158273381
1644.0,481.7142857145518,3.952,3.535,3296.391,4184.39,8360.39,0.4169999999999998,-0.000899281,1653.5999999999767,0.5836330935251799
1686.91,502.7142857145518,3.944,3.525,3377.919999999925,4256.32,8137.89,0.419,-0.000899281,1691.564,0.5836330935251799
1620.0,469.1428571427241,3.94,3.537,3212.3520000008866,4076.35,8354.14,0.403,-0.000899281,1631.0399999999768,0.5890287769784173
1653.44,434.0,3.903,3.563,3205.120000000112,4112.32,8404.51,0.3399999999999998,-0.000899281,1657.3580000000002,0.5836330935251799
1713.63,507.4285714281723,3.954,3.526,3478.7519999993965,4364.35,8211.36,0.4280000000000004,-0.000899281,1719.896,0.5881294964028777
1626.27,464.79999999981374,3.942,3.541,3194.374499999918,4076.36,8244.71,0.4010000000000002,-0.000899281,1630.5599999999768,0.5836330935251799
1692.84,450.0,3.898,3.561,3305.9509999984875,4220.35,8501.34,0.3370000000000002,-0.000899281,1698.7659999999769,0.583633094
1638.49,469.2857142854482,3.943,3.543,3224.351,4112.35,8535.62,0.3999999999999999,-0.000899281,1644.851999999977,0.5836330935251799
1684.54,501.4285714281723,3.944,3.525,3368.3520000008866,4256.35,8154.02,0.419,-0.000899281,1689.06,0.5827338129496403
1624.84,468.0,3.939,3.538,3206.3520000008866,4076.35,8351.97,0.4010000000000002,-0.000899281,1628.2899999999768,0.5881294964028776
1635.22,468.0,3.942,3.544,3212.351999999956,4112.35,8515.74,0.3980000000000001,-0.000899281,1641.5659999999766,0.5827338129496403
1623.84,465.0,3.942,3.541,3188.3209999995306,4076.32,8243.46,0.4010000000000002,-0.000899281,1628.2179999999769,0.5827338129496403
1644.01,479.0,3.952,3.536,3284.2889999998733,4184.29,8324.29,0.4159999999999999,-0.000899281,1651.2019999999768,0.5827338129496403
1690.5,447.8571428572759,3.897,3.561,3291.5589999994263,4220.36,8498.12,0.3359999999999998,-0.000899281,1695.7539999999767,0.5827338129496403
1651.03,433.02857142779976,3.904,3.563,3197.952000000514,4076.35,8388.93,0.3409999999999997,-0.000899281,1655.27,0.5827338129496403
1710.5,505.0,3.953,3.527,3464.320000000298,4364.32,8225.12,0.4259999999999997,-0.000899281,1716.87,0.5872302158273381
1571.2,453.5999999996274,3.931,3.57,3014.3509999997914,3860.35,8172.16,0.3610000000000002,-0.000899281,1576.1919999999766,0.5863309352517986
1646.78,476.0,3.94,3.539,3277.120000000112,4184.32,8624.67,0.4009999999999998,-0.000899281,1653.2139999999883,0.5782374100719424
1704.0,508.0,3.956,3.523,3452.3520000008866,4328.35,8324.35,0.4329999999999998,-0.000899281,1704.0,0.5800359712230216
1692.0,496.0,3.942,3.534,3392.328000000678,4292.33,8396.33,0.4080000000000003,-0.000899281,1692.0,0.6061151079136691
1703.78,457.0,3.895,3.557,3320.351999999956,4256.35,8585.32,0.3380000000000001,-0.000899281,1709.2619999999763,0.5827338129496404
1697.47,517.0,3.951,3.52,3416.320000000298,4292.32,8222.66,0.431,-0.000899281,1701.846,0.5827338129496404
1643.67,474.0,3.94,3.539,3269.943,4148.34,8664.7,0.4009999999999998,-0.000899281,1650.0119999999883,0.5773381294964028
1681.31,500.0,3.944,3.525,3362.3520000008866,4256.35,8125.88,0.419,-0.000899281,1686.666,0.5818345323741008
1687.61,449.57917857170105,3.897,3.561,3284.3120000008494,4184.31,8500.64,0.3359999999999998,-0.000899281,1693.0959999999766,0.5818345323741008
1621.77,467.01175,3.939,3.537,3194.343999999576,4076.34,8310.14,0.4020000000000001,-0.000899281,1625.6999999999766,0.5872302158273381
1707.13,504.0,3.953,3.528,3457.121000000276,4328.32,8192.87,0.4249999999999998,-0.000899281,1713.6239999999998,0.5863309352517986
1648.88,432.4285714281723,3.904,3.563,3188.343999999576,4076.34,8405.28,0.3409999999999997,-0.000899281,1653.25,0.5818345323741008
1621.47,462.8571428572759,3.941,3.543,3182.445000000298,4076.48,8243.59,0.3979999999999997,-0.000899281,1626.0159999999769,0.5818345323741008
1644.0,480.4285714281723,3.952,3.536,3278.375,4148.38,8324.38,0.4159999999999999,-0.000899281,1648.8019999999767,0.5818345323741008
1633.81,469.7142857145518,3.942,3.544,3200.313000000082,4112.31,8501.44,0.3980000000000001,-0.000899281,1638.8539999999768,0.5818345323741008
1695.49,514.2857142854482,3.951,3.519,3410.3509999997914,4292.35,8215.43,0.4319999999999999,-0.000899281,1699.676,0.5818345323741008
1568.9,453.0,3.931,3.57,3008.3520000008866,3860.35,8148.58,0.3610000000000002,-0.000899281,1573.485999999977,0.585431655
1700.75,456.0,3.894,3.557,3308.359000000172,4220.36,8553.8,0.3370000000000002,-0.000899281,1706.4419999999766,0.5818345323741008
1692.0,505.0,3.956,3.523,3442.743999999948,4328.34,8288.34,0.4329999999999998,-0.000899281,1701.5999999999767,0.579136691
1644.0,477.4285714281723,3.952,3.537,3266.311999999918,4148.31,8324.31,0.415,-0.000899281,1646.4019999999769,0.5809352517985611
1705.92,503.9845000002533,3.953,3.528,3442.751000000164,4328.35,8207.45,0.4249999999999998,-0.000899281,1710.872,0.585431655
1741.25,476.5714285718277,3.897,3.563,3277.1899999994785,4184.39,8513.53,0.3339999999999996,-0.000899281,1701.5499999999768,0.5809352517985611
1713.19,534.4285714281723,3.942,3.544,3194.313,4076.31,8496.28,0.3980000000000001,-0.000899281,1652.4359999999767,0.5809352517985612
1709.16,525.7142857145518,3.939,3.541,3260.343999999576,4148.34,8588.0,0.3980000000000001,-0.000899281,1660.5099999999882,0.5764388489208633
1692.0,505.0,3.956,3.525,3434.328000000678,4328.33,8288.33,0.431,-0.000899281,1699.1999999999766,0.5782374100719424
1620.26,467.5714285718277,3.939,3.537,3188.343999999576,4076.34,8328.89,0.4020000000000001,-0.000899281,1623.293999999977,0.5863309352517986
1656.0,486.4285714281723,3.913,4.3,5480.351999998093,5.98,1124.35,-0.387,-0.001798561,1684.8,0.6050359712230217
1694.11,516.0,3.951,3.521,3404.391,4292.39,8202.53,0.4300000000000001,-0.000899281,1697.646,0.5809352517985611
1768.24,498.0,3.895,3.557,3298.758999999613,4220.36,8573.95,0.3380000000000001,-0.000899281,1717.707999999977,0.5809352517985611
1679.69,500.1428571427241,3.944,3.526,3350.391,4256.39,8137.0,0.4180000000000001,-0.000899281,1684.2940000000003,0.5809352517985611
1566.17,450.0,3.931,3.571,3002.3520000008866,3860.34,8175.91,0.3599999999999999,-0.000899281,1571.0979999999768,0.5845323741007193
1620.52,464.0,3.941,3.542,3170.360000000336,4040.36,8252.36,0.399,-0.000899281,1624.0199999999766,0.5809352517985612
1647.58,432.4285714281723,3.904,3.564,3182.359,4076.36,8379.97,0.3399999999999998,-0.000899281,1651.2900000000002,0.5809352517985612
1668.0,486.0,3.936,3.546,3248.3520000008866,4112.35,8180.35,0.3900000000000001,-0.000899281,1680.0,0.6039568345323741
1752.0,558.0,3.95,3.526,3442.883999999613,4328.48,8216.48,0.4240000000000004,-0.000899281,1708.7999999999768,0.5773381294964028
1762.05,494.0,3.894,3.531,3514.791000000201,4436.39,8702.05,0.363,-0.000899281,1728.2499999999768,0.5800359712230216
1690.78,519.0,3.938,3.537,3200.359,4076.36,8260.39,0.4010000000000002,-0.000899281,1635.5299999999766,0.585431655
1703.94,502.8571428572759,3.953,3.529,3440.351999999024,4328.35,8193.48,0.4239999999999999,-0.000899281,1708.2240000000002,0.5845323741007193
1732.06,473.1428571427241,3.894,3.542,3442.7280000010505,4364.33,8652.27,0.3520000000000003,-0.000899281,1708.851999999977,0.5800359712230215
1701.98,521.0,3.935,3.509,3422.359000000172,4328.36,8766.88,0.4260000000000001,-0.000899281,1664.5379999999768,0.5800359712230216
1740.0,550.0,3.953,3.536,3284.2820000005886,4184.28,8252.28,0.4169999999999998,-0.000899281,1663.2019999999768,0.5800359712230215
1747.8,490.0,3.906,3.565,3200.313000000082,4112.31,8302.3,0.3410000000000002,-0.000899281,1669.746,0.5800359712230216
1690.22,518.1428571427241,3.938,3.542,3169.144000001252,4076.34,8160.03,0.3960000000000003,-0.000899281,1636.4639999999767,0.5800359712230216
1698.39,520.0,3.935,3.512,3457.160000000149,4364.36,8790.08,0.423,-0.000899281,1669.4759999999883,0.5755395683453237
1564.28,452.0,3.93,3.571,2989.1909999996424,3860.39,8158.38,0.359,-0.000899281,1568.7339999999767,0.5836330935251799
1730.59,549.0239999992773,3.951,3.52,3406.713000001386,4292.31,8144.49,0.431,-0.000899281,1703.5259999999998,0.5800359712230216
1728.48,542.0,3.945,3.526,3349.190999998711,4256.39,8118.44,0.419,-0.000899281,1692.186,0.5800359712230215
1723.0,544.0,3.948,3.501,3500.343999999576,4400.34,8282.55,0.447,-0.000899281,1708.132,0.579136691
1695.58,518.0,3.932,3.513,3385.158999999054,4292.36,8792.73,0.419,-0.000899281,1675.9559999999765,0.579136691
1682.3,515.0,3.934,3.51,3356.3909999998286,4256.39,8472.77,0.4240000000000004,-0.000899281,1647.6699999999769,0.579136691
1720.55,539.2000000001863,3.942,3.501,3500.3429999994114,4400.34,8300.64,0.4410000000000003,-0.000899281,1698.914,0.5791366906474821
1701.44,503.0,3.953,3.528,3434.2890000008047,4328.29,8182.88,0.4249999999999998,-0.000899281,1705.786,0.5836330935251799
1666.31,435.8571428572759,3.891,3.545,3406.743999999948,4328.34,8627.94,0.3460000000000001,-0.000899281,1703.5459999999766,0.5791366906474821
1679.53,511.2857142854482,3.935,3.507,3386.360000000336,4256.36,8588.55,0.4279999999999999,-0.000899281,1647.4359999999767,0.5845323741007195
1668.0,487.2857142854482,3.938,3.538,3314.223,4184.22,8288.22,0.4000000000000003,-0.000899281,1675.2,0.6028776978417266
1740.0,551.2000000001863,3.948,3.496,3584.328000000678,4472.33,8504.33,0.4519999999999999,-0.000899281,1715.9999999999768,0.5764388489208633
1682.98,448.0,3.888,3.532,3485.928000000305,4400.33,8716.2,0.3559999999999998,-0.000899281,1723.5599999999763,0.579136691
1692.89,516.0,3.933,3.517,3421.1279999995604,4328.33,8814.88,0.4159999999999999,-0.000899281,1678.1779999999883,0.5746402877697842
1739.72,485.5714285718277,3.903,3.524,3471.5750000001863,4364.38,8688.7,0.379,-0.000899281,1687.002,0.579136691
1629.76,491.0,3.929,3.571,2984.343999999576,3860.34,8130.69,0.3579999999999996,-0.000899281,1580.0619999999767,0.5827338129496403
1728.0,546.0,3.951,3.494,3548.327999998816,4436.33,8648.33,0.4569999999999998,-0.000899281,1680.0019999999768,0.5791366906474821
1690.11,452.0,3.891,3.561,3241.158999999054,4148.36,8523.11,0.33,-0.000899281,1720.8259999999766,0.5782374100719424
1632.0,472.7142857145518,3.948,3.498,3478.7280000010505,4364.33,8720.33,0.4499999999999997,-0.000899281,1677.5999999999767,0.5782374100719424
1618.45,420.0,3.898,3.527,3442.760000000708,4364.36,8685.89,0.371,-0.000899281,1680.486,0.5782374100719424
1668.0,487.0,3.938,3.537,3320.3199999993667,4220.32,8324.32,0.4010000000000002,-0.000899281,1670.4,0.6017985611510792
1675.12,444.0,3.894,3.568,3205.128000000492,4112.33,8432.33,0.326,-0.000899281,1700.4699999999764,0.5782374100719425
1677.38,510.0,3.933,3.514,3332.3120000008494,4220.31,8502.11,0.419,-0.000899281,1658.3779999999765,0.5782374100719424
1606.91,459.8571428572759,3.936,3.511,3326.359,4220.36,8634.34,0.4249999999999998,-0.000899281,1643.8499999999767,0.5836330935251799
1668.0,489.0,3.947,3.498,3566.3899999996647,4472.39,8468.39,0.4489999999999998,-0.000899281,1708.7999999999768,0.5755395683453237
1716.64,542.0,3.946,3.504,3476.2809999994934,4364.28,8278.97,0.4420000000000001,-0.000899281,1711.966,0.5782374100719424
1699.14,500.5714285718277,3.953,3.529,3422.321000000462,4328.32,8159.24,0.4239999999999999,-0.000899281,1703.514,0.5827338129496403
1619.42,487.0,3.926,3.547,3176.3120000008494,4040.31,8338.36,0.379,-0.000899281,1589.705999999977,0.5818345323741008
1601.7,454.7142857145518,3.934,3.516,3362.313,4256.34,8798.75,0.4180000000000001,-0.000899281,1669.2519999999768,0.5782374100719424
1713.02,534.0,3.94,3.504,3470.4529999997467,4364.45,8264.74,0.4359999999999999,-0.000899281,1704.61,0.5782374100719424
1622.88,466.7142857145518,3.933,3.518,3370.713000001386,4256.31,8908.55,0.415,-0.000899281,1673.3979999999888,0.5737410071942446
1668.0,490.0,3.939,3.538,3320.3509999997914,4220.35,8324.35,0.4010000000000002,-0.000899281,1665.6,0.6007194244604317
1676.55,507.40642857179046,3.946,3.506,3428.328000000678,4328.33,8354.59,0.4400000000000004,-0.000899281,1708.178,0.5773381294964028
1627.03,466.0,3.934,3.545,3194.3430000003427,4076.34,8630.91,0.3890000000000002,-0.000899281,1670.0699999999883,0.572841727
1680.0,494.0,3.953,3.533,3338.360000000336,4220.36,8288.36,0.4199999999999999,-0.000899281,1706.399999999977,0.5746402877697842
1660.86,489.9946666667238,3.938,3.508,3410.3899999996647,4328.39,8384.06,0.4300000000000001,-0.000899281,1700.52,0.5773381294964028
1608.06,456.8571428572759,3.937,3.553,3086.3279999997467,4004.33,8423.36,0.3839999999999999,-0.000899281,1664.101999999977,0.5773381294964028
1689.81,450.0,3.892,3.56,3262.759000000544,4184.36,8537.44,0.3319999999999998,-0.000899281,1718.6379999999767,0.5773381294964028
1632.0,472.2857142854482,3.95,3.539,3219.5120000001043,4112.31,8324.31,0.411,-0.000899281,1675.1999999999766,0.5773381294964028
1602.5,457.0,3.937,3.515,3296.375,4184.38,8528.99,0.4219999999999997,-0.000899281,1654.5839999999766,0.5773381294964028
1674.75,446.1428571427241,3.895,3.565,3233.943,4148.34,8442.66,0.33,-0.000899281,1697.8979999999767,0.5773381294964028
1607.36,459.4285714281723,3.937,3.541,3134.344000000506,4004.34,8304.92,0.3959999999999999,-0.000899281,1640.9679999999769,0.5827338129496403
1627.66,423.4285714281723,3.9,3.571,3074.311999999918,3968.31,8339.3,0.3289999999999997,-0.000899281,1676.2420000000002,0.5773381294964028
1697.25,502.0,3.952,3.53,3416.3520000008866,4292.35,8180.1,0.4220000000000001,-0.000899281,1701.538,0.5818345323741008
1543.0,446.0,3.923,3.549,3134.359,4004.36,8364.48,0.3740000000000001,-0.000899281,1584.5259999999766,0.5809352517985612
1680.0,494.0,3.954,3.529,3374.3289999999106,4256.33,8288.33,0.4250000000000002,-0.000899281,1703.9999999999768,0.5737410071942446
1659.72,489.0,3.94,3.531,3278.359,4184.36,8094.75,0.4089999999999998,-0.000899281,1696.5259999999998,0.5764388489208633
1605.81,458.0,3.938,3.54,3134.3590000011027,4004.36,8291.81,0.3980000000000001,-0.000899281,1638.0779999999766,0.5818345323741008
1672.95,444.0,3.893,3.564,3233.943,4148.34,8449.75,0.3289999999999997,-0.000899281,1684.2379999999769,0.5764388489208633
1668.0,487.2857142854482,3.939,3.537,3320.351999999956,4220.35,8324.35,0.4020000000000001,-0.000899281,1668.0,0.599820144
1677.72,507.0,3.948,3.524,3334.759000001475,4220.36,8201.5,0.4239999999999999,-0.000899281,1704.9,0.5764388489208633
1630.5,470.5714285718277,3.934,3.543,3206.343999999576,4076.34,8576.34,0.391,-0.000899281,1654.3379999999884,0.5719424460431656
1628.41,425.0,3.901,3.569,3104.359,4004.36,8353.8,0.3319999999999998,-0.000899281,1672.408,0.5764388489208632
1550.56,447.0,3.927,3.577,2912.313,3788.31,8114.48,0.3500000000000001,-0.000899281,1581.4039999999768,0.5800359712230216
1695.97,499.2857142854482,3.952,3.529,3410.360000000336,4292.36,8181.86,0.423,-0.000899281,1699.548,0.5809352517985612
1632.0,472.0,3.95,3.538,3224.2970000002533,4112.3,8288.3,0.4120000000000003,-0.000899281,1672.7999999999768,0.5764388489208633
1603.81,455.0,3.938,3.547,3104.3279999997467,4004.33,8222.44,0.391,-0.000899281,1651.241999999977,0.5764388489208632
1687.25,451.7142857145518,3.892,3.559,3262.7130000004545,4184.31,8557.47,0.3329999999999997,-0.000899281,1702.4399999999769,0.5764388489208633
1607.22,456.0,3.938,3.55,3110.3429999994114,4004.34,8407.7,0.3880000000000003,-0.000899281,1642.9079999999765,0.5764388489208632
1767.97,563.0,3.954,3.529,3413.9589999988675,4328.36,8086.31,0.4250000000000002,-0.000899281,1712.354,0.5800359712230216
1549.98,447.0,3.928,3.573,2936.359,3788.36,8125.56,0.355,-0.000899281,1578.543999999977,0.579136691
1629.5,424.7814000006765,3.902,3.568,3104.3430000003427,4004.34,8335.12,0.3340000000000001,-0.000899281,1648.748,0.5755395683453237
1603.3,460.0,3.937,3.541,3128.343999999576,4004.34,8285.72,0.3959999999999999,-0.000899281,1620.5819999999767,0.5809352517985611
1632.0,474.0,3.95,3.538,3218.360000000336,4112.36,8324.36,0.4120000000000003,-0.000899281,1651.1999999999766,0.5755395683453237
1678.69,508.2857142854482,3.948,3.523,3338.3429999994114,4220.34,8179.58,0.4249999999999998,-0.000899281,1694.52,0.5755395683453237
1680.0,495.8571428572759,3.955,3.528,3370.742999999784,4256.34,8288.34,0.427,-0.000899281,1689.5999999999767,0.5728417266187049
1660.38,492.0,3.941,3.531,3277.1899999994785,4184.39,8088.06,0.4099999999999997,-0.000899281,1682.9060000000002,0.5755395683453237
1627.95,468.5714285718277,3.934,3.542,3218.3899999996647,4112.39,8627.78,0.3920000000000003,-0.000899281,1640.2499999999884,0.5710431654676259
1668.0,487.2857142854482,3.939,3.537,3314.321000000462,4184.32,8324.32,0.4020000000000001,-0.000899281,1668.0,0.5989208633093525
1606.2,459.0,3.939,3.546,3110.3899999996647,4004.39,8234.72,0.3930000000000002,-0.000899281,1634.437999999977,0.5755395683453237
1684.52,448.7142857145518,3.892,3.56,3255.527999999933,4184.33,8545.89,0.3319999999999998,-0.000899281,1686.9339999999768,0.5755395683453237
1607.33,457.1428571427241,3.938,3.551,3110.3130000010133,4004.31,8415.2,0.387,-0.000899281,1623.9779999999766,0.5755395683453237
1671.55,443.0,3.893,3.565,3230.311999999918,4148.31,8423.88,0.3279999999999998,-0.000899281,1672.1359999999768,0.5755395683453237
1656.83,489.1428571427241,3.941,3.531,3278.313,4184.31,8101.11,0.4099999999999997,-0.000899281,1670.1619999999998,0.5746402877697842
1656.0,486.0,3.938,3.537,3305.947999998927,4184.35,8360.35,0.4010000000000002,-0.000899281,1665.6,0.598021583
1674.88,505.7142857145518,3.948,3.523,3341.9599999999627,4220.36,8214.66,0.4249999999999998,-0.000899281,1684.896,0.5746402877697842
1603.48,455.0,3.937,3.552,3104.359,4004.36,8416.61,0.3849999999999998,-0.000899281,1605.5579999999768,0.5746402877697842
1681.53,447.4285714281723,3.892,3.56,3248.3120000008494,4184.31,8523.26,0.3319999999999998,-0.000899281,1686.643999999977,0.5746402877697842
1600.44,454.9714285722002,3.938,3.545,3116.311999999918,4004.31,8243.06,0.3930000000000002,-0.000899281,1618.0659999999766,0.5746402877697842
1600.47,458.1428571427241,3.937,3.541,3122.3590000011027,4004.36,8264.55,0.3959999999999999,-0.000899281,1604.7699999999766,0.5800359712230215
1625.31,423.4285714281723,3.901,3.568,3111.5429999995977,4004.34,8354.11,0.3329999999999997,-0.000899281,1625.866,0.5746402877697842
1546.08,445.7142857145518,3.927,3.573,2936.360000000336,3788.36,8123.24,0.3540000000000001,-0.000899281,1561.8079999999768,0.5782374100719424
1670.19,443.5714285718277,3.893,3.565,3226.758999999613,4148.36,8449.19,0.3279999999999998,-0.000899281,1672.9119999999766,0.5746402877697842
1760.88,559.0,3.951,3.492,3629.9599999999614,4544.36,8339.56,0.4590000000000001,-0.000899281,1724.2420000000002,0.579136691
1626.94,470.0,3.934,3.543,3206.3430000003427,4076.34,8612.34,0.391,-0.000899281,1627.0599999999883,0.5701438848920863
1668.0,493.2857142854482,3.954,3.528,3374.327999998816,4256.33,8216.33,0.4260000000000001,-0.000899281,1675.1999999999766,0.5719424460431655
1632.0,471.0,3.95,3.54,3206.360000000336,4076.36,8288.36,0.4100000000000001,-0.000899281,1632.0,0.5746402877697842
1663.01,441.0,3.892,3.565,3219.5280000008643,4148.33,8469.0,0.3269999999999999,-0.000899281,1670.4899999999768,0.5737410071942446
1621.22,422.7428571423516,3.9,3.567,3097.143999999389,4004.34,8305.81,0.3329999999999997,-0.000899281,1626.42,0.5737410071942446
1753.88,554.0,3.949,3.495,3602.3909999988973,4508.39,8357.22,0.4539999999999997,-0.000899281,1735.19,0.5782374100719424
1544.2,443.5999999996274,3.927,3.574,2924.359,3788.36,8111.62,0.3530000000000002,-0.000899281,1546.7639999999767,0.5773381294964028
1668.0,492.0,3.953,3.529,3356.360000000336,4256.36,8252.36,0.4239999999999999,-0.000899281,1675.1999999999766,0.5710431654676259
1620.0,470.0,3.95,3.538,3205.1430000001565,4076.34,8288.34,0.4120000000000003,-0.000899281,1629.5999999999767,0.5737410071942446
1653.62,486.8571428572759,3.94,3.53,3262.7130000004545,4148.31,8071.52,0.4100000000000001,-0.000899281,1658.282,0.5737410071942446
1597.92,456.8571428572759,3.937,3.541,3111.5750000001863,4004.38,8328.8,0.3959999999999999,-0.000899281,1602.9719999999766,0.5791366906474821
1656.0,483.0,3.939,3.537,3296.3509999997914,4184.35,8360.35,0.4020000000000001,-0.000899281,1663.2,0.5971223021582734
1671.97,503.0,3.948,3.524,3326.3130000010133,4220.31,8200.19,0.4239999999999999,-0.000899281,1675.9620000000002,0.5737410071942446
1673.5,445.0,3.89,3.56,3233.9749999996275,4148.38,8510.39,0.33,-0.000899281,1683.321999999977,0.5737410071942446
1596.38,450.0,3.936,3.551,3097.1279999995604,4004.33,8413.31,0.3849999999999998,-0.000899281,1604.4939999999767,0.5737410071942446
1597.62,451.88571428507566,3.938,3.545,3098.343999999576,3968.34,8267.73,0.3930000000000002,-0.000899281,1602.1139999999766,0.5737410071942446
1606.58,461.5714285718277,3.93,3.543,3200.405999998562,4076.41,8615.67,0.387,-0.000899281,1623.7999999999884,0.5692446043165468
1541.11,442.62857142835855,3.927,3.574,2918.218999999576,3788.22,8108.8,0.3530000000000002,-0.000899281,1546.3859999999768,0.5764388489208632
1656.0,482.0,3.938,3.539,3284.320000000298,4184.32,8324.32,0.399,-0.000899281,1660.8,0.5962230215827338
1678.66,493.7142857145518,3.948,3.498,3536.343999999576,4436.34,8441.59,0.4499999999999997,-0.000899281,1731.4720000000002,0.5773381294964028
1638.46,485.0,3.943,3.867,2686.752000000328,3644.35,8159.2,0.076,-0.001798561,1668.3440000000005,0.5726618705035971
1656.0,480.4285714281723,3.938,3.539,3278.3520000008866,4148.35,8360.35,0.399,-0.000899281,1658.4,0.5953237410071942
1560.54,445.7095714,3.923,4.129,14.05200000014156,692.35,4735.58,-0.206,-0.001798561,1593.6079999999768,0.5780575539568344
1639.87,432.4285714281723,3.886,3.958,1160.3199999993667,2060.32,6641.98,-0.072,-0.001798561,1663.5139999999767,0.5726618705035971
1556.32,435.8571428572759,3.924,3.977,812.3839999996126,1700.38,6649.82,-0.053,-0.001798561,1594.1459999999763,0.5726618705035971
1551.49,432.4285714281723,3.927,3.998,638.3520000008866,1484.35,6157.54,-0.071,-0.001798561,1591.9119999999766,0.5726618705035971
1678.75,490.2857142854482,3.949,3.533,3344.360000000336,4220.36,8132.55,0.4159999999999999,-0.000899281,1728.0280000000002,0.5764388489208632
1583.46,451.7142857145518,3.923,3.987,722.3839999996126,1592.38,6632.38,-0.064,-0.001798561,1615.0859999999884,0.5681654676258993
1557.5,436.4571428569034,3.933,3.555,2936.224000000395,3824.22,8204.93,0.3779999999999996,-0.000899281,1582.649999999977,0.5715827338129497
1584.77,413.8285714285448,3.891,3.581,2902.752000001259,3788.35,8038.59,0.31,-0.002697842,1617.842,0.5724820143884892
1502.34,430.2857142854482,3.921,3.882,2413.120000000112,3356.32,8306.24,0.039,-0.001798561,1536.7419999999768,0.5753597122302158
1681.25,494.0,3.95,3.532,3350.3899999996647,4256.39,8142.98,0.4180000000000001,-0.000899281,1710.684,0.5755395683453237
1643.42,438.0,3.885,3.569,3104.319000001065,4004.32,8364.13,0.3159999999999998,-0.002697842,1674.043999999977,0.5724820143884892
1562.34,439.2857142854482,3.928,3.559,2948.3199999993667,3824.32,8399.42,0.3689999999999998,-0.000899281,1585.1699999999769,0.5715827338129497
1641.92,433.2857142854482,3.89,3.569,3118.719000000506,4040.32,8485.47,0.3210000000000002,-0.000899281,1657.3079999999768,0.5715827338129496
1590.27,453.4285714281723,3.929,3.55,3056.320000000298,3932.32,8675.58,0.379,-0.000899281,1607.0399999999886,0.5670863309352518
1625.38,480.0,3.935,3.54,3104.254999999888,4004.25,7990.91,0.395,-0.002697842,1651.186,0.5724820143884892
1640.99,488.0,3.945,3.531,3206.383,4112.38,8232.32,0.4139999999999997,-0.000899281,1660.998,0.5715827338129497
1584.0,454.2857142854482,3.943,3.551,3026.351999999024,3896.35,8072.35,0.3919999999999999,-0.002697842,1619.9999999999768,0.5724820143884892
1656.0,481.0,3.939,3.541,3269.9519999995828,4148.35,8360.35,0.3980000000000001,-0.000899281,1656.0,0.5944244604316546
1563.68,445.0,3.93,3.548,2990.223,3860.22,8245.95,0.3820000000000001,-0.000899281,1585.1819999999766,0.576978417
1632.0,476.0,3.945,3.544,3161.9519999986514,4040.35,7964.35,0.4009999999999998,-0.002697842,1665.5999999999767,0.5697841726618705
1562.11,444.4285714281723,3.93,3.547,3002.351999999956,3860.35,8212.48,0.383,-0.000899281,1576.9439999999768,0.5758992805755395
1656.0,480.0,3.938,3.541,3266.3199999993667,4148.32,8360.32,0.3970000000000002,-0.000899281,1656.0,0.5935251798561151
1632.0,478.0,3.947,3.537,3224.3520000008866,4112.35,8072.35,0.4100000000000001,-0.000899281,1655.9999999999768,0.5685251798561152
1584.0,454.7142857145518,3.931,3.549,3080.3520000008866,3968.35,8593.63,0.3820000000000001,-0.000899281,1598.2499999999884,0.5660071942446043
1640.22,488.1428571427241,3.945,3.531,3218.3509999997914,4112.35,8200.9,0.4139999999999997,-0.000899281,1653.304,0.5705035971223023
1626.72,478.2857142854482,3.936,3.535,3152.320000000298,4040.32,8018.37,0.4009999999999998,-0.000899281,1644.586,0.5712230215827339
1643.42,436.2857142854482,3.886,3.566,3118.738600000739,4040.35,8439.97,0.3200000000000003,-0.000899281,1665.2779999999766,0.5712230215827339
1584.0,455.5714285718277,3.944,3.548,3068.321000000462,3932.32,8144.32,0.3959999999999999,-0.000899281,1610.399999999977,0.5712230215827339
1675.52,490.2857142854482,3.949,3.532,3356.311999999918,4256.31,8123.64,0.4169999999999998,-0.000899281,1693.6120000000003,0.5746402877697842
1561.7,440.5714285718277,3.93,3.557,2967.519999999553,3860.32,8387.65,0.3730000000000002,-0.000899281,1576.043999999977,0.5705035971223021
1640.93,433.0,3.89,3.569,3125.889000000432,4040.29,8451.87,0.3210000000000002,-0.000899281,1651.1839999999768,0.5705035971223021
1557.25,437.1428571427241,3.934,3.554,2960.3509999997914,3824.35,8156.19,0.3800000000000003,-0.000899281,1572.8599999999765,0.5705035971223021
1586.56,412.79999999981374,3.894,3.575,2972.3199999993667,3860.32,8152.1,0.3189999999999999,-0.000899281,1609.472,0.5712230215827339
1503.07,430.2857142854482,3.922,3.582,2786.3509999997914,3644.35,8138.08,0.3400000000000003,-0.000899281,1527.3599999999765,0.5742805755395683
1587.46,453.4185714283958,3.93,3.549,3080.3509999997914,3968.35,8584.9,0.3810000000000002,-0.000899281,1590.3539999999884,0.5649280575539569
1644.0,480.0,3.938,3.54,3260.3199999993667,4148.32,8324.33,0.3980000000000001,-0.000899281,1653.6,0.5926258992805755
1638.59,489.0,3.945,3.53,3212.318000000901,4112.32,8195.97,0.415,-0.000899281,1646.0459999999998,0.5694244604316547
1584.0,454.0,3.945,3.546,3074.3520000008866,3932.35,8216.35,0.399,-0.000899281,1600.7999999999768,0.5699640287769785
1641.54,433.0,3.891,3.57,3125.953000000678,4040.35,8454.79,0.3210000000000002,-0.000899281,1645.4539999999768,0.5694244604316546
1625.69,480.0,3.936,3.534,3154.7199999997392,4040.32,8055.58,0.4020000000000001,-0.000899281,1637.648,0.5699640287769785
1641.34,435.0,3.886,3.566,3118.752000000328,4040.35,8448.0,0.3200000000000003,-0.000899281,1656.6419999999766,0.5699640287769785
1555.46,437.1428571427241,3.933,3.553,2960.3509999997914,3824.35,8152.54,0.3799999999999999,-0.000899281,1563.8639999999766,0.5694244604316547
1672.7,489.0,3.949,3.532,3338.328000000678,4220.33,8108.33,0.4169999999999998,-0.000899281,1677.3760000000002,0.5737410071942446
1559.65,440.5714285718277,3.93,3.557,2966.321000000462,3860.32,8376.9,0.3730000000000002,-0.000899281,1567.2779999999768,0.5694244604316547
1502.53,430.2857142854482,3.922,3.581,2786.3509999997914,3644.35,8093.79,0.3410000000000002,-0.000899281,1518.649999999977,0.5732014388489208
1585.41,412.79999999981374,3.894,3.574,2981.950999999419,3860.35,8205.21,0.3200000000000003,-0.000899281,1600.654,0.5699640287769784
1632.0,474.9741666661576,3.947,3.536,3230.3849999997765,4112.38,8108.38,0.411,-0.000899281,1646.399999999977,0.5672661870503597
1560.54,443.1428571427241,3.93,3.547,3002.3509999997914,3860.35,8195.07,0.383,-0.000899281,1568.957999999977,0.5748201438848921
1624.67,477.0,3.936,3.534,3152.3859999999404,4040.39,8057.41,0.4020000000000001,-0.000899281,1631.216,0.568705036
1639.14,432.6857142858207,3.89,3.569,3125.8569999998435,4040.26,8473.05,0.3210000000000002,-0.000899281,1640.6799999999766,0.5683453237410072
1584.0,454.9714285722002,3.945,3.57,3068.354000000283,3932.35,8144.35,0.375,-0.000899281,1591.1999999999766,0.568705036
1641.09,435.0,3.886,3.566,3116.3520000008866,4040.35,8430.95,0.3200000000000003,-0.000899281,1648.553999999977,0.5687050359712231
1557.5,437.5714285718277,3.93,3.559,2960.4139999998733,3860.41,8363.71,0.371,-0.000899281,1559.5019999999768,0.5683453237410072
1635.9,488.5714285718277,3.944,3.531,3206.351999999956,4076.35,8163.3,0.4129999999999998,-0.000899281,1638.832,0.5683453237410072
1554.78,434.7428571423516,3.934,3.554,2954.351999999956,3824.35,8175.2,0.3800000000000003,-0.000899281,1555.2959999999766,0.5683453237410072
1501.63,430.2857142854482,3.923,3.581,2786.320000000298,3644.32,8104.96,0.3420000000000001,-0.000899281,1510.1359999999768,0.5721223021582734
1584.0,452.79999999981374,3.93,3.549,3074.222000000067,3968.22,8576.22,0.3810000000000002,-0.000899281,1585.8379999999884,0.5638489208633093
1559.33,443.1428571427241,3.931,3.548,2996.351999999956,3860.35,8197.47,0.383,-0.000899281,1561.2399999999766,0.5737410071942446
1632.0,475.2857142854482,3.947,3.537,3224.320000000298,4112.32,8144.32,0.4100000000000001,-0.000899281,1639.1999999999766,0.5660071942446043
1653.92,479.0,3.937,3.54,3255.5590000003576,4148.36,8360.36,0.3969999999999998,-0.000899281,1653.184,0.5917266187050358
1584.58,412.79999999981374,3.895,3.575,2974.754000000656,3860.35,8233.89,0.3199999999999998,-0.000899281,1592.508,0.568705036
1625.86,468.8571428572759,3.939,4.053,302.3519999999553,1124.35,5277.63,-0.114,-0.001798561,1666.816,0.5726618705035971
1644.03,476.5714285718277,3.937,3.54,3248.328000000678,4148.33,8324.33,0.3969999999999998,-0.000899281,1650.7900000000002,0.5908273381294964
1572.0,452.1428571427241,3.93,3.55,3068.3199999993667,3932.32,8607.14,0.3800000000000003,-0.000899281,1583.5459999999882,0.5629496402877698
1556.06,441.2571428576484,3.93,3.547,2990.3520000008866,3860.35,8216.35,0.383,-0.000899281,1560.3439999999766,0.5728417266187049
1622.91,478.7142857145518,3.936,3.534,3147.519999999553,4040.32,8094.72,0.4020000000000001,-0.000899281,1625.074,0.5674460431654677
1633.79,487.0,3.944,3.531,3200.320000000298,4076.32,8151.14,0.4129999999999998,-0.000899281,1637.898,0.5674460431654677
1620.0,474.0,3.947,3.537,3218.351999999024,4112.35,8108.35,0.4100000000000001,-0.000899281,1629.5999999999767,0.564748201
1497.47,429.0,3.923,3.581,2780.2579999994487,3644.26,8085.41,0.3420000000000001,-0.000899281,1501.4079999999765,0.571043165
1582.75,411.0,3.895,3.573,2972.3520000008866,3860.35,8226.18,0.322,-0.000899281,1584.814,0.5674460431654677
1638.56,434.0,3.885,3.566,3111.5200000004843,4040.32,8439.2,0.3189999999999999,-0.000899281,1641.5659999999766,0.5674460431654677
1552.83,434.1428571427241,3.934,3.554,2948.356000000611,3824.36,8191.43,0.3800000000000003,-0.000899281,1555.5639999999769,0.5674460431654677
1584.0,451.88571428507566,3.945,3.545,3070.6559999994934,3934.66,8182.66,0.3999999999999999,-0.000899281,1584.0,0.5674460431654677
1637.18,432.0,3.89,3.569,3116.361666666344,4040.35,8418.91,0.3210000000000002,-0.000899281,1640.1419999999769,0.5674460431654677
1555.43,437.4812857145444,3.929,3.559,2954.354999999516,3824.35,8342.34,0.3699999999999996,-0.000899281,1559.3239999999769,0.5674460431654677
1636.25,473.1428571427241,3.945,3.544,3176.3199999993667,4076.32,8085.09,0.4009999999999998,-0.000899281,1658.316,0.5715827338129497
1638.5,435.4285714281723,3.885,3.567,3104.3520000008866,4040.35,8428.16,0.3179999999999996,-0.000899281,1640.5819999999767,0.5665467625899281
1579.97,450.8571428572759,3.929,3.55,3062.383,3932.38,8564.67,0.379,-0.000899281,1581.4859999999885,0.5620503597122302
1620.77,476.0,3.936,3.535,3140.351999999956,4040.35,8052.12,0.4009999999999998,-0.000899281,1624.152,0.5665467625899281
1631.65,484.2857142854482,3.944,3.531,3190.720999999903,4076.32,8159.11,0.4129999999999998,-0.000899281,1636.0300000000002,0.5665467625899281
1552.84,438.0,3.93,3.558,2948.226999999956,3824.23,8360.74,0.3720000000000003,-0.000899281,1557.4239999999768,0.5665467625899281
1572.0,453.0,3.945,3.547,3056.321000000462,3932.32,8216.32,0.3979999999999997,-0.000899281,1581.5999999999767,0.5665467625899281
1551.26,435.8571428572759,3.934,3.554,2942.3199999993667,3824.32,8164.35,0.3800000000000003,-0.000899281,1554.3159999999766,0.5665467625899281
1580.8,412.11428571492434,3.894,3.574,2967.519999999553,3860.32,8231.9,0.3200000000000003,-0.000899281,1584.02,0.5665467625899281
24.54,51.06382978800684,3.085,3.57,87.20499998703599,8.0,8.0,-0.485,-0.000899281,1316.665999999977,0.5665467625899281
1620.0,474.0,3.947,3.536,3212.3509999997914,4076.35,8108.35,0.411,-0.000899281,1627.1999999999766,0.5638489208633094
1553.86,440.5714285718277,3.93,3.548,2978.3199999993667,3860.32,8187.9,0.3820000000000001,-0.000899281,1558.3799999999767,0.5719424460431655
1644.0,478.2857142854482,3.936,3.54,3248.360000000336,4112.36,8288.36,0.3959999999999999,-0.000899281,1648.39,0.5899280575539569
1494.75,427.2000000001863,3.923,3.582,2768.321000000462,3608.32,8096.38,0.3410000000000002,-0.000899281,1499.889999999977,0.5701438848920863
1550.21,435.0,3.929,3.559,2942.3520000008866,3824.35,8356.8,0.3699999999999996,-0.000899281,1555.1259999999768,0.5656474820143884
1636.9,434.1428571427241,3.885,3.566,3104.3199999993667,4004.32,8429.38,0.3189999999999999,-0.000899281,1639.2779999999766,0.5656474820143885
1572.0,451.7142857145518,3.945,3.546,3050.3509999997914,3932.35,8216.35,0.399,-0.000899281,1579.1999999999766,0.5656474820143884
1549.38,434.05714285746217,3.934,3.555,2936.2179999994114,3824.22,8168.57,0.379,-0.000899281,1552.7419999999768,0.5656474820143884
1629.27,484.7142857145518,3.943,3.532,3182.288999998942,4076.29,8143.33,0.411,-0.000899281,1633.84,0.5656474820143884
1618.37,474.4285714281723,3.935,3.535,3140.3829999994487,4040.38,8091.77,0.3999999999999999,-0.000899281,1622.4820000000002,0.5656474820143884
1572.0,449.0,3.929,3.55,3050.351,3932.35,8585.31,0.379,-0.000899281,1579.0859999999884,0.5611510791366905
1635.26,432.0,3.89,3.568,3205.1829999992624,4112.38,8567.88,0.322,-0.000899281,1315.5319999999767,0.5656474820143885
1644.0,477.0,3.936,3.54,3241.158999999054,4112.36,8288.36,0.3959999999999999,-0.000899281,1645.9900000000002,0.5890287769784173
1492.0,427.7142857145518,3.922,3.583,2762.3199999993667,3608.32,8054.75,0.3389999999999999,-0.000899281,1497.675999999977,0.5692446043165468
1620.0,472.7142857145518,3.947,3.537,3206.3870000001043,4076.39,8144.39,0.4100000000000001,-0.000899281,1624.7999999999768,0.5629496402877698
1636.58,474.4285714281723,3.947,3.541,3206.287000000477,4076.29,8071.55,0.4060000000000001,-0.000899281,1649.382,0.5705035971223021
1550.78,437.5714285718277,3.93,3.548,2972.351999999956,3824.35,8175.36,0.3820000000000001,-0.000899281,1556.1139999999766,0.571043165
1578.21,409.7142857145518,3.894,3.574,2960.315999998711,3860.32,8209.5,0.3200000000000003,-0.000899281,1582.35,0.5656474820143885
1626.85,482.0,3.943,3.532,3176.2889999998733,4076.29,8172.2,0.411,-0.000899281,1631.492,0.564748201
1620.0,472.0,3.946,3.538,3200.486333332956,4076.48,8108.48,0.4080000000000003,-0.000899281,1622.399999999977,0.5620503597122302
1615.97,472.0,3.936,3.536,3128.320000000298,4004.32,8074.44,0.3999999999999999,-0.000899281,1620.538,0.564748201
1574.4,448.2857142854482,3.928,3.551,3044.3199999993667,3932.32,8574.91,0.3769999999999998,-0.000899281,1576.4739999999883,0.560251799
1489.91,426.4285714281723,3.922,3.583,2756.351999999024,3608.35,8055.84,0.3389999999999999,-0.000899281,1495.1519999999769,0.5683453237410072
1631.94,430.7142857145518,3.89,3.57,3104.3509999997914,4004.35,8410.69,0.3200000000000003,-0.000899281,1313.611999999977,0.5647482014388491
1572.0,450.79999999981374,3.944,3.546,3039.552000001073,3932.35,8180.38,0.3980000000000001,-0.000899281,1576.7999999999768,0.564748201
1575.74,409.02857142779976,3.893,3.574,2954.3829999994487,3860.38,8219.55,0.3189999999999999,-0.000899281,1580.416,0.5647482014388491
1545.95,433.3714285716415,3.934,3.555,2930.360000000336,3788.36,8161.77,0.379,-0.000899281,1550.839999999977,0.564748201
1635.81,474.4285714281723,3.947,3.54,3206.321000000462,4076.32,8070.05,0.407,-0.000899281,1641.44,0.5694244604316547
1546.82,431.5999999996274,3.929,3.559,2930.320000000298,3824.32,8348.73,0.3699999999999996,-0.000899281,1552.5599999999763,0.564748201
1634.01,435.0,3.884,3.566,3097.150999998674,4004.35,8396.35,0.318,-0.000899281,1637.8119999999767,0.564748201
1644.0,476.0,3.936,3.542,3233.943999999203,4112.34,8324.34,0.3940000000000001,-0.000899281,1645.9900000000002,0.5881294964028777
1547.24,436.2857142854482,3.929,3.549,2960.2270000008866,3824.23,8186.72,0.3799999999999999,-0.000899281,1553.4539999999763,0.5701438848920863
1634.17,434.1428571427241,3.884,3.567,3086.320000000298,4004.32,8454.79,0.3169999999999997,-0.000899281,1636.4279999999767,0.5638489208633094
1644.0,476.0,3.935,3.542,3226.7280000010505,4112.33,8324.33,0.3930000000000002,-0.000899281,1644.006,0.5872302158273381
1546.52,438.0,3.929,3.55,2948.3209999995306,3824.32,8220.23,0.379,-0.000899281,1550.8919999999766,0.5692446043165468
1544.23,433.2857142854482,3.933,3.555,2918.3509999997914,3788.35,8142.23,0.3779999999999996,-0.000899281,1548.7299999999766,0.5638489208633093
1487.52,425.1428571427241,3.92,3.583,2744.321000000462,3608.32,8044.26,0.3369999999999997,-0.000899281,1492.3299999999767,0.5674460431654677
1620.0,471.0,3.945,3.538,3188.351999999024,4076.35,8108.35,0.407,-0.000899281,1620.0,0.5611510791366906
1634.79,471.4285714281723,3.947,3.54,3200.351999999956,4076.35,8050.24,0.407,-0.000899281,1633.858,0.5683453237410072
1572.0,447.0,3.928,3.551,3032.3520000008866,3896.35,8528.93,0.3769999999999998,-0.000899281,1574.0739999999885,0.5593525179856115
1628.95,429.4285714281723,3.889,3.571,3089.9210000000894,4004.32,8452.16,0.3179999999999996,-0.000899281,1311.5739999999766,0.5638489208633094
1544.22,432.4285714281723,3.929,3.56,2924.320000000298,3824.32,8334.75,0.3689999999999998,-0.000899281,1549.9039999999766,0.5638489208633093
1572.0,450.4285714281723,3.944,3.549,3032.3199999993667,3896.32,8216.32,0.395,-0.000899281,1574.399999999977,0.5638489208633094
1573.22,409.2000000001863,3.893,3.575,2945.8580000000075,3824.26,8186.46,0.3179999999999996,-0.000899281,1578.144,0.5638489208633094
1613.92,474.0,3.935,3.536,3122.3199999993667,4004.32,8090.62,0.399,-0.000899281,1618.388,0.5638489208633094
1625.05,481.0,3.943,3.533,3169.1199999991804,4040.32,8163.42,0.4100000000000001,-0.000899281,1629.322,0.5638489208633094
1626.81,429.9428571425378,3.889,3.572,3082.752000001259,4004.35,8414.72,0.3169999999999997,-0.000899281,1309.4999999999768,0.5629496402877698
1485.76,424.4571428569034,3.92,3.584,2738.2889999998733,3572.29,8030.62,0.3359999999999998,-0.000899281,1489.9879999999769,0.5665467625899281
1543.2,436.7142857145518,3.929,3.55,2948.320000000298,3824.32,8220.7,0.379,-0.000899281,1548.3199999999763,0.5683453237410072
1571.77,407.6571428570896,3.892,3.575,2938.7210000008345,3824.32,8194.62,0.3169999999999997,-0.000899281,1575.948,0.5629496402877698
1541.98,431.1428571427241,3.928,3.561,2912.3509999997914,3788.35,8351.3,0.367,-0.000899281,1547.2139999999767,0.5629496402877698
1633.18,472.0,3.947,3.54,3197.919999999925,4076.32,8088.03,0.407,-0.000899281,1635.322,0.5674460431654677
1542.41,432.6857142858207,3.933,3.555,2912.3520000008866,3788.35,8150.02,0.3779999999999996,-0.000899281,1546.6459999999763,0.5629496402877698
1631.78,432.8571428572759,3.884,3.567,3082.7199999997392,4004.32,8436.35,0.3169999999999997,-0.000899281,1635.071999999977,0.5629496402877698
1572.0,449.1428571427241,3.943,3.548,3026.3509999997914,3896.35,8198.05,0.395,-0.000899281,1572.0,0.5629496402877698
1571.88,447.0,3.927,3.551,3026.351999999956,3896.35,8565.85,0.3759999999999999,-0.000899281,1574.0499999999886,0.5584532374100719
1608.0,470.0,3.944,3.538,3182.3899999996647,4076.39,8072.39,0.4060000000000001,-0.000899281,1617.5999999999767,0.560251799
1612.12,473.0,3.934,3.537,3116.3199999993667,4004.32,8044.35,0.3970000000000002,-0.000899281,1616.23,0.5629496402877698
1622.78,482.1428571427241,3.942,3.534,3158.351999999024,4040.35,8115.81,0.4080000000000003,-0.000899281,1627.12,0.5629496402877698
1632.0,475.7142857145518,3.935,3.542,3224.359,4112.36,8324.36,0.3930000000000002,-0.000899281,1641.6,0.5863309352517986
1571.49,448.11428571492434,3.928,3.551,3020.3520000008866,3896.35,8540.35,0.3769999999999998,-0.000899281,1572.3539999999884,0.5575539568345323
1621.54,480.0,3.942,3.533,3154.7519999993965,4040.35,8145.31,0.4090000000000002,-0.000899281,1625.098,0.5620503597122302
1623.91,429.0,3.889,3.572,3075.5200000004843,3968.32,8425.05,0.3169999999999997,-0.000899281,1629.3739999999766,0.5620503597122302
1610.53,472.2967857141048,3.934,3.538,3111.5509999999776,4004.35,8053.25,0.3960000000000003,-0.000899281,1614.182,0.5620503597122302
1481.05,424.2857142854482,3.919,3.583,2732.3520000008866,3572.35,8029.28,0.3359999999999998,-0.000899281,1487.2479999999769,0.5656474820143884
1608.0,467.5714285718277,3.945,3.539,3170.3520000008866,4040.35,8108.35,0.4059999999999997,-0.000899281,1615.1999999999766,0.5593525179856116
1541.48,432.0,3.933,3.556,2906.320000000298,3788.32,8147.16,0.3769999999999998,-0.000899281,1544.6899999999769,0.5620503597122302
1632.0,475.7142857145518,3.935,3.542,3218.391,4112.39,8288.39,0.3930000000000002,-0.000899281,1639.2,0.585431655
1631.29,433.2000000001863,3.884,3.567,3075.5520000001416,4004.35,8453.63,0.3169999999999997,-0.000899281,1633.6299999999767,0.5620503597122302
1569.79,407.5714285718277,3.892,3.575,2931.5830000014976,3824.38,8201.89,0.3169999999999997,-0.000899281,1573.746,0.5620503597122302
1632.26,473.1428571427241,3.947,3.54,3190.751000000164,4076.38,8076.51,0.407,-0.000899281,1634.524,0.5665467625899281
1540.41,431.6571428570896,3.928,3.561,2906.321000000462,3788.32,8370.95,0.367,-0.000899281,1544.7279999999769,0.5620503597122302
1560.0,448.4571428569034,3.943,3.548,3014.3899999996647,3896.39,8180.39,0.395,-0.000899281,1569.5999999999767,0.5620503597122302
1541.82,436.11428571492434,3.929,3.55,2936.3509999997914,3788.35,8185.15,0.379,-0.000899281,1545.9119999999766,0.5674460431654677
1637.62,473.1428571427241,3.934,3.542,3212.218999999576,4112.19,8288.19,0.3920000000000003,-0.000899281,1637.924,0.5845323741007193
1608.64,471.0,3.934,3.537,3104.320000000298,4004.32,8018.46,0.3970000000000002,-0.000899281,1612.236,0.5611510791366906
1571.23,448.7142857145518,3.928,3.551,3020.3199999993667,3896.32,8540.32,0.3769999999999998,-0.000899281,1572.1999999999884,0.5566546762589928
1621.99,426.8571428572759,3.888,3.572,3061.1520000007004,3968.35,8387.58,0.3159999999999998,-0.000899281,1626.7199999999768,0.5611510791366906
1620.35,480.8571428572759,3.942,3.534,3152.3520000008866,4040.35,8116.19,0.4080000000000003,-0.000899281,1623.314,0.5611510791366906
1629.89,474.0,3.947,3.54,3188.3240000000224,4076.32,8055.01,0.407,-0.000899281,1633.186,0.5656474820143884
1629.99,434.1428571427241,3.885,3.568,3074.3199999993667,4004.32,8459.71,0.3169999999999997,-0.000899281,1632.2479999999769,0.5611510791366906
1539.17,429.8571428572759,3.928,3.561,2900.2579999994487,3788.26,8309.02,0.367,-0.000899281,1542.5199999999768,0.5611510791366905
1540.67,433.7142857145518,3.929,3.551,2930.391,3788.39,8211.56,0.3779999999999996,-0.000899281,1543.889999999977,0.5665467625899281
1560.0,447.8571428572759,3.943,3.548,3008.320000000298,3896.32,8180.32,0.395,-0.000899281,1567.1999999999766,0.5611510791366906
1479.17,423.0,3.918,3.586,2714.3520000008866,3572.35,8022.88,0.3320000000000003,-0.000899281,1484.6819999999766,0.564748201
1539.96,433.5,3.933,3.556,2906.320000000298,3788.32,8118.62,0.3769999999999998,-0.000899281,1542.8059999999768,0.5611510791366905
1568.81,406.9714285722002,3.892,3.575,2930.382000000216,3824.38,8215.8,0.3169999999999997,-0.000899281,1571.866,0.5611510791366906
1608.0,466.0,3.945,3.539,3164.3509999997914,4040.35,8108.35,0.4059999999999997,-0.000899281,1612.7999999999768,0.5584532374100719
1627.91,431.2000000001863,3.886,3.568,3068.351999999956,3968.35,8479.84,0.318,-0.000899281,1631.0279999999768,0.560251799
1569.83,448.7142857145518,3.928,3.551,3020.360000000336,3896.36,8558.31,0.3769999999999998,-0.000899281,1571.2859999999885,0.5557553956834532
1606.59,468.0,3.933,3.538,3104.2259999997914,4004.23,8015.39,0.395,-0.000899281,1610.36,0.560251799
1476.45,422.4000000003725,3.919,3.585,2708.3199999993667,3572.32,8024.12,0.3340000000000001,-0.000899281,1481.9899999999766,0.5638489208633094
1627.68,471.8571428572759,3.946,3.54,3176.3209999995306,4076.32,8079.61,0.4060000000000001,-0.000899281,1631.56,0.564748201
1537.34,430.9714285722002,3.928,3.561,2900.330333332531,3788.32,8343.52,0.367,-0.000899281,1540.6239999999768,0.560251799
1539.2,431.3142857141793,3.932,3.556,2900.321000000462,3788.32,8148.39,0.3759999999999999,-0.000899281,1541.4559999999767,0.560251799
1567.16,406.9714285722002,3.892,3.576,2924.3829999994487,3824.38,8185.53,0.3159999999999998,-0.000899281,1570.15,0.5602517985611511
1622.41,472.8279999997467,3.934,3.84,3045.0,3997.0,8582.02,0.094,-0.000899281,1633.6060000000002,0.5836330935251799
1618.94,479.0,3.942,3.534,3146.3509999997914,4040.36,8108.36,0.4080000000000003,-0.000899281,1621.732,0.560251799
1560.0,449.5714285718277,3.942,3.548,3008.226,3896.23,8144.23,0.3940000000000001,-0.000899281,1564.7999999999768,0.560251799
1540.74,433.7098571425304,3.929,3.551,2930.445000000298,3788.45,8204.99,0.3779999999999996,-0.000899281,1542.589999999977,0.5656474820143884
1608.0,466.0,3.945,3.54,3158.351999999024,4040.35,8108.35,0.4049999999999998,-0.000899281,1610.399999999977,0.5575539568345323
1620.77,426.8571428572759,3.888,3.572,3061.183000001125,3968.38,8342.17,0.3159999999999998,-0.000899281,1624.485999999977,0.5602517985611511
1474.91,421.7142857145518,3.919,3.586,2708.321000000462,3536.32,7979.61,0.3330000000000002,-0.000899281,1479.4679999999769,0.5629496402877698
1605.22,468.0,3.934,3.538,3097.1829999992624,3968.38,8055.93,0.3960000000000003,-0.000899281,1608.62,0.5593525179856116
1619.2,425.5714285718277,3.888,3.573,3053.818999999203,3968.22,8388.51,0.3149999999999999,-0.000899281,1622.5359999999769,0.5593525179856115
1616.92,479.5714285718277,3.941,3.533,3140.313000000082,4040.31,8140.55,0.4079999999999999,-0.000899281,1620.106,0.5593525179856116
1537.38,430.7142857145518,3.932,3.558,2894.344000000506,3752.34,8149.84,0.3740000000000001,-0.000899281,1540.0859999999768,0.5593525179856115
1565.31,406.2857142854482,3.892,3.576,2918.321000000462,3824.32,8175.4,0.3159999999999998,-0.000899281,1568.568,0.5593525179856115
1608.0,466.2857142854482,3.945,3.539,3154.7750000003725,4040.38,8072.38,0.4059999999999997,-0.000899281,1608.0,0.5566546762589928
1560.0,448.0,3.942,3.548,3008.2259999997914,3860.23,8144.23,0.3940000000000001,-0.000899281,1562.399999999977,0.5593525179856116
195951.07,3910.004999999888,4.255,3.297,61020.00200000033,72180.0,72180.0,0.9579999999999996,-0.000899281,40495.02,0.5827338129496404
1526.66,435.4285714281723,3.898,3.552,2924.343999999576,3788.34,8190.05,0.3460000000000001,-0.000899281,1538.6179999999767,0.564748201
1534.69,430.2857142854482,3.927,3.561,2894.344000001438,3788.34,8316.52,0.3660000000000001,-0.000899281,1538.7179999999769,0.5593525179856115
1624.92,429.0,3.886,3.568,3061.0499999998137,3968.25,8455.67,0.318,-0.000899281,1629.1779999999767,0.5593525179856115
1566.72,447.0,3.928,3.552,3014.3279999997467,3896.33,8587.08,0.3759999999999999,-0.000899281,1570.2299999999882,0.5548561151079137
1625.63,470.5714285718277,3.946,3.541,3169.121000000276,4040.32,8056.26,0.4050000000000002,-0.000899281,1629.728,0.5638489208633093
1472.84,420.5999999996274,3.918,3.586,2702.313000000082,3536.31,8024.06,0.3320000000000003,-0.000899281,1476.8839999999768,0.5620503597122302
1563.55,445.7142857145518,3.928,3.552,3008.328000000678,3896.33,8600.36,0.3759999999999999,-0.000899281,1568.5639999999885,0.553956835
1623.46,469.0,3.945,3.542,3161.950999999419,4040.35,8035.39,0.403,-0.000899281,1627.784,0.5629496402877698
1622.09,428.0,3.884,3.57,3046.7750000003725,3968.38,8449.34,0.314,-0.000899281,1627.2399999999768,0.5584532374100719
1656.0,473.7142857145518,3.922,3.509,3903.519999999553,4976.32,10268.32,0.4130000000000002,-0.000899281,40499.82,0.5818345323741008
1537.03,434.7428571423516,3.928,3.551,2918.344000000506,3788.34,8210.78,0.3769999999999998,-0.000899281,1537.3839999999768,0.5638489208633094
1535.06,429.4285714281723,3.931,3.557,2888.3279999997467,3752.33,8154.62,0.3740000000000001,-0.000899281,1538.6159999999768,0.5584532374100719
1614.59,478.0,3.941,3.534,3134.2819999996573,4004.28,8123.55,0.407,-0.000899281,1618.468,0.5584532374100719
1608.0,465.0,3.944,3.54,3146.375,4040.38,8072.38,0.4039999999999999,-0.000899281,1608.0,0.5557553956834532
1603.05,466.7142857145518,3.933,3.54,3089.927999999374,3968.33,8067.69,0.3929999999999998,-0.000899281,1606.806,0.5584532374100719
1532.76,427.88571428507566,3.926,3.561,2888.344000000506,3752.34,8323.42,0.3650000000000002,-0.000899281,1536.8739999999766,0.5584532374100719
1562.86,406.2857142854482,3.892,3.577,2912.3899999996647,3788.39,8168.26,0.3149999999999999,-0.000899281,1566.786,0.5584532374100719
1560.0,447.0,3.941,3.55,3002.344000001438,3860.34,8180.34,0.391,-0.000899281,1560.0,0.5584532374100719
1616.89,425.48571428563446,3.887,3.573,3046.682000000961,3968.28,8375.39,0.314,-0.000899281,1620.5519999999767,0.5584532374100719
1614.73,426.0,3.887,3.574,3044.3429999994114,3968.34,8360.64,0.3130000000000001,-0.000899281,1618.7159999999767,0.5575539568345323
1532.06,428.1428571427241,3.932,3.557,2882.360000000336,3752.36,8137.83,0.375,-0.000899281,1536.7319999999768,0.5575539568345323
1612.64,477.0,3.941,3.535,3125.958999999799,4004.36,8130.95,0.4059999999999997,-0.000899281,1616.688,0.5575539568345323
1668.0,483.0,3.928,3.553,3314.2880000006407,4184.29,8504.29,0.375,-0.000899281,40507.02,0.5809352517985611
1535.58,434.1428571427241,3.927,3.551,2912.2649999996647,3788.26,8198.12,0.3759999999999999,-0.000899281,1536.1359999999768,0.5629496402877698
1560.0,445.7142857145518,3.941,3.549,2990.360000000336,3860.36,8180.36,0.3919999999999999,-0.000899281,1560.0,0.5575539568345323
1601.25,468.4285714281723,3.933,3.539,3080.3430000003427,3968.34,8040.7,0.3939999999999997,-0.000899281,1604.95,0.5575539568345323
1608.0,465.0,3.944,3.54,3140.360000000336,4004.36,8072.36,0.4039999999999999,-0.000899281,1608.0,0.5548561151079137
1470.19,420.3428571429104,3.918,3.587,2693.927999999374,3536.33,7999.78,0.3309999999999999,-0.000899281,1474.7119999999766,0.5611510791366906
1530.36,427.2000000001863,3.926,3.562,2876.360000000336,3752.36,8323.55,0.3640000000000003,-0.000899281,1534.8639999999766,0.5575539568345323
1561.34,405.5999999996274,3.891,3.577,2906.2345000002533,3788.22,8175.05,0.314,-0.000899281,1565.096,0.5575539568345323
1560.77,444.4285714281723,3.928,3.553,2996.359,3860.36,8600.39,0.375,-0.000899281,1566.4199999999885,0.5530575539568345
1619.58,430.0,3.885,3.569,3039.5589999994263,3968.36,8450.62,0.3159999999999998,-0.000899281,1624.8979999999767,0.5575539568345322
1622.49,469.2857142854482,3.945,3.542,3158.351999999956,4040.35,8045.76,0.403,-0.000899281,1625.83,0.5620503597122302
1466.34,417.9428571425378,3.918,3.587,2684.360000000336,3536.36,7997.03,0.3309999999999999,-0.000899281,1472.1459999999763,0.560251799
1527.39,426.5142857143656,3.926,3.563,2870.484000000172,3752.48,8324.34,0.363,-0.000899281,1532.5079999999766,0.5566546762589928
1596.0,463.7142857145518,3.944,3.54,3134.313,4004.31,8144.31,0.4039999999999999,-0.000899281,1605.5999999999767,0.553956835
1599.39,466.0,3.933,3.541,3075.4179999995977,3968.22,8030.36,0.3919999999999999,-0.000899281,1603.1,0.5566546762589928
1620.49,468.0,3.945,3.542,3152.362333,4040.35,8036.35,0.403,-0.000899281,1623.95,0.5611510791366905
1557.76,440.1428571427241,3.927,3.553,2984.344000001438,3860.34,8580.06,0.3740000000000001,-0.000899281,1563.7259999999883,0.552158273
1615.66,427.2000000001863,3.884,3.569,3032.360000000336,3932.36,8406.41,0.3149999999999999,-0.000899281,1622.0319999999767,0.5566546762589928
1680.0,488.1428571427241,3.931,3.551,3350.317999999039,4220.32,8468.32,0.3799999999999999,-0.000899281,40515.496,0.5800359712230216
1560.28,405.0,3.891,3.577,2900.2810000004247,3788.28,8196.95,0.314,-0.000899281,1563.39,0.5566546762589928
1609.48,475.7142857145518,3.94,3.536,3122.3429999994114,4004.34,8105.53,0.4039999999999999,-0.000899281,1614.514,0.5566546762589928
1529.84,427.5428571430966,3.931,3.557,2876.313000000082,3752.31,8173.5,0.3740000000000001,-0.000899281,1534.707999999977,0.5566546762589928
1533.99,434.0302857141942,3.928,3.552,2906.328000000678,3752.33,8189.22,0.3759999999999999,-0.000899281,1534.7999999999768,0.5620503597122302
1548.0,442.7142857145518,3.941,3.55,2984.343999999576,3860.34,8144.34,0.391,-0.000899281,1557.5999999999767,0.5566546762589928
1612.67,424.7142857145518,3.886,3.574,3039.5120000001043,3968.31,8349.25,0.3120000000000003,-0.000899281,1616.851999999977,0.5566546762589928
1607.86,473.0,3.94,3.535,3110.219000001438,4004.22,8124.74,0.4049999999999998,-0.000899281,1612.298,0.5557553956834532
1613.38,427.7142857145518,3.883,3.571,3017.8349999999627,3932.24,8400.2,0.3119999999999998,-0.000899281,1619.1259999999768,0.5557553956834532
1596.76,465.0,3.932,3.541,3068.3289999999106,3968.33,8005.55,0.391,-0.000899281,1601.134,0.5557553956834532
1596.0,462.4285714281723,3.943,3.54,3128.328000000678,4004.33,8036.33,0.403,-0.000899281,1603.1999999999766,0.5530575539568345
1463.33,417.2571428576484,3.917,3.587,2672.359,3536.36,7975.23,0.3299999999999996,-0.000899281,1469.5219999999767,0.5593525179856116
1557.38,404.91428571473807,3.891,3.578,2894.328000000678,3788.33,8179.23,0.3130000000000001,-0.000899281,1561.434,0.5557553956834532
1527.03,426.8571428572759,3.931,3.558,2864.2820000005886,3752.28,8146.08,0.3730000000000002,-0.000899281,1532.2739999999767,0.5557553956834532
1525.56,426.4285714281723,3.926,3.563,2858.359,3752.36,8323.17,0.363,-0.000899281,1530.1519999999769,0.5557553956834532
1556.45,441.8571428572759,3.927,3.555,2972.311999999918,3860.31,8584.59,0.3719999999999999,-0.000899281,1561.0499999999884,0.5512589928057554
1619.49,468.0,3.945,3.543,3146.3829999994487,4040.38,8055.36,0.4019999999999997,-0.000899281,1622.312,0.560251799
1680.0,488.0,3.932,3.548,3362.317999999039,4220.32,8468.32,0.3839999999999999,-0.000899281,40527.014,0.579136691
1609.84,423.4285714281723,3.885,3.574,3032.375,3932.38,8360.8,0.3109999999999999,-0.000899281,1614.6659999999767,0.5557553956834532
1548.0,441.4285714281723,3.94,3.55,2978.344000001438,3860.34,8144.34,0.3900000000000001,-0.000899281,1555.1999999999766,0.5557553956834532
1532.48,432.8571428572759,3.927,3.552,2900.3279999997467,3752.33,8215.61,0.375,-0.000899281,1533.147999999977,0.5611510791366906
1525.5,426.1622857144103,3.93,3.559,2858.375,3716.38,8132.73,0.371,-0.000899281,1529.8979999999767,0.5548561151079137
1608.7,424.0,3.885,3.575,3025.1749999998137,3932.38,8364.31,0.3099999999999996,-0.000899281,1612.5659999999766,0.5548561151079137
1680.0,488.0,3.934,3.547,3356.285000000149,4220.29,8504.29,0.387,-0.000899281,1672.8,0.5782374100719424
1556.42,404.91428571473807,3.891,3.578,2888.3909999998286,3788.39,8183.72,0.3130000000000001,-0.000899281,1559.6560000000002,0.5548561151079137
1595.45,465.8571428572759,3.932,3.54,3062.343999999576,3932.34,7980.19,0.3919999999999999,-0.000899281,1599.1799999999998,0.5548561151079137
1606.72,473.0,3.941,3.536,3104.3430000003427,3968.34,8117.53,0.4049999999999998,-0.000899281,1610.258,0.5548561151079137
1611.33,426.4285714281723,3.883,3.571,3010.743000000716,3932.34,8381.95,0.3119999999999998,-0.000899281,1616.4079999999767,0.5548561151079137
1596.0,464.1428571427241,3.942,3.541,3118.617999999784,4004.22,8072.22,0.4010000000000002,-0.000899281,1600.7999999999768,0.5521582733812951
1531.08,431.6571428570896,3.927,3.551,2894.359000000172,3752.36,8202.17,0.3759999999999999,-0.000899281,1534.0319999999767,0.560251799
1459.48,416.5714285718277,3.917,3.588,2660.344000001438,3500.34,7977.62,0.3289999999999997,-0.000899281,1466.4359999999767,0.5584532374100719
1617.12,466.7142857145518,3.945,3.542,3140.234,4040.23,8013.61,0.403,-0.000899281,1620.61,0.5593525179856115
1555.89,442.4000000003725,3.926,3.554,2966.359000000172,3824.36,8565.31,0.3720000000000003,-0.000899281,1558.8839999999884,0.5503597122302158
1548.0,441.9428571425378,3.94,3.55,2966.311999999918,3824.31,8144.31,0.3900000000000001,-0.000899281,1552.7999999999768,0.5548561151079137
1524.03,426.4285714281723,3.925,3.563,2852.343999999576,3716.34,8335.86,0.3619999999999996,-0.000899281,1528.0199999999768,0.5548561151079137
1523.81,427.2857142854482,3.93,3.559,2854.5309999994934,3718.53,8097.09,0.371,-0.000899281,1527.6479999999767,0.553956835
1615.2,466.7142857145518,3.945,3.542,3134.3120000008494,4004.31,8035.83,0.403,-0.000899281,1618.958,0.5584532374100719
1531.55,432.8571428572759,3.928,3.552,2888.3909999988973,3752.39,8250.17,0.3759999999999999,-0.000899281,1532.9359999999767,0.5593525179856116
1668.0,486.0,3.936,3.548,3350.320000000298,4220.32,8504.32,0.3879999999999999,-0.000899281,1675.2,0.5773381294964028
1605.53,473.0,3.941,3.536,3104.360000000336,3968.36,8129.53,0.4049999999999998,-0.000899281,1608.446,0.553956835
1595.11,462.8571428572759,3.932,3.54,3056.3279999997467,3932.33,8048.33,0.3919999999999999,-0.000899281,1597.592,0.553956835
1607.17,422.7428571423516,3.885,3.575,3025.0660000005737,3932.27,8344.42,0.3099999999999996,-0.000899281,1610.6219999999769,0.5539568345323741
1555.88,404.91428571473807,3.891,3.577,2882.344000000506,3788.34,8180.34,0.314,-0.000899281,1558.26,0.5539568345323741
1457.2,414.1714285714552,3.917,3.589,2654.3119999989867,3500.31,7997.01,0.3279999999999998,-0.000899281,1463.3079999999768,0.5575539568345323
1554.34,440.5714285718277,3.926,3.553,2960.3429999994114,3824.34,8511.88,0.3730000000000002,-0.000899281,1557.0419999999883,0.5494604316546763
1521.86,425.8285714285448,3.925,3.563,2846.327999998816,3716.33,8328.88,0.3619999999999996,-0.000899281,1525.8399999999767,0.553956835
1609.16,425.8285714285448,3.883,3.572,3008.2819999996573,3932.28,8365.84,0.3109999999999999,-0.000899281,1613.8219999999767,0.5539568345323741
1596.0,461.1428571427241,3.942,3.542,3116.359,4004.36,8036.36,0.4000000000000003,-0.000899281,1598.399999999977,0.5512589928057554
1548.0,440.1428571427241,3.94,3.551,2960.3590000011027,3824.36,8180.36,0.3889999999999998,-0.000899281,1550.399999999977,0.553956835
1603.91,474.4285714281723,3.94,3.537,3098.313,3968.31,8108.31,0.403,-0.000899281,1606.7,0.5530575539568345
1594.48,464.0,3.932,3.54,3050.328000000678,3932.33,8023.94,0.3919999999999999,-0.000899281,1596.2379999999998,0.5530575539568345
1530.14,432.8571428572759,3.928,3.552,2888.343999999576,3752.34,8221.72,0.3759999999999999,-0.000899281,1531.8479999999768,0.5584532374100719
1596.0,462.0,3.942,3.541,3110.313000000082,4004.31,8108.34,0.4010000000000002,-0.000899281,1596.0,0.5503597122302158
1548.0,439.2857142854482,3.926,3.554,2960.360000000336,3824.36,8564.64,0.3720000000000003,-0.000899281,1554.4879999999885,0.5485611510791367
1607.55,422.7428571423516,3.885,3.576,3020.313000000082,3932.31,8366.42,0.3089999999999997,-0.000899281,1609.1859999999767,0.5530575539568346
1522.5,425.48571428563446,3.93,3.559,2852.360000000336,3716.36,8124.24,0.371,-0.000899281,1525.735999999977,0.5530575539568345
1455.2,415.88571428507566,3.916,3.59,2648.359,3500.36,7944.55,0.326,-0.000899281,1460.3099999999768,0.5566546762589928
1612.7,465.4285714281723,3.944,3.544,3128.473666666076,4004.48,8029.22,0.3999999999999999,-0.000899281,1617.0,0.5575539568345323
1607.27,425.1428571427241,3.882,3.572,3002.218999999576,3932.22,8378.17,0.31,-0.000899281,1611.3599999999767,0.5530575539568345
1521.52,424.5,3.925,3.563,2846.359,3716.36,8338.98,0.3619999999999996,-0.000899281,1524.071999999977,0.5530575539568345
1548.0,440.1428571427241,3.94,3.552,2962.6560000004247,3826.66,8110.66,0.3879999999999999,-0.000899281,1548.0,0.5530575539568345
1555.91,404.91428571473807,3.891,3.578,2881.081999999471,3752.28,8200.25,0.3130000000000001,-0.000899281,1557.1740000000002,0.5530575539568346
1668.0,482.0,3.936,3.548,3377.952624999918,4266.01,8514.01,0.3879999999999999,-0.000899281,1675.2,0.5764388489208633
1513.47,423.7714286,3.924,3.565,2840.235000000336,3716.24,8327.66,0.359,-0.000899281,1521.2879999999766,0.552158273
1606.22,423.0077499998733,3.885,3.575,3017.943999999203,3932.34,8344.89,0.3099999999999996,-0.000899281,1607.8959999999763,0.552158273
1554.84,404.91428571473807,3.891,3.578,2876.484,3752.48,8232.83,0.3130000000000001,-0.000899281,1556.086,0.552158273
1517.92,423.0,3.929,3.559,2846.296999999322,3716.3,8097.67,0.3699999999999996,-0.000899281,1523.351999999977,0.552158273
1527.88,429.8571428572759,3.927,3.553,2882.218999999576,3752.22,8242.75,0.3740000000000001,-0.000899281,1530.6259999999768,0.5575539568345323
1668.0,482.8571428572759,3.936,3.548,3326.3509999997914,4184.35,8504.35,0.3879999999999999,-0.000899281,1672.8,0.5755395683453237
1596.0,462.8571428572759,3.942,3.541,3104.313000000082,3968.31,8072.31,0.4010000000000002,-0.000899281,1596.0,0.5494604316546763
1592.42,464.5714285718277,3.931,3.541,3050.3119999989867,3932.31,7964.31,0.3900000000000001,-0.000899281,1594.8439999999998,0.5521582733812951
1599.36,471.8571428572759,3.939,3.537,3092.328000000678,3968.33,8054.44,0.4020000000000001,-0.000899281,1604.676,0.5521582733812951
1610.78,464.1428571427241,3.944,3.543,3122.218999999576,4004.25,8031.55,0.4009999999999998,-0.000899281,1615.0580000000002,0.5566546762589928
1528.55,431.0,3.918,3.555,2942.328000000678,3824.33,8533.73,0.363,-0.000899281,1548.6459999999884,0.5476618705035972
1601.99,422.5714285718277,3.881,3.572,2996.3590000011027,3896.36,8341.58,0.3089999999999997,-0.000899281,1608.6259999999768,0.552158273
1548.0,441.2571428576484,3.94,3.552,2954.3279999997467,3824.33,8144.33,0.3879999999999999,-0.000899281,1548.0,0.5521582733812951
1453.92,415.2000000001863,3.916,3.589,2642.3279999997467,3500.33,7963.94,0.3269999999999999,-0.000899281,1457.8259999999768,0.5557553956834532
1602.94,432.0,3.887,3.753,2842.375,3815.01,8643.69,0.1339999999999999,-0.000899281,1606.5379999999768,0.5512589928057554
1608.36,462.8571428572759,3.943,3.543,3116.359,4004.36,8032.36,0.3999999999999999,-0.000899281,1612.832,0.5557553956834532
1450.5,414.5142857143656,3.915,3.589,2642.3289999999106,3464.33,7951.66,0.326,-0.000899281,1455.2599999999768,0.5548561151079137
1600.7,429.6399999996647,3.889,3.866,2877.375,3857.38,8616.19,0.0229999999999996,-0.000899281,1606.0679999999768,0.5512589928057554
1522.17,436.797,3.93,3.76,2716.3279999997467,3640.0,8512.22,0.1700000000000003,-0.000899281,1528.5639999999769,0.5566546762589928
1571.39,460.7970000002533,3.928,3.851,2898.391,3850.39,8294.2,0.077,-0.000899281,1589.77,0.5512589928057554
1579.19,457.20349999982864,3.941,3.845,2961.0,3899.01,8379.01,0.096,-0.000899281,1592.6379999999767,0.5485611510791367
1527.61,405.5940000005066,3.886,3.766,2702.344000001438,3654.02,8486.05,0.1200000000000001,-0.000899281,1550.132,0.5512589928057554
1525.44,440.3905000016093,3.921,3.758,2702.3130000010133,3647.02,8867.56,0.1629999999999998,-0.000899281,1542.4439999999884,0.5467625899280575
1591.14,475.1869999989867,3.94,3.745,2919.359,3864.0,8331.78,0.1949999999999998,-0.000899281,1601.332,0.5512589928057554
1504.5,428.4220000002533,3.925,3.769,2632.359,3584.0,8702.22,0.1559999999999997,-0.000899281,1517.0759999999766,0.5512589928057554
1533.59,440.4065000005066,3.94,3.86,2786.0149999996647,3716.98,8448.98,0.08,-0.000899281,1545.1179999999767,0.5512589928057554
1668.0,480.0,3.936,3.549,3320.453000000678,4184.45,8432.45,0.387,-0.000899281,1670.4,0.5746402877697842
1503.08,424.7970000002533,3.93,3.766,2660.3899999996647,3598.02,8473.67,0.1640000000000001,-0.000899281,1518.5619999999767,0.5512589928057554
195805.79,3630.0149999996647,4.256,3.323,63089.98900000006,74700.0,74700.0,0.9330000000000004,-0.000899281,40396.67599999998,0.5503597122302158
196502.91,3549.995000000112,4.257,3.322,62220.00200000126,73589.99,73589.99,0.9349999999999996,-0.000899281,40574.019999999975,0.5476618705035972
193575.49,3829.994666666724,4.254,3.329,63300.00299999956,75105.15,75105.15,0.9249999999999994,-0.000899281,39937.44599999997,0.5557553956834532
196951.39,-177844.223,4.256,3.318,63269.98300000001,74870.98,74870.98,0.9380000000000002,-0.000899281,40674.60599999999,0.5503597122302158
195611.13,4320.0,4.251,3.319,64440.00200000033,76451.27,76451.27,0.9320000000000004,-0.000899281,40353.491999999984,0.545863309
197940.48,123364.0939999828,4.252,3.315,60629.985000000335,71804.09,71804.09,0.9369999999999998,-0.000899281,40826.944,0.5503597122302158
1665.06,478.2812857143581,3.935,3.549,3305.9519999995828,4184.35,8468.35,0.3860000000000001,-0.000899281,1667.4119999999998,0.5737410071942446
193833.34,-56133.374,4.254,3.323,63569.98599999957,75234.02,75234.02,0.9309999999999996,-0.000899281,40050.93999999998,0.5503597122302157
1606.06,459.8571428572759,3.943,3.544,3110.360000000336,4004.36,8019.17,0.399,-0.000899281,1610.62,0.5548561151079137
197086.37,4280.0099999997765,4.252,3.317,62249.984,73933.54,73933.54,0.9349999999999996,-0.000899281,40629.54399999998,0.5503597122302158
1439.39,420.0,3.912,3.772,2450.234000000172,3360.0,8278.81,0.1400000000000001,-0.000899281,1451.2419999999768,0.553956835
193552.48,3699.989333332516,4.255,3.325,60060.0,71118.56,71118.56,0.9299999999999996,-0.000899281,39981.176,0.5503597122302158
194479.71,3780.0,4.255,3.322,59340.0,70200.2,70200.2,0.9329999999999998,-0.000899281,40175.93,0.5503597122302158
195598.59,-173404.415,4.253,3.329,61589.98400000017,72976.99,72976.99,0.924,-0.000899281,40333.17999999998,0.5503597122302158
1555.74,430.2857142854482,3.919,3.557,3747.5520000001416,4834.75,10407.52,0.3620000000000001,-0.000899281,40339.56599999998,0.5494604316546763
193965.41,4260.0,4.25,3.323,59489.98100000061,70690.91,70690.91,0.927,-0.000899281,39952.88399999998,0.5530575539568345
1652.1,433.2857142854482,3.875,3.552,3797.352000000887,4904.35,10356.99,0.3229999999999999,-0.000899281,40059.52799999998,0.5494604316546763
1562.78,438.8571428572759,3.918,3.561,3773.919999998994,4832.32,10513.73,0.3570000000000002,-0.000899281,39943.69199999997,0.5548561151079137
1622.37,466.2857142854482,3.921,3.548,3824.383999999613,4904.38,9949.41,0.3729999999999998,-0.000899281,39986.628,0.5494604316546763
1584.0,448.7142857145518,3.932,3.535,3889.152000000701,4940.35,10448.35,0.3969999999999998,-0.000899281,40403.875999999975,0.5494604316546763
1628.9,476.5622857147828,3.928,3.542,3831.5520000001416,4904.35,10004.19,0.3860000000000001,-0.000899281,40180.604,0.5494604316546763
1632.0,465.8571428572759,3.933,3.52,3941.351999999024,4976.35,10016.35,0.4129999999999998,-0.000899281,40581.21999999998,0.5467625899280575
1563.9,439.7142857145518,3.914,3.544,3709.087999999523,4832.29,10809.47,0.3700000000000001,-0.000899281,40637.951999999976,0.5494604316546763
1656.0,477.0,3.935,3.549,3291.5200000004843,4148.32,8396.32,0.3860000000000001,-0.000899281,1665.012,0.5728417266187049
1605.64,459.8571428572759,3.944,3.546,3104.3590000011027,3968.36,8021.73,0.3980000000000001,-0.000899281,1608.708,0.553956835
1576.45,404.5714285718277,3.879,3.542,3743.351999999024,4868.35,10450.69,0.3370000000000002,-0.000899281,40831.058000000005,0.5494604316546763
1636.86,426.4285714281723,3.877,3.548,3874.8159999996415,4940.42,10311.46,0.3289999999999997,-0.000899281,40680.54399999998,0.5494604316546763
1583.78,451.0,3.914,3.556,3707.352000000887,4832.35,11096.35,0.3580000000000001,-0.000899281,40359.37999999999,0.5449640287769784
1664.54,438.0,3.88,3.58,3169.120000000112,4076.32,8672.29,0.2999999999999998,-0.000899281,40070.981999999975,0.5485611510791367
1631.84,470.5714285718277,3.927,3.556,3176.223,4040.22,8225.22,0.371,-0.000899281,39994.1,0.5485611510791367
1656.0,476.0,3.935,3.549,3284.3199999993667,4148.32,8396.32,0.3860000000000001,-0.000899281,1662.612,0.5719424460431655
1594.21,455.0,3.924,3.566,3080.3509999997914,3932.35,8900.35,0.3580000000000001,-0.000899281,40368.62199999999,0.5440647482014389
1472.64,420.3428571429104,3.904,3.568,3608.3519999999553,4688.35,10557.5,0.3359999999999998,-0.000899281,39956.37199999998,0.5521582733812951
1587.87,409.2857142854482,3.884,3.589,2974.7519999993965,3860.35,8379.71,0.2949999999999999,-0.000899281,40837.45,0.5485611510791367
1649.47,429.4285714281723,3.882,3.584,3133.120000000112,4040.32,8574.34,0.298,-0.000899281,40688.92799999998,0.5485611510791367
1575.39,445.2857142854482,3.921,3.574,2996.320000000298,3860.32,8592.19,0.347,-0.000899281,40648.72599999998,0.5485611510791367
1565.79,435.08571428526193,3.924,3.57,2981.9210000000894,3860.32,8348.64,0.3540000000000001,-0.000899281,40348.22399999997,0.5485611510791367
1604.16,459.8394285719842,3.944,3.545,3098.360000000336,3968.36,8013.7,0.399,-0.000899281,1607.0,0.5530575539568345
1632.0,471.8571428572759,3.939,3.555,3248.352999999188,4112.35,8324.35,0.3839999999999999,-0.000899281,40588.41999999998,0.5458633093525179
1638.15,480.8571428572759,3.934,3.551,3205.150999998674,4076.35,8285.41,0.383,-0.000899281,40187.452,0.5485611510791367
1596.0,455.3142857141793,3.938,3.563,3104.320000000298,3968.32,8432.32,0.375,-0.000899281,40413.47599999998,0.5485611510791367
1575.29,444.8571428572759,3.924,3.565,3014.320000000298,3860.32,8411.68,0.359,-0.000899281,39952.72199999997,0.553956835
1568.48,434.7428571423516,3.927,3.567,3014.3199999993667,3860.32,8237.95,0.3599999999999999,-0.000899281,40358.33599999997,0.5476618705035972
1593.25,409.02857142779976,3.887,3.586,3010.783999999985,3896.38,8320.58,0.3010000000000001,-0.000899281,40845.132,0.5476618705035972
1644.0,475.7142857145518,3.941,3.552,3278.321000000462,4148.32,8252.32,0.3889999999999998,-0.000899281,40598.019999999975,0.5449640287769785
1480.03,418.62857142835855,3.912,3.601,2720.320000000298,3572.32,8169.76,0.3109999999999999,-0.000899281,39961.59399999998,0.5512589928057554
1602.95,461.0,3.944,3.545,3097.1749999998137,3968.38,8050.02,0.399,-0.000899281,1605.434,0.552158273
1664.32,440.5714285718277,3.881,3.576,3205.154000000097,4112.35,8629.98,0.3049999999999997,-0.000899281,40083.44799999997,0.5476618705035972
1644.0,476.0,3.934,3.549,3272.3509999997914,4148.35,8324.36,0.3850000000000002,-0.000899281,1657.812,0.5710431654676259
1597.09,455.9980000006035,3.929,3.563,3110.320000000298,3968.32,8895.94,0.3659999999999996,-0.000899281,40382.32999999998,0.5431654676258992
1579.58,448.11428571492434,3.925,3.57,3032.382000000216,3896.38,8556.13,0.355,-0.000899281,40661.947999999975,0.5476618705035972
1633.38,472.0,3.93,3.553,3205.120000000112,4076.32,8110.24,0.3770000000000002,-0.000899281,40002.292,0.5476618705035972
1652.03,433.7142857145518,3.883,3.58,3169.185000000521,4076.39,8584.77,0.3029999999999999,-0.000899281,40698.08999999998,0.5476618705035972
1641.34,482.0,3.937,3.549,3230.318000000901,4112.32,8221.89,0.3879999999999999,-0.000899281,40195.848000000005,0.5476618705035972
1596.0,457.2857142854482,3.939,3.559,3140.383999999613,4004.38,8396.38,0.3799999999999999,-0.000899281,40423.07599999998,0.5476618705035972
1576.0,444.4285714281723,3.925,3.562,3056.2560000009835,3896.26,8353.92,0.363,-0.000899281,39962.345999999976,0.5530575539568345
1596.0,455.0,3.94,3.557,3140.354000000283,4004.35,8360.35,0.383,-0.000899281,40435.557999999975,0.5467625899280575
1575.55,445.7142857145518,3.925,3.561,3056.321000000462,3896.32,8370.91,0.3639999999999999,-0.000899281,39973.021999999975,0.5521582733812951
1639.77,484.7142857145518,3.937,3.548,3242.256000000052,4112.26,8193.47,0.3889999999999998,-0.000899281,40205.574,0.5467625899280575
1565.98,437.1428571427241,3.927,3.567,3020.383999999613,3896.38,8190.11,0.3599999999999999,-0.000899281,40370.915999999976,0.5467625899280575
1593.21,409.7142857145518,3.887,3.584,3025.185,3896.38,8287.26,0.3029999999999999,-0.000899281,40858.252,0.5467625899280576
1644.0,474.0,3.941,3.551,3290.320000000298,4148.32,8216.32,0.3899999999999997,-0.000899281,40610.981999999975,0.5440647482014389
1651.14,430.2857142854482,3.883,3.58,3176.223,4076.22,8536.89,0.3029999999999999,-0.000899281,40708.17799999998,0.5467625899280576
1477.95,419.3142857141793,3.913,3.6,2744.351999999956,3572.35,8079.65,0.3129999999999997,-0.000899281,39967.08399999998,0.5503597122302158
1585.98,460.8130000010133,3.941,3.755,2940.3429999994114,3884.98,8225.38,0.1859999999999999,-0.000899281,1600.958,0.5512589928057554
1663.3,440.1428571427241,3.883,3.575,3197.9210000000894,4112.32,8652.99,0.3079999999999998,-0.000899281,40095.519999999975,0.5467625899280576
1644.0,474.4285714281723,3.934,3.55,3260.328000000678,4148.33,8360.33,0.3840000000000003,-0.000899281,1653.012,0.5701438848920863
1584.0,455.1428571427241,3.93,3.562,3116.3199999993667,3968.32,8861.12,0.3680000000000003,-0.000899281,40394.04199999999,0.5422661870503596
1578.24,448.0,3.927,3.569,3044.352999999188,3896.35,8613.15,0.3580000000000001,-0.000899281,40676.69599999997,0.5467625899280575
1631.97,473.0,3.93,3.552,3212.353999999352,4076.35,8099.71,0.3780000000000001,-0.000899281,40014.408,0.5467625899280575
1596.0,456.0,3.94,3.558,3134.3209999995306,4004.32,8324.32,0.3820000000000001,-0.000899281,1593.5999999999767,0.5458633093525179
1629.98,472.7142857145518,3.93,3.552,3205.120000000112,4076.32,8081.28,0.3780000000000001,-0.000899281,1629.908,0.5458633093525179
1563.77,435.4285714281723,3.928,3.565,3014.3509999997914,3860.35,8167.39,0.363,-0.000899281,1563.9519999999768,0.545863309
1476.35,420.0,3.913,3.601,2744.2249999996275,3572.22,7998.46,0.3119999999999998,-0.000899281,39974.47599999998,0.5494604316546763
1574.72,441.8571428572759,3.928,3.568,3032.3199999993667,3896.32,8588.87,0.3599999999999999,-0.000899281,1574.3659999999768,0.545863309
1650.85,431.5714285718277,3.885,3.58,3169.1830000001937,4076.38,8546.18,0.3049999999999997,-0.000899281,1648.0699999999767,0.545863309
1592.09,453.0,3.93,3.562,3104.3199999993667,3968.32,8805.66,0.3680000000000003,-0.000899281,1590.2339999999883,0.5413669064748201
1644.0,473.1428571427241,3.933,3.549,3254.313000000082,4112.31,8360.31,0.3839999999999999,-0.000899281,1648.8,0.5692446043165468
1661.38,438.4285714281723,3.884,3.575,3190.751000000164,4112.35,8629.02,0.3089999999999997,-0.000899281,1661.1279999999765,0.545863309
196104.06,183357.5633333325,4.256,3.315,62039.99600000028,73443.4,73443.4,0.9410000000000004,-0.000899281,40500.558000000005,0.5503597122302158
1573.89,444.0,3.927,3.561,3056.3520000008866,3896.35,8326.15,0.3660000000000001,-0.000899281,1572.7019999999768,0.5512589928057554
1644.0,475.2937142858282,3.942,3.55,3284.3520000008866,4148.35,8180.35,0.3920000000000003,-0.000899281,1639.1999999999766,0.5431654676258992
1593.34,412.79999999981374,3.888,3.584,3025.121000000276,3896.32,8349.12,0.3039999999999998,-0.000899281,1588.824,0.545863309
1638.69,483.0,3.938,3.548,3233.950999999419,4112.35,8195.84,0.3900000000000001,-0.000899281,1637.37,0.5458633093525179
1644.0,475.0,3.942,3.55,3278.2539999997243,4148.25,8180.25,0.3920000000000003,-0.000899281,1641.5999999999767,0.5422661870503597
1571.74,442.2857142854482,3.927,3.561,3050.3520000008866,3896.35,8347.74,0.3660000000000001,-0.000899281,1574.4939999999767,0.5503597122302158
1562.21,435.4285714281723,3.928,3.565,3008.3870000001043,3860.39,8167.65,0.363,-0.000899281,1565.245999999977,0.5449640287769784
1628.67,471.0,3.931,3.551,3194.2539999997243,4076.25,8087.68,0.3799999999999999,-0.000899281,1631.168,0.5449640287769785
1477.12,418.9714285712689,3.914,3.601,2738.321000000462,3572.32,7992.23,0.3130000000000001,-0.000899281,1476.8179999999768,0.5485611510791367
1636.22,483.0,3.938,3.546,3230.351999999956,4112.35,8131.49,0.3920000000000003,-0.000899281,1638.834,0.5449640287769785
1571.01,440.5714285718277,3.929,3.586,3020.222000000067,3896.22,8621.44,0.3429999999999999,-0.000899281,1575.7879999999768,0.5449640287769784
1584.0,450.8571428572759,3.929,3.562,3092.2539999997243,3968.25,8777.09,0.367,-0.000899281,1590.2779999999884,0.5404676258992807
1635.42,466.7142857145518,3.932,3.516,3903.5520000001416,4976.35,10009.7,0.4159999999999999,-0.000899281,40506.514,0.5494604316546763
1596.0,455.1428571427241,3.941,3.557,3134.3509999997914,4004.35,8360.35,0.3839999999999999,-0.000899281,1596.0,0.5449640287769785
1592.51,413.48571428563446,3.889,3.584,3020.320000000298,3896.32,8327.36,0.3049999999999997,-0.000899281,1592.036,0.5449640287769785
1644.0,429.8571428572759,3.885,3.579,3164.3509999997914,4076.35,8535.71,0.3059999999999996,-0.000899281,1649.4979999999766,0.5449640287769785
1644.0,471.8571428572759,3.933,3.55,3242.343999999576,4112.34,8360.34,0.383,-0.000899281,1646.4,0.5683453237410072
1658.21,438.4285714281723,3.884,3.574,3183.5820000004023,4076.38,8633.76,0.31,-0.000899281,1662.3499999999767,0.5449640287769784
1585.41,451.0,3.928,3.562,3107.4069999996573,3971.41,8751.95,0.3660000000000001,-0.000899281,1588.5179999999884,0.539568345
1477.44,419.5714285708964,3.914,3.602,2737.120000001043,3572.32,7989.12,0.3120000000000003,-0.000899281,1477.7779999999766,0.5476618705035972
1645.38,471.0,3.938,3.559,3226.752000000328,4112.35,8262.91,0.379,-0.000899281,40514.758,0.5485611510791367
1718.56,526.0,3.933,3.55,3236.3430000003427,4112.34,8324.34,0.383,-0.000899281,1658.9120000000005,0.5674460431654677
1653.95,436.0,3.884,3.574,3221.4420000007376,4121.44,8663.96,0.31,-0.000899281,1660.2319999999768,0.5440647482014388
1645.09,429.8571428572759,3.886,3.579,3453.9730000020936,4105.43,8556.18,0.3069999999999999,-0.000899281,1648.6219999999769,0.5440647482014388
1596.0,453.9428571425378,3.941,3.558,3122.3509999997914,4224.3,8292.3,0.383,-0.000899281,1596.0,0.5440647482014389
1558.12,433.02857142779976,3.927,3.565,3002.3199999993667,5391.01,8055.07,0.3620000000000001,-0.000899281,1563.7119999999768,0.5440647482014389
1590.76,411.7714286,3.889,3.583,3017.853999999352,4573.39,8280.14,0.3059999999999996,-0.000899281,1592.614,0.5440647482014388
1624.9,469.7142857145518,3.931,3.552,3188.285000000149,5889.84,7978.48,0.379,-0.000899281,1629.78,0.5440647482014389
1565.6,437.48571428563446,3.928,3.567,3281.105000000447,3930.73,8568.04,0.3609999999999997,-0.000899281,1573.8299999999767,0.5440647482014389
1568.74,444.0,3.927,3.561,3044.320000000298,4532.55,8278.59,0.3660000000000001,-0.000899281,1573.1839999999768,0.5494604316546763
1632.0,475.2857142854482,3.941,3.549,3278.351,5118.16,8106.39,0.3919999999999999,-0.000899281,1641.5999999999767,0.5413669064748202
1633.51,480.0,3.937,3.546,3224.351999999956,5370.9,8080.5,0.391,-0.000899281,1637.906,0.5440647482014389
1642.56,429.2571428576484,3.886,3.579,3146.3520000008866,4040.35,8523.59,0.3069999999999999,-0.000899281,1646.7279999999766,0.5431654676258992
1588.87,413.5714285718277,3.89,3.583,3008.219000001438,3896.22,8318.84,0.3069999999999999,-0.000899281,1591.738,0.5431654676258992
1631.04,481.7142857145518,3.938,3.546,3212.3199999993667,4076.32,8146.23,0.3920000000000003,-0.000899281,1635.846,0.5431654676258992
1632.0,475.0,3.942,3.549,3266.226999999956,4148.23,8180.23,0.3930000000000002,-0.000899281,1639.1999999999766,0.5404676258992805
1648.0,471.8571428572759,3.939,3.556,3260.3849999997765,4148.38,8176.8,0.383,-0.000899281,40523.768,0.5476618705035972
1555.77,432.4285714281723,3.928,3.565,2984.3899999996647,3860.39,8168.2,0.363,-0.000899281,1561.1699999999769,0.5431654676258992
1565.89,441.0,3.927,3.561,3032.321000000462,3896.32,8318.46,0.3660000000000001,-0.000899281,1571.1619999999768,0.5485611510791367
1621.8,470.0,3.93,3.551,3170.351,4040.35,8055.2,0.379,-0.000899281,1627.464,0.5431654676258992
1704.0,518.0,3.93,3.52,3446.359,4328.36,8540.36,0.4100000000000001,-0.000899281,1670.9120000000005,0.5665467625899281
1582.72,448.2857142854482,3.928,3.563,3068.3829999994487,3932.38,8657.66,0.3649999999999997,-0.000899281,1585.6439999999884,0.5386690647482014
1650.55,434.1295714294538,3.883,3.575,3154.720999999903,4076.32,8574.82,0.3079999999999998,-0.000899281,1657.4779999999766,0.5431654676258992
1478.46,419.5714285708964,3.913,3.6,2732.3509999997914,6679.75,7765.15,0.3129999999999997,-0.000899281,1477.4639999999767,0.5467625899280575
1584.0,453.0,3.94,3.558,3111.5261999992654,3968.32,8252.32,0.3820000000000001,-0.000899281,1593.5999999999767,0.5431654676258992
1562.43,437.9690000005066,3.928,3.569,2990.320000000298,3860.32,8510.4,0.359,-0.000899281,1570.399999999977,0.5431654676258992
1584.0,453.0,3.941,3.558,3104.3509999997914,3968.35,8288.35,0.383,-0.000899281,1591.1999999999766,0.5422661870503597
1692.0,516.0,3.928,3.523,3410.219000001438,4292.22,8539.11,0.4049999999999998,-0.000899281,1680.5120000000002,0.5656474820143884
1628.7,481.7142857145518,3.938,3.545,3200.3520000008866,4076.35,8147.62,0.3930000000000002,-0.000899281,1633.632,0.5422661870503597
1557.6,436.7142857145518,3.928,3.567,2978.3520000008866,3860.35,8486.31,0.3609999999999997,-0.000899281,1566.2719999999767,0.5422661870503596
1586.82,411.8571428572759,3.891,3.583,3003.5200000004843,3896.32,8331.45,0.3079999999999998,-0.000899281,1590.46,0.5422661870503597
1632.0,475.0,3.941,3.548,3260.3509999997914,4112.35,8180.35,0.3929999999999998,-0.000899281,1636.7999999999768,0.539568345
1642.44,429.8571428572759,3.887,3.58,3134.3520000008866,4040.35,8502.11,0.3069999999999999,-0.000899281,1644.9879999999769,0.5422661870503597
1475.05,417.8571428563446,3.915,3.599,2726.320000000298,3572.32,7982.81,0.3159999999999998,-0.000899281,1476.8839999999768,0.5458633093525179
1650.98,435.4285714281723,3.885,3.574,3147.5520000001416,4040.38,8574.98,0.3109999999999999,-0.000899281,1655.0139999999767,0.5422661870503596
1620.16,469.7142857145518,3.931,3.55,3164.320000000298,4040.32,8074.14,0.3810000000000002,-0.000899281,1625.102,0.5422661870503597
1578.2,447.0,3.927,3.562,3056.320000000298,3932.32,8667.3,0.3650000000000002,-0.000899281,1584.4839999999883,0.5377697841726619
1646.34,470.1428571427241,3.94,3.555,3266.348999999464,4148.35,8140.45,0.3849999999999998,-0.000899281,40535.84,0.5467625899280575
1564.64,441.0,3.927,3.56,3025.1829999992624,3860.38,8316.61,0.367,-0.000899281,1568.9799999999768,0.5476618705035972
1552.12,433.5,3.928,3.565,2978.320000000298,3824.32,8114.21,0.363,-0.000899281,1558.3979999999767,0.5422661870503596
1549.38,431.1428571427241,3.928,3.565,2966.3829999994487,3824.38,8128.19,0.363,-0.000899281,1555.5199999999766,0.5413669064748201
1573.89,445.02857142779976,3.926,3.563,3044.3509999997914,3932.35,8607.16,0.363,-0.000899281,1580.8439999999885,0.5368705035971223
1563.01,439.88571428507566,3.928,3.56,3025.150999999605,3860.35,8288.83,0.3679999999999999,-0.000899281,1566.803999999977,0.5467625899280575
1647.55,434.05714285746217,3.883,3.574,3147.521000000648,4040.32,8574.21,0.3090000000000001,-0.000899281,1652.2479999999766,0.5413669064748201
1616.48,467.0,3.931,3.55,3154.752000000328,4040.35,8047.68,0.3810000000000002,-0.000899281,1622.402,0.5413669064748202
1645.54,472.0,3.941,3.555,3260.3520000008866,4148.35,8123.23,0.3859999999999997,-0.000899281,1644.136,0.545863309
1476.36,420.8571428563446,3.916,3.599,2714.3130000010133,3572.31,7982.3,0.3169999999999997,-0.000899281,1476.8859999999763,0.5449640287769785
1584.0,452.1428571427241,3.942,3.557,3104.321000000462,3968.32,8252.32,0.3850000000000002,-0.000899281,1588.7999999999768,0.5413669064748202
1625.82,479.0,3.938,3.545,3196.6559999994934,4078.66,8128.19,0.3930000000000002,-0.000899281,1631.058,0.5413669064748202
1583.94,410.05714285746217,3.891,3.582,2996.351999999024,3860.35,8300.86,0.3090000000000001,-0.000899281,1588.58,0.5413669064748201
1638.59,426.8571428572759,3.887,3.579,3140.2270000008866,4040.23,8491.52,0.3079999999999998,-0.000899281,1642.5359999999769,0.5413669064748201
1632.0,475.0,3.942,3.548,3254.3509999997914,4112.35,8180.35,0.3940000000000001,-0.000899281,1634.399999999977,0.5386690647482014
1552.1,434.1428571427241,3.927,3.568,2960.3829999994487,3824.38,8473.3,0.359,-0.000899281,1561.7479999999766,0.5413669064748201
1692.0,514.0206666653976,3.927,3.526,3392.360000000336,4292.36,8540.36,0.4010000000000002,-0.000899281,1690.1120000000003,0.564748201
1642.98,472.0,3.941,3.554,3255.556000000797,4112.36,8074.56,0.387,-0.000899281,1645.648,0.5449640287769784
1632.0,475.0,3.942,3.548,3242.3509999997914,4112.35,8216.35,0.3940000000000001,-0.000899281,1632.0,0.5377697841726619
1692.0,512.0,3.926,3.526,3380.2180000003427,4256.22,8576.22,0.4000000000000003,-0.000899281,1699.7120000000002,0.5638489208633093
1641.02,431.5714285718277,3.883,3.574,3140.383,4040.38,8539.45,0.3090000000000001,-0.000899281,1648.809999999977,0.5404676258992805
1582.05,410.05714285746217,3.891,3.582,2984.3509999997914,3860.35,8325.44,0.3090000000000001,-0.000899281,1586.4879999999998,0.5404676258992805
1633.57,426.1602857140824,3.887,3.579,3125.919999998994,4040.32,8507.23,0.3079999999999998,-0.000899281,1640.4499999999766,0.5404676258992805
1547.2,429.9428571425378,3.928,3.564,2954.257000000216,3824.26,8157.44,0.3639999999999999,-0.000899281,1552.5179999999768,0.5404676258992807
1623.62,479.0,3.938,3.545,3182.351,4040.35,8150.34,0.3930000000000002,-0.000899281,1628.538,0.5404676258992805
1569.73,444.3428571429104,3.925,3.563,3038.351999999956,3896.35,8632.45,0.3619999999999996,-0.000899281,1577.9899999999884,0.5359712230215827
1561.5,439.88571428507566,3.928,3.56,3014.320000000298,3860.32,8242.76,0.3679999999999999,-0.000899281,1564.755999999977,0.5458633093525179
1547.71,432.8571428572759,3.926,3.568,2942.3520000008866,3824.35,8458.34,0.3580000000000001,-0.000899281,1557.0879999999763,0.5404676258992807
1613.69,465.4285714281723,3.931,3.55,3140.3509999997914,4004.35,8067.65,0.3810000000000002,-0.000899281,1619.4060000000002,0.5404676258992805
1584.0,452.1428571427241,3.942,3.557,3098.2259999997914,3968.23,8252.23,0.3850000000000002,-0.000899281,1586.399999999977,0.5404676258992805
1478.46,420.4285714291036,3.918,3.6,2714.321,3572.32,7996.13,0.318,-0.000899281,1477.1539999999766,0.5440647482014389
1579.3,408.8571428572759,3.891,3.583,2978.321000000462,3860.32,8303.13,0.3079999999999998,-0.000899281,1584.196,0.539568345
1630.62,425.5714285718277,3.887,3.58,3111.4889999991283,4004.29,8459.62,0.3069999999999999,-0.000899281,1637.5559999999766,0.539568345
1544.09,429.8803928578273,3.928,3.565,2945.919999999925,3824.32,8182.34,0.363,-0.000899281,1549.7119999999766,0.539568345
1559.01,439.2857142854482,3.929,3.56,3003.5509999999776,3860.35,8266.94,0.3689999999999998,-0.000899281,1562.8099999999768,0.5449640287769785
1620.52,477.4285714281723,3.938,3.546,3170.320000000298,4040.32,8149.34,0.3920000000000003,-0.000899281,1625.94,0.539568345
1566.06,441.8571428572759,3.925,3.563,3026.3520000008866,3896.35,8616.35,0.3619999999999996,-0.000899281,1574.1199999999883,0.5350719424460431
1478.49,419.3142857141793,3.919,3.597,2720.351999999956,3572.35,8037.95,0.322,-0.000899281,1477.3639999999766,0.5431654676258992
1584.0,452.1428571427241,3.942,3.557,3086.3199999993667,3968.32,8216.32,0.3850000000000002,-0.000899281,1584.0,0.539568345
1620.0,472.2857142854482,3.942,3.548,3230.3520000008866,4112.35,8216.35,0.3940000000000001,-0.000899281,1629.5999999999767,0.5368705035971223
1611.23,466.0,3.931,3.55,3134.218999999576,4004.22,8097.34,0.3810000000000002,-0.000899281,1616.672,0.539568345
1543.55,431.5714285718277,3.926,3.568,2930.320000000298,3788.32,8427.45,0.3580000000000001,-0.000899281,1552.6779999999767,0.539568345
1640.45,469.0,3.94,3.554,3248.258,5576.71,8031.84,0.3860000000000001,-0.000899281,1644.6619999999998,0.5440647482014389
1637.15,430.0,3.882,3.575,3118.782999999821,4040.38,8530.69,0.3069999999999999,-0.000899281,1645.4499999999766,0.539568345
1692.0,510.8571428572759,3.926,3.526,3374.218999999576,4256.22,8504.22,0.4000000000000003,-0.000899281,1694.4,0.5629496402877698
1563.24,440.5714285718277,3.924,3.564,3020.351,3896.35,8618.1,0.3599999999999999,-0.000899281,1570.2239999999883,0.5341726618705036
1638.66,469.0,3.941,3.554,3236.2270000008866,4112.23,8120.96,0.387,-0.000899281,1642.794,0.5431654676258992
1477.76,420.4285714291036,3.918,3.596,2720.390000000596,3572.39,8062.7,0.322,-0.000899281,1477.2239999999767,0.5422661870503597
1620.0,472.0,3.943,3.548,3224.3909999988973,4076.39,8216.39,0.395,-0.000899281,1627.1999999999766,0.5359712230215827
1620.0,424.2857142854482,3.886,3.58,3104.351999999024,4004.35,8455.08,0.306,-0.000899281,1633.043999999977,0.5386690647482013
1540.64,429.2571428576484,3.929,3.565,2936.3199999993667,3788.32,8096.06,0.3639999999999999,-0.000899281,1546.6859999999767,0.5386690647482014
1584.0,451.0,3.943,3.556,3080.3520000008866,3932.35,8252.35,0.387,-0.000899281,1584.0,0.5386690647482014
1618.62,478.0,3.938,3.545,3158.3520000008866,4040.35,8162.2,0.3930000000000002,-0.000899281,1623.456,0.5386690647482014
1577.3,407.6571428570896,3.892,3.583,2967.5519999992102,3860.35,8290.3,0.3089999999999997,-0.000899281,1581.882,0.5386690647482013
1608.0,464.1251428574324,3.931,3.55,3125.827000000514,4004.23,8038.12,0.3810000000000002,-0.000899281,1613.912,0.5386690647482014
1540.19,430.2857142854482,3.926,3.569,2912.382000000216,3788.38,8404.95,0.3570000000000002,-0.000899281,1548.2299999999766,0.5386690647482014
1557.57,439.2857142854482,3.929,3.56,2996.3199999993667,3860.32,8269.69,0.3689999999999998,-0.000899281,1561.1459999999763,0.5440647482014389
1680.0,508.0,3.924,3.527,3368.3279999997467,4256.33,8432.33,0.3969999999999998,-0.000899281,1689.6,0.5620503597122302
1635.14,430.2857142854482,3.883,3.576,3110.3509999997914,4004.35,8484.87,0.3069999999999999,-0.000899281,1642.3679999999767,0.5386690647482014
1538.84,428.5714285718277,3.928,3.566,2924.359,3788.36,8127.52,0.3620000000000001,-0.000899281,1544.0299999999768,0.5377697841726619
1473.24,419.6571428570896,3.917,3.596,2714.351999999956,3572.35,8028.26,0.3209999999999997,-0.000899281,1476.861999999977,0.5413669064748202
1616.55,476.0,3.938,3.544,3152.320000000298,4040.32,8141.88,0.3940000000000001,-0.000899281,1621.026,0.5377697841726619
1576.12,407.6571428570896,3.892,3.583,2960.3909999988973,3824.39,8297.89,0.3089999999999997,-0.000899281,1579.7419999999995,0.5377697841726619
1606.38,465.8571428572759,3.93,3.55,3116.311999999918,4004.31,8026.2,0.3800000000000003,-0.000899281,1611.156,0.5377697841726619
1584.03,451.0,3.943,3.557,3074.343999999576,3932.34,8288.34,0.3860000000000001,-0.000899281,1584.005999999977,0.5377697841726619
1625.61,423.08571428526193,3.886,3.58,3089.9129999997094,4004.31,8423.39,0.306,-0.000899281,1629.6779999999767,0.5377697841726619
1620.0,472.2857142854482,3.943,3.548,3212.343999999576,4076.34,8180.34,0.395,-0.000899281,1624.7999999999768,0.5350719424460432
1555.97,439.2857142854482,3.929,3.559,2989.143999999389,3860.34,8251.78,0.3699999999999996,-0.000899281,1559.4119999999766,0.5431654676258992
1663.19,508.8129999991506,3.916,3.83,3157.0,4123.01,8820.0,0.086,-0.000899281,1683.8380000000002,0.5611510791366905
1535.81,429.0,3.925,3.569,2902.4539999999106,3790.45,8386.56,0.3559999999999998,-0.000899281,1543.8719999999769,0.5377697841726619
1633.64,429.0,3.882,3.576,3097.1430000001565,4004.34,8490.97,0.306,-0.000899281,1638.899999999977,0.5377697841726619
1636.39,470.1428571427241,3.941,3.553,3230.3199999993667,4112.32,8103.84,0.3879999999999999,-0.000899281,1640.804,0.5422661870503596
1559.58,439.2857142854482,3.924,3.564,3014.266,3860.27,8577.25,0.3599999999999999,-0.000899281,1566.4999999999884,0.5332733812949642
1572.12,406.9714285722002,3.891,3.583,2954.3120000008494,3824.31,8263.03,0.3079999999999998,-0.000899281,1577.378,0.5368705035971223
1536.3,428.5714285718277,3.928,3.564,2918.343999999576,3788.34,8134.88,0.3639999999999999,-0.000899281,1541.4139999999766,0.5368705035971223
1470.59,417.2571428567171,3.916,3.596,2708.226999999956,3536.23,8007.84,0.3199999999999998,-0.000899281,1475.707999999977,0.5404676258992805
1620.0,469.2857142854482,3.943,3.548,3206.3279999997467,4076.33,8199.88,0.395,-0.000899281,1622.399999999977,0.5341726618705037
1557.47,439.7142857145518,3.923,3.565,3002.328000000678,3860.33,8592.94,0.3580000000000001,-0.000899281,1563.2159999999883,0.5323741007194245
1683.62,507.0,3.916,3.828,3140.2810000004247,4076.28,8684.28,0.088,-0.000899281,1682.1619999999998,0.560251799
1604.12,464.5714285718277,3.929,3.549,3111.496000000276,3968.3,8063.44,0.3799999999999999,-0.000899281,1608.684,0.5368705035971223
1553.31,438.0,3.929,3.559,2984.344000001438,3824.34,8289.31,0.3699999999999996,-0.000899281,1557.4719999999766,0.5422661870503597
1572.0,450.0,3.942,3.556,3068.219000001438,3932.22,8252.22,0.3860000000000001,-0.000899281,1581.6059999999766,0.5368705035971223
1531.91,427.7142857145518,3.925,3.569,2888.359000000172,3752.36,8358.17,0.3559999999999998,-0.000899281,1539.8339999999766,0.5368705035971223
1614.25,476.1428571427241,3.938,3.545,3146.359,4004.36,8153.12,0.3930000000000002,-0.000899281,1618.712,0.5368705035971223
1632.45,429.5999999996274,3.882,3.576,3089.928000000305,4004.33,8498.75,0.306,-0.000899281,1635.8799999999767,0.5368705035971223
1623.62,423.0,3.886,3.581,3082.791,3968.39,8410.53,0.3050000000000001,-0.000899281,1626.6839999999768,0.5368705035971223
1633.57,467.1428571427241,3.94,3.553,3219.511999999173,4112.31,8109.85,0.387,-0.000899281,1638.41,0.5413669064748201
1533.0,429.03524999972433,3.927,3.565,2912.234,3788.23,8121.73,0.3620000000000001,-0.000899281,1538.5739999999764,0.5359712230215827
1548.48,435.4285714281723,3.927,3.56,2972.3429999994114,3824.34,8257.91,0.367,-0.000899281,1554.8679999999767,0.5413669064748202
1572.0,451.0,3.941,3.556,3062.313000000082,3932.31,8216.31,0.3849999999999998,-0.000899281,1579.2059999999767,0.5359712230215827
1680.0,509.0,3.922,3.533,3341.818999999203,4220.22,8504.22,0.3890000000000002,-0.000899281,1679.762,0.5593525179856115
1600.99,463.2857142854482,3.929,3.55,3104.311999999918,3968.31,8059.84,0.379,-0.000899281,1606.1439999999998,0.5359712230215827
1527.89,426.4285714281723,3.924,3.569,2876.3590000011027,3752.36,8363.26,0.355,-0.000899281,1535.8699999999767,0.5359712230215827
1569.56,405.0,3.891,3.583,2942.375,3824.38,8301.25,0.3079999999999998,-0.000899281,1574.88,0.5359712230215827
1611.81,474.8571428572759,3.937,3.545,3140.3289999999106,4004.33,8139.05,0.3919999999999999,-0.000899281,1616.35,0.5359712230215827
1621.03,421.7142857145518,3.885,3.582,3075.560000000521,3968.36,8412.36,0.3029999999999999,-0.000899281,1624.1759999999767,0.5359712230215827
1628.58,429.0,3.882,3.575,3082.6500000003725,4004.25,8489.77,0.3069999999999999,-0.000899281,1633.3919999999769,0.5359712230215827
1620.0,468.0,3.943,3.549,3194.328000000678,4076.33,8216.33,0.3940000000000001,-0.000899281,1620.0,0.533273381
1630.82,468.0,3.941,3.553,3206.3509999997914,4076.35,8086.11,0.3879999999999999,-0.000899281,1635.978,0.5404676258992807
1467.27,417.0,3.915,3.598,2696.2180000003427,3536.22,8002.36,0.3170000000000001,-0.000899281,1473.4699999999768,0.539568345
1556.45,438.4285714281723,3.922,3.564,2996.343999999576,3860.34,8582.26,0.3580000000000001,-0.000899281,1560.5599999999883,0.5314748201438849
1619.45,422.0,3.885,3.581,3068.3289999999106,3968.33,8414.69,0.3039999999999998,-0.000899281,1621.9419999999768,0.5350719424460432
1530.3,426.0,3.927,3.565,2900.3279999997467,3752.33,8157.31,0.3620000000000001,-0.000899281,1535.8159999999766,0.5350719424460431
1543.19,434.1428571427241,3.927,3.56,2960.359,3824.36,8262.78,0.367,-0.000899281,1551.7039999999768,0.5404676258992805
1464.61,415.88571428507566,3.916,3.598,2684.359999999404,3536.36,7976.14,0.318,-0.000899281,1470.6939999999768,0.5386690647482014
1608.0,465.0,3.943,3.549,3182.359,4040.36,8180.36,0.3940000000000001,-0.000899281,1617.5999999999767,0.5323741007194245
1628.38,465.8571428572759,3.941,3.552,3200.25,4076.25,8089.82,0.3889999999999998,-0.000899281,1633.564,0.539568345
1680.0,510.0,3.924,3.529,3356.3120000008494,4256.34,8540.31,0.395,-0.000899281,1677.362,0.5584532374100719
1609.22,473.5714285718277,3.937,3.546,3128.343999999576,4004.34,8129.11,0.391,-0.000899281,1614.09,0.5350719424460432
1566.92,403.88571428507566,3.891,3.584,2931.590999999084,3824.39,8295.33,0.3069999999999999,-0.000899281,1572.404,0.5350719424460432
1572.0,447.0,3.941,3.556,3050.359,3896.36,8252.36,0.3849999999999998,-0.000899281,1576.8059999999766,0.5350719424460432
1631.36,486.0,3.924,3.57,2864.343999999576,3716.34,8349.98,0.3540000000000001,-0.000899281,1553.4319999999766,0.5350719424460431
1625.22,427.2000000001863,3.882,3.576,3074.375,3968.38,8509.38,0.306,-0.000899281,1631.005999999977,0.5350719424460431
1634.81,486.0,3.921,3.563,2990.359,3860.36,8538.47,0.3579999999999996,-0.000899281,1574.309999999988,0.5305755395683454
1597.84,462.0,3.93,3.551,3092.3590000011027,3968.36,8067.94,0.379,-0.000899281,1603.466,0.5350719424460432
1683.56,459.0,3.892,3.583,2954.3590000011027,3824.36,8173.7,0.3089999999999997,-0.000899281,1593.6559999999995,0.5341726618705036
1625.59,484.0,3.917,3.536,3212.3590000011027,4076.36,8820.75,0.3809999999999998,-0.000899281,1586.7799999999884,0.5296762589928058
1625.89,465.8571428572759,3.941,3.552,3188.226999999024,4076.23,8068.96,0.3889999999999998,-0.000899281,1631.01,0.5386690647482014
1680.0,508.0,3.924,3.529,3362.3120000008494,4256.31,8504.31,0.395,-0.000899281,1677.362,0.5575539568345323
1613.38,477.0,3.916,3.533,3146.3119999989867,4040.31,8745.86,0.383,-0.000899281,1568.0699999999763,0.5341726618705036
1560.0,444.0,3.94,3.557,3032.25,3896.25,8252.25,0.383,-0.000899281,1572.005999999977,0.5341726618705037
1539.2,432.8571428572759,3.927,3.561,2942.343999999576,3788.34,8225.02,0.3660000000000001,-0.000899281,1548.0299999999768,0.539568345
1652.61,506.0,3.937,3.545,3134.360000000336,4004.36,8057.56,0.3919999999999999,-0.000899281,1620.888,0.5341726618705037
1607.97,480.0,3.923,3.565,2894.343999999576,3752.34,8049.44,0.3580000000000001,-0.000899281,1549.2819999999767,0.5341726618705036
1622.12,426.5142857143656,3.883,3.577,3061.112000000663,3968.31,8524.12,0.306,-0.000899281,1628.4019999999766,0.5341726618705036
1616.16,422.1428571427241,3.883,3.582,3061.111999999732,3968.31,8414.08,0.3010000000000001,-0.000899281,1621.1739999999768,0.5341726618705036
1680.0,517.0,3.937,3.549,3190.728000000119,4040.33,8144.33,0.3879999999999999,-0.000899281,1629.5999999999767,0.5314748201438849
1650.84,497.5714285718277,3.931,3.55,3080.313000000082,3968.31,7989.05,0.3810000000000002,-0.000899281,1612.034,0.5341726618705037
1460.16,415.1999999992549,3.916,3.598,2678.3590000011027,3500.36,7998.89,0.318,-0.000899281,1467.1739999999768,0.5377697841726619
1674.91,456.8571428572759,3.889,3.543,3255.560000000521,4148.36,8644.16,0.3459999999999996,-0.000899281,1613.4140000000002,0.533273381
1606.49,477.0,3.913,3.54,3092.3899999996647,3968.39,8731.81,0.3729999999999998,-0.000899281,1582.205999999977,0.5332733812949642
1537.02,431.6571428570896,3.927,3.561,2930.359,3788.36,8230.69,0.3660000000000001,-0.000899281,1544.2399999999768,0.5386690647482014
1619.05,426.4285714281723,3.881,3.577,3050.360000000336,3968.36,8481.19,0.3039999999999998,-0.000899281,1625.4839999999767,0.533273381
1680.0,507.0,3.923,3.528,3356.218999999576,4256.22,8540.22,0.395,-0.000899281,1680.7239999999997,0.5566546762589928
1607.58,476.5714285718277,3.92,3.535,3125.9129999997094,4004.31,8491.3,0.3849999999999998,-0.000899281,1563.0299999999766,0.5332733812949642
1623.88,467.5714285718277,3.941,3.553,3182.3829999994487,4040.38,8070.71,0.3879999999999999,-0.000899281,1628.508,0.5377697841726619
1644.31,502.0,3.934,3.526,3248.3279999997467,4112.33,8262.59,0.4080000000000003,-0.000899281,1626.44,0.533273381
1641.83,496.0,3.928,3.528,3248.2810000004247,4112.28,8169.72,0.3999999999999999,-0.000899281,1619.124,0.533273381
1677.44,516.0,3.935,3.519,3356.3590000011027,4220.36,8432.36,0.4159999999999999,-0.000899281,1641.0879999999768,0.5305755395683454
1458.53,414.0,3.916,3.598,2666.313,3500.31,8014.72,0.318,-0.000899281,1464.2319999999768,0.5368705035971223
1560.0,445.7142857145518,3.94,3.558,3020.311999999918,3896.31,8216.31,0.3820000000000001,-0.000899281,1567.1999999999766,0.533273381
1622.01,483.0,3.916,3.539,3182.359,4076.36,8880.86,0.3769999999999998,-0.000899281,1599.2659999999885,0.5287769784172662
1611.61,420.8571428572759,3.884,3.581,3050.3429999994114,3968.34,8378.26,0.3029999999999999,-0.000899281,1618.3739999999768,0.533273381
1452.78,411.4285714291036,3.914,3.598,2660.344000000506,3500.34,8002.75,0.3160000000000003,-0.000899281,1460.6699999999769,0.5359712230215827
1669.86,454.2857142854482,3.888,3.546,3226.618999999948,4148.22,8630.5,0.3420000000000001,-0.000899281,1632.962,0.5323741007194245
1602.84,474.0,3.919,3.536,3098.311999999918,3968.31,8459.08,0.383,-0.000899281,1576.3379999999768,0.5323741007194245
1607.7,417.8571428572759,3.883,3.582,3039.5750000001863,3932.38,8413.02,0.3010000000000001,-0.000899281,1615.1899999999766,0.5323741007194245
1640.23,500.5714285718277,3.933,3.528,3218.369833333418,4112.34,8298.84,0.4049999999999998,-0.000899281,1631.636,0.5323741007194245
1621.17,466.0,3.94,3.552,3176.359,4040.36,8069.28,0.3879999999999999,-0.000899281,1626.028,0.5368705035971223
1668.0,512.0,3.934,3.521,3332.3430000003427,4220.34,8441.11,0.4130000000000002,-0.000899281,1650.687999999977,0.5296762589928058
1613.61,425.01174999959767,3.88,3.577,3039.529000000097,3932.33,8459.69,0.3029999999999999,-0.000899281,1621.7159999999765,0.5323741007194245
1680.0,506.0,3.923,3.528,3350.3429999994114,4220.34,8504.34,0.395,-0.000899281,1680.0,0.5557553956834532
1560.0,443.3142857141793,3.94,3.558,3008.3120000008494,3860.31,8216.31,0.3820000000000001,-0.000899281,1564.7999999999768,0.5323741007194245
1601.89,473.5714285718277,3.913,3.541,3074.3429999994114,3968.34,8700.41,0.3719999999999999,-0.000899281,1596.2019999999768,0.5323741007194245
1535.36,431.5714285718277,3.926,3.562,2918.344000001438,3788.34,8256.16,0.3640000000000003,-0.000899281,1540.649999999977,0.5377697841726619
1619.0,483.0,3.916,3.539,3169.1662000007927,4040.36,8938.75,0.3769999999999998,-0.000899281,1611.5719999999883,0.5278776978417266
1637.02,492.0,3.926,3.53,3218.3521666675806,4112.31,8182.17,0.3960000000000003,-0.000899281,1625.704,0.5323741007194245
1599.88,473.0,3.918,3.537,3082.743999999948,3968.34,8463.27,0.3810000000000002,-0.000899281,1589.7139999999767,0.5314748201438849
1668.0,511.0,3.934,3.522,3320.344000000506,4184.34,8396.34,0.4120000000000003,-0.000899281,1660.2879999999768,0.5287769784172662
1447.91,410.0999999996274,3.914,3.598,2642.359,3464.36,7993.89,0.3160000000000003,-0.000899281,1456.7979999999766,0.5350719424460432
1608.44,423.08571428526193,3.879,3.578,3026.359,3932.36,8439.11,0.3010000000000001,-0.000899281,1617.687999999977,0.5314748201438849
1560.0,444.4285714281723,3.94,3.558,2996.360000000336,3860.36,8180.36,0.3820000000000001,-0.000899281,1562.399999999977,0.5314748201438849
1680.0,507.4285714281723,3.923,3.529,3344.375,4220.38,8504.38,0.3940000000000001,-0.000899281,1680.0,0.5548561151079137
1615.67,480.0,3.916,3.54,3158.375,4040.38,8906.97,0.3759999999999999,-0.000899281,1623.4159999999883,0.526978417
1533.16,430.9714285722002,3.926,3.562,2917.1590000009164,3752.36,8245.22,0.3640000000000003,-0.000899281,1537.5859999999768,0.5368705035971223
1598.28,474.0,3.912,3.541,3061.160000000149,3932.36,8682.44,0.371,-0.000899281,1610.2799999999766,0.5314748201438849
1634.02,490.2857142854482,3.926,3.533,3200.344000000506,4076.34,8132.03,0.3930000000000002,-0.000899281,1632.31,0.5314748201438849
1665.67,453.0,3.887,3.549,3212.359,4112.36,8603.5,0.3380000000000001,-0.000899281,1652.184,0.5314748201438848
1637.28,498.0,3.933,3.529,3206.360000000336,4076.36,8300.2,0.4039999999999999,-0.000899281,1636.73,0.5314748201438849
1618.84,463.2857142854482,3.94,3.552,3170.311999999918,4040.31,8100.16,0.3879999999999999,-0.000899281,1623.632,0.5359712230215827
1604.48,418.9714285722002,3.883,3.583,3025.143999999389,3932.34,8383.17,0.2999999999999998,-0.000899281,1611.8799999999767,0.5314748201438848
1656.0,510.0,3.933,3.523,3313.1279999995604,4184.33,8396.33,0.4099999999999997,-0.000899281,1669.8879999999767,0.5278776978417267
1615.81,462.0,3.94,3.552,3158.266,4040.27,8078.75,0.3879999999999999,-0.000899281,1621.118,0.5350719424460431
1604.36,420.0,3.879,3.579,3010.6500000003725,3932.25,8420.31,0.2999999999999998,-0.000899281,1613.5159999999769,0.5305755395683454
1662.56,452.0,3.887,3.548,3197.9599999999627,4112.36,8586.53,0.3389999999999999,-0.000899281,1671.312,0.5305755395683454
1447.42,409.0285714287311,3.915,3.601,2630.343999998644,3464.34,7975.08,0.314,-0.000899281,1453.3599999999767,0.5341726618705037
1530.41,430.2857142854482,3.927,3.562,2909.9129999997094,3752.31,8286.17,0.3650000000000002,-0.000899281,1535.0299999999766,0.5359712230215827
1598.02,471.4285714281723,3.918,3.538,3074.375,3932.38,8506.55,0.3800000000000003,-0.000899281,1603.2579999999766,0.5305755395683454
1601.08,418.0,3.883,3.583,3014.3279999997467,3932.33,8392.52,0.2999999999999998,-0.000899281,1608.2059999999767,0.5305755395683454
1548.0,441.4285714281723,3.94,3.559,2996.313000000082,3860.31,8216.31,0.3809999999999998,-0.000899281,1557.5999999999767,0.5305755395683454
1634.92,498.0,3.932,3.53,3194.391,4076.39,8293.61,0.4020000000000001,-0.000899281,1641.87,0.5305755395683454
1631.72,492.0,3.925,3.533,3188.375,4076.38,8100.64,0.3919999999999999,-0.000899281,1639.086,0.5305755395683454
1680.0,505.0,3.923,3.529,3338.313,4220.31,8504.31,0.3940000000000001,-0.000899281,1680.0,0.553956835
1595.55,472.7142857145518,3.912,3.542,3050.328000000678,3932.33,8650.72,0.3700000000000001,-0.000899281,1603.1179999999767,0.5305755395683454
1611.78,478.7142857145518,3.916,3.54,3146.3120000008494,4004.31,8874.44,0.3759999999999999,-0.000899281,1618.8099999999883,0.5260791366906475
1656.0,507.0,3.933,3.524,3302.359,4184.36,8360.36,0.4089999999999998,-0.000899281,1665.0879999999768,0.5269784172661871
1595.51,473.1428571427241,3.917,3.538,3068.3289999999106,3932.33,8470.59,0.379,-0.000899281,1600.7659999999769,0.5296762589928058
1446.66,409.0285714287311,3.915,3.601,2621.912999998778,3464.31,7976.64,0.314,-0.000899281,1450.659999999977,0.533273381
1699.23,520.0,3.942,3.552,3152.360000000336,4040.36,8007.17,0.3900000000000001,-0.000899281,1635.786,0.5341726618705036
1548.0,441.9428571425378,3.939,3.559,2984.311999999918,3824.31,8216.31,0.3799999999999999,-0.000899281,1555.1999999999766,0.5296762589928058
1629.76,489.0,3.926,3.534,3176.3279999997467,4076.33,8145.16,0.3920000000000003,-0.000899281,1634.87,0.5296762589928058
1587.75,467.5714285718277,3.908,3.541,3125.928999999538,4004.33,8864.33,0.367,-0.000899281,1611.2419999999884,0.5251798561151079
1589.25,468.0,3.909,3.543,3044.343999999576,3932.34,8686.72,0.3659999999999996,-0.000899281,1598.2919999999767,0.5296762589928058
1668.0,505.9845,3.922,3.53,3332.343999999576,4220.34,8468.34,0.3920000000000003,-0.000899281,1677.6,0.5530575539568345
1596.41,419.1428571427241,3.877,3.579,3003.560000000521,3896.36,8442.53,0.2979999999999996,-0.000899281,1608.3739999999766,0.5296762589928058
1657.73,452.1428571427241,3.886,3.55,3190.743000000716,4112.34,8573.56,0.3360000000000003,-0.000899281,1666.146,0.5296762589928058
1528.83,429.5999999996274,3.926,3.562,2900.359,3752.36,8300.2,0.3640000000000003,-0.000899281,1532.9559999999767,0.5350719424460432
1592.7,414.4285714281723,3.88,3.584,3002.3119999989867,3896.31,8340.16,0.2959999999999998,-0.000899281,1603.5139999999767,0.5296762589928058
1632.42,496.0,3.932,3.531,3188.359000000172,4076.36,8261.55,0.4009999999999998,-0.000899281,1637.832,0.5296762589928058
1567.91,470.40599999949336,3.907,3.741,2870.328000000678,3828.99,8784.95,0.1659999999999999,-0.000899281,1592.8319999999767,0.5287769784172662
1600.44,492.0,3.917,3.731,2996.375,3948.0,8540.28,0.1859999999999999,-0.000899281,1629.058,0.5287769784172662
1624.91,453.5929999994114,3.874,3.732,2982.234,3962.02,8863.51,0.1419999999999999,-0.000899281,1656.146,0.5287769784172662
1690.41,516.0,3.939,3.517,3404.375,4292.38,8296.06,0.4220000000000001,-0.000899281,1649.092,0.5332733812949642
1641.62,506.375,3.926,3.828,3143.0,4088.0,8603.0,0.098,-0.000899281,1657.9239999999766,0.5260791366906474
1445.14,410.7428571432829,3.914,3.599,2618.344000000506,3464.34,7973.59,0.3149999999999999,-0.000899281,1447.9819999999768,0.5323741007194245
1668.0,506.0,3.922,3.529,3326.3120000008494,4220.31,8540.31,0.3930000000000002,-0.000899281,1675.2,0.552158273
1569.31,473.985,3.903,3.744,2821.375,3794.01,9093.38,0.1589999999999998,-0.000899281,1590.8559999999766,0.5287769784172662
1596.0,429.563,3.883,3.753,2835.266,3801.0,8672.36,0.1299999999999999,-0.000899281,1603.7639999999767,0.5287769784172662
1592.53,424.813,3.887,3.869,2842.343999999576,3815.33,8628.17,0.0179999999999997,-0.000899281,1599.697999999977,0.5287769784172662
1510.44,429.625,3.924,3.76,2716.3430000003427,3640.0,8595.92,0.1640000000000001,-0.000899281,1527.639999999977,0.5341726618705037
1571.72,475.1880000010133,3.903,3.736,2849.3429999994114,3808.0,9235.0,0.1669999999999998,-0.000899281,1601.1839999999884,0.5242805755395683
1536.0,441.594,3.939,3.858,2814.016,3745.0,8533.0,0.081,-0.000899281,1550.399999999977,0.5287769784172662
1593.31,482.4060000004247,3.91,3.84,3003.3590000011027,3955.36,8453.28,0.07,-0.000899281,1625.166,0.5287769784172662
1656.0,504.0,3.923,3.829,3089.943999999203,4004.34,8540.34,0.094,-0.000899281,1655.5239999999765,0.5251798561151079
1418.83,412.7970000002533,3.907,3.773,2450.3430000003427,3353.0,8265.12,0.1339999999999999,-0.000899281,1441.1919999999768,0.5314748201438849
1668.0,504.0,3.922,3.529,3320.25,4184.25,8504.25,0.3930000000000002,-0.000899281,1672.8,0.5512589928057554
1685.5,514.0,3.938,3.521,3374.343999998644,4256.34,8277.34,0.4170000000000002,-0.000899281,1661.958,0.5323741007194245
1583.12,465.0,3.905,3.854,2809.112999999896,3752.31,8655.72,0.051,-0.000899281,1588.8879999999767,0.5278776978417266
1609.47,423.08571428526193,3.877,3.862,2852.375,3824.38,8560.06,0.015,-0.000899281,1602.9359999999767,0.5278776978417266
1614.38,488.0,3.915,3.844,2917.1440000003204,3860.34,8420.56,0.071,-0.000899281,1623.888,0.5278776978417267
1641.88,447.4285714281723,3.873,3.852,2910.0999999996275,3860.5,8735.94,0.021,-0.000899281,1650.55,0.5278776978417266
1587.41,467.0,3.902,3.857,2794.680999999866,3752.28,8879.88,0.045,-0.000899281,1587.9599999999768,0.5278776978417266
1604.06,418.2857142854482,3.88,3.863,2852.375,3788.38,8492.16,0.0169999999999999,-0.000899281,1598.9699999999766,0.5278776978417266
1523.94,428.5714285718277,3.919,3.864,2693.943,3608.34,8438.88,0.055,-0.000899281,1525.3559999999766,0.533273381
1608.38,479.0,3.908,3.849,2909.9129999997094,3824.31,8289.66,0.059,-0.000899281,1619.438,0.5278776978417267
1609.5,479.0,3.911,3.85,2866.5619999989867,3790.56,9094.53,0.061,-0.000899281,1599.2839999999885,0.5233812949640287
1548.0,438.79999999981374,3.934,3.857,2792.344000001438,3680.34,8396.34,0.077,-0.000899281,1547.9999999999768,0.5278776978417267
1654.0,448.7142857145518,3.881,3.558,3128.375,4040.38,8581.12,0.3229999999999999,-0.000899281,1648.216,0.5269784172661871
1656.0,508.0,3.929,3.531,3266.343999999576,4148.34,8468.34,0.3979999999999997,-0.000899281,1653.1239999999766,0.5242805755395683
1668.0,502.8571428572759,3.922,3.531,3314.313,4184.31,8540.31,0.391,-0.000899281,1670.4,0.5503597122302158
1630.12,495.0,3.924,3.541,3116.311999999918,4004.31,8336.22,0.383,-0.000899281,1622.456,0.5269784172661871
1591.97,469.7142857145518,3.911,3.546,3010.731600000523,3896.31,8487.22,0.3650000000000002,-0.000899281,1587.3059999999766,0.526978417
1602.25,418.2857142854482,3.881,3.585,3017.9749999996275,3932.38,8394.0,0.2959999999999998,-0.000899281,1598.5239999999767,0.5269784172661871
1607.97,423.08571428526193,3.879,3.58,3025.1440000003204,3932.34,8498.19,0.2989999999999999,-0.000899281,1602.841999999977,0.526978417
1683.02,513.0,3.937,3.521,3356.344000000506,4256.34,8309.28,0.4159999999999999,-0.000899281,1674.794,0.5314748201438849
1429.97,406.2857142854482,3.904,3.884,2396.344000000506,3284.34,8110.31,0.02,-0.000899281,1437.6039999999768,0.5305755395683454
1609.78,478.0,3.914,3.544,3118.7440000018105,4004.34,8935.06,0.3700000000000001,-0.000899281,1598.1059999999884,0.5224820143884892
1619.12,483.0,3.916,3.544,3086.3430000003427,3968.34,8217.97,0.3719999999999999,-0.000899281,1616.458,0.5269784172661871
1547.97,441.8394285710529,3.937,3.561,2966.343999999576,3824.34,8252.34,0.3759999999999999,-0.000899281,1545.5939999999769,0.5269784172661871
1592.53,468.8571428572759,3.907,3.547,3020.311999999918,3896.31,8725.09,0.3599999999999999,-0.000899281,1586.8099999999768,0.526978417
1524.0,430.7142857145518,3.924,3.565,2888.188000000082,3752.19,8286.09,0.359,-0.000899281,1523.5239999999767,0.5323741007194245
1630.69,488.0,3.924,3.538,3134.25,4004.25,8202.12,0.3860000000000001,-0.000899281,1616.252,0.5260791366906474
1548.0,443.6571428570896,3.938,3.56,2984.313,3824.31,8252.31,0.3780000000000001,-0.000899281,1545.5939999999769,0.5260791366906474
1656.38,449.5714285718277,3.883,3.555,3169.143999999389,4076.34,8524.84,0.3279999999999998,-0.000899281,1646.9800000000002,0.5260791366906474
1635.81,497.1428571427241,3.928,3.534,3170.4060000004247,4040.41,8301.78,0.3940000000000001,-0.000899281,1622.634,0.5260791366906474
1592.19,470.1428571427241,3.908,3.544,3038.3430000003427,3932.34,8712.28,0.3639999999999999,-0.000899281,1586.1379999999767,0.5260791366906475
1608.0,475.4064285727218,3.915,3.543,3118.712999999523,4004.31,8900.31,0.3719999999999999,-0.000899281,1597.3499999999883,0.5215827338129496
1656.0,507.0,3.932,3.527,3291.5120000001043,4184.31,8396.31,0.4049999999999998,-0.000899281,1653.1239999999766,0.5233812949640286
1680.7,511.7142857145518,3.937,3.522,3349.128000000492,4220.33,8294.41,0.415,-0.000899281,1687.7720000000002,0.5305755395683454
1596.38,471.8571428572759,3.915,3.541,3044.468999999576,3932.47,8481.44,0.3740000000000001,-0.000899281,1586.9779999999769,0.5260791366906475
1668.0,503.0,3.922,3.53,3308.3120000008494,4184.31,8576.31,0.3920000000000003,-0.000899281,1668.0,0.5494604316546763
1530.16,430.5,3.924,3.562,2900.343999999576,3752.34,8245.44,0.3620000000000001,-0.000899281,1523.473999999977,0.5314748201438849
1436.06,407.6571428570896,3.906,3.603,2570.25,3392.25,8005.5,0.3029999999999999,-0.000899281,1435.3319999999767,0.5296762589928058
1598.81,416.91428571473807,3.881,3.584,3008.313000000082,3896.31,8338.84,0.2969999999999997,-0.000899281,1598.0699999999767,0.5260791366906474
1604.0,421.2857142854482,3.878,3.579,3017.8499999996275,3932.25,8445.84,0.2989999999999999,-0.000899281,1602.7699999999768,0.5260791366906475
1548.0,441.9428571425378,3.939,3.558,2981.944000001065,3824.34,8252.34,0.3810000000000002,-0.000899281,1545.5939999999769,0.5251798561151079
1655.31,449.5714285718277,3.884,3.553,3176.3120000008494,4076.31,8560.28,0.3309999999999999,-0.000899281,1646.496,0.5251798561151079
1635.28,497.1428571427241,3.928,3.531,3188.3430000003427,4076.34,8293.38,0.3969999999999998,-0.000899281,1623.206,0.5251798561151079
1604.47,476.1661071432754,3.914,3.544,3111.544000001624,4004.34,8828.34,0.3700000000000001,-0.000899281,1600.6939999999884,0.520683453
1679.05,510.0,3.936,3.523,3338.25,4220.25,8308.0,0.4129999999999998,-0.000899281,1683.736,0.5296762589928058
1528.53,430.5,3.924,3.563,2900.2180000003427,3752.22,8292.56,0.3609999999999997,-0.000899281,1523.4139999999768,0.5305755395683454
1668.0,502.0,3.921,3.53,3302.375,4184.38,8504.38,0.391,-0.000899281,1668.0,0.5485611510791367
1595.75,471.0,3.916,3.539,3056.313000000082,3932.31,8443.81,0.3769999999999998,-0.000899281,1587.0259999999766,0.5251798561151079
1656.0,510.0,3.933,3.527,3298.7130000004545,4184.31,8432.31,0.4059999999999997,-0.000899281,1653.1239999999766,0.5224820143884892
1444.12,409.2857142854482,3.911,3.602,2594.343999998644,3428.34,7964.34,0.3090000000000001,-0.000899281,1434.8239999999766,0.5287769784172662
1594.62,416.2285714,3.881,3.584,2996.218999999576,3896.22,8329.94,0.2969999999999997,-0.000899281,1598.4539999999763,0.5251798561151079
1632.84,488.0,3.926,3.689,3138.0,4032.0,8161.72,0.2370000000000001,-0.000899281,1616.868,0.5251798561151079
1590.53,468.0,3.909,3.544,3038.311999999918,3932.31,8689.56,0.3649999999999997,-0.000899281,1586.3939999999768,0.5251798561151079
1602.66,420.0,3.878,3.579,3010.7120000002906,3896.31,8432.31,0.2989999999999999,-0.000899281,1604.0199999999768,0.525179856
1548.0,441.9428571425378,3.939,3.56,2974.7440000018105,3824.34,8288.34,0.379,-0.000899281,1547.9939999999767,0.5242805755395683
1601.19,474.8571428572759,3.914,3.544,3104.343999999576,3968.34,8852.66,0.3700000000000001,-0.000899281,1606.5879999999884,0.5197841726618704
1652.25,448.0,3.883,3.553,3176.3119999989867,4076.31,8486.12,0.33,-0.000899281,1651.964,0.5242805755395683
1632.84,498.0,3.929,3.53,3188.344000000506,4076.34,8273.59,0.399,-0.000899281,1629.686,0.5242805755395683
1591.56,415.5428571430966,3.88,3.585,2989.1440000003204,3896.34,8311.94,0.2949999999999999,-0.000899281,1598.2599999999766,0.5242805755395683
1656.0,507.0,3.933,3.525,3296.311999999918,4184.31,8432.31,0.4079999999999999,-0.000899281,1656.0,0.5215827338129496
1599.97,420.4285714281723,3.877,3.579,3003.543000000529,3896.34,8452.0,0.2979999999999996,-0.000899281,1604.8139999999769,0.5242805755395683
1588.16,468.0,3.908,3.544,3032.3430000003427,3932.34,8670.47,0.3639999999999999,-0.000899281,1590.1639999999766,0.5242805755395683
1442.72,409.3714285716415,3.912,3.599,2612.343999998644,3428.34,8007.38,0.3129999999999997,-0.000899281,1434.3399999999767,0.5278776978417267
1656.0,499.2857142854482,3.921,3.53,3296.25,4184.25,8504.25,0.391,-0.000899281,1665.6,0.5476618705035972
1526.81,430.7142857145518,3.924,3.562,2894.344000000506,3752.34,8255.59,0.3620000000000001,-0.000899281,1526.687999999977,0.5296762589928058
1632.59,493.0,3.925,3.554,3176.25,4040.25,8165.25,0.371,-0.000899281,1624.724,0.5242805755395683
1594.22,471.8571428572759,3.916,3.539,3056.375,3932.38,8463.47,0.3769999999999998,-0.000899281,1592.2879999999768,0.5242805755395683
1643.59,504.0,3.921,3.729,3157.375,4116.0,8579.94,0.1919999999999997,-0.000899281,1674.372,0.5287769784172662
1656.0,498.0,3.921,3.531,3284.343999999576,4148.34,8468.34,0.3899999999999997,-0.000899281,1663.2,0.5467625899280575
1525.16,428.91428571473807,3.924,3.563,2888.3430000003427,3752.34,8265.91,0.3609999999999997,-0.000899281,1526.9319999999766,0.5287769784172662
1657.81,502.0,3.92,3.83,3068.344000000506,4004.34,8411.72,0.09,-0.000899281,1668.834,0.5278776978417266
1439.5,408.6857142858207,3.912,3.6,2612.313,3428.31,7964.31,0.3119999999999998,-0.000899281,1438.4739999999767,0.5269784172661871
1589.81,413.1428571427241,3.88,3.586,2978.343999999576,3896.34,8325.75,0.294,-0.000899281,1595.409999999977,0.5233812949640286
1656.0,506.8571428572759,3.933,3.525,3290.375,4184.38,8396.38,0.4079999999999999,-0.000899281,1656.0,0.520683453
1548.0,441.0,3.939,3.56,2966.313,3824.31,8252.31,0.379,-0.000899281,1547.9939999999767,0.5233812949640286
1629.5,494.0,3.928,3.531,3182.313000000082,4040.31,8279.06,0.3969999999999998,-0.000899281,1632.71,0.5233812949640286
1631.66,492.0,3.923,3.532,3176.436999999918,4040.44,8193.94,0.391,-0.000899281,1629.38,0.5233812949640286
1591.62,470.5714285718277,3.915,3.539,3050.343999999576,3932.34,8425.97,0.3759999999999999,-0.000899281,1593.9879999999769,0.5233812949640287
1585.41,466.0,3.908,3.544,3025.112999999896,3896.31,8649.28,0.3639999999999999,-0.000899281,1589.7639999999767,0.5233812949640287
1649.97,448.2857142854482,3.884,3.552,3169.1119999988005,4076.31,8519.91,0.3319999999999998,-0.000899281,1653.582,0.5233812949640286
1596.0,472.0,3.913,3.545,3092.375,3968.38,8825.78,0.3679999999999999,-0.000899281,1603.8879999999886,0.5188848920863309
1594.56,419.1428571427241,3.876,3.579,2990.375,3896.38,8446.78,0.2969999999999997,-0.000899281,1601.8319999999767,0.5233812949640287
1583.12,466.2857142854482,3.907,3.544,3014.313000000082,3896.31,8671.56,0.363,-0.000899281,1587.8819999999766,0.5224820143884892
1672.72,510.0,3.928,3.534,3260.25,4148.25,8310.75,0.3940000000000001,-0.000899281,1666.774,0.526978417
1536.0,438.0,3.937,3.558,2960.375,3824.38,8252.38,0.379,-0.000899281,1545.5999999999767,0.5224820143884892
1625.75,493.0,3.927,3.531,3170.25,4040.25,8283.66,0.3959999999999999,-0.000899281,1631.836,0.5224820143884892
1647.47,447.0,3.883,3.553,3161.9749999996275,4076.38,8522.53,0.33,-0.000899281,1652.2760000000003,0.5224820143884892
1594.72,472.2857142854482,3.913,3.545,3082.743999999948,3968.34,8796.59,0.3679999999999999,-0.000899281,1600.8759999999884,0.5179856115107914
1590.72,417.8571428572759,3.877,3.581,2967.606000000611,3860.41,8467.25,0.2959999999999998,-0.000899281,1598.3819999999766,0.5224820143884893
1516.0,426.1714285714552,3.923,3.562,2882.375,3716.38,8263.34,0.3610000000000002,-0.000899281,1525.3319999999767,0.5278776978417267
1589.06,469.0,3.915,3.538,3044.343999999576,3932.34,8438.53,0.3770000000000002,-0.000899281,1593.4059999999768,0.5224820143884892
1437.31,408.0,3.912,3.6,2606.3430000003427,3428.34,7983.5,0.3119999999999998,-0.000899281,1439.9419999999766,0.5260791366906474
1586.25,413.5714285718277,3.879,3.585,2967.5439999997616,3860.34,8381.66,0.294,-0.000899281,1592.2099999999768,0.5224820143884892
1656.0,504.0,3.933,3.525,3284.343999999576,4148.34,8396.34,0.4079999999999999,-0.000899281,1656.0,0.5197841726618705
1628.91,490.0,3.923,3.532,3170.436999999918,4040.44,8170.84,0.391,-0.000899281,1631.338,0.5224820143884892
1656.0,499.7028571423143,3.92,3.532,3284.3429999994114,4148.34,8504.34,0.3879999999999999,-0.000899281,1660.8,0.545863309
1644.72,445.7142857145518,3.883,3.553,3152.3429999994114,4040.34,8461.09,0.33,-0.000899281,1649.9440000000002,0.5215827338129497
1511.81,424.2857142854482,3.922,3.564,2852.3430000003427,3680.34,8274.34,0.3580000000000001,-0.000899281,1521.6619999999768,0.5269784172661871
1679.19,512.0,3.933,3.527,3313.144000001252,4184.34,8300.0,0.4059999999999997,-0.000899281,1666.4719999999998,0.5260791366906475
1624.72,486.8571428572759,3.923,3.532,3161.9129999997094,4040.31,8182.62,0.391,-0.000899281,1630.144,0.5215827338129496
1431.47,406.62857142835855,3.91,3.6,2600.344000000506,3428.34,7960.91,0.31,-0.000899281,1439.0239999999767,0.5251798561151079
1621.34,489.0,3.928,3.532,3158.375,4040.38,8243.47,0.3959999999999999,-0.000899281,1628.9419999999998,0.5215827338129496
1536.0,436.11428571492434,3.936,3.56,2930.344000001438,3788.34,8216.34,0.3759999999999999,-0.000899281,1543.1999999999766,0.5215827338129496
1587.19,416.5714285718277,3.876,3.581,2954.25,3860.25,8460.72,0.2949999999999999,-0.000899281,1595.0199999999768,0.5215827338129496
1591.34,471.0,3.912,3.546,3074.3429999994114,3968.34,8794.41,0.3660000000000001,-0.000899281,1597.5439999999885,0.5170863309352518
1581.38,465.0,3.907,3.545,3008.344000000506,3896.34,8694.19,0.3620000000000001,-0.000899281,1585.7199999999768,0.5215827338129496
1656.0,497.0,3.92,3.532,3272.218999999576,4148.22,8504.22,0.3879999999999999,-0.000899281,1658.4,0.5449640287769784
1582.88,413.48571428563446,3.878,3.585,2953.112999999896,3860.31,8343.44,0.2930000000000001,-0.000899281,1589.0239999999767,0.5215827338129497
1656.0,505.0,3.932,3.526,3272.311999999918,4148.31,8396.31,0.4060000000000001,-0.000899281,1656.0,0.5188848920863309
1586.44,468.0,3.915,3.539,3038.4059999994934,3896.41,8451.47,0.3759999999999999,-0.000899281,1591.4179999999767,0.5215827338129496
1656.0,496.0,3.92,3.533,3266.3429999994114,4148.34,8468.34,0.387,-0.000899281,1656.0,0.5440647482014389
1679.25,513.0,3.933,3.523,3332.375,4220.38,8280.97,0.4099999999999997,-0.000899281,1666.512,0.5251798561151079
1644.0,504.0,3.931,3.526,3266.375,4148.38,8396.38,0.4050000000000002,-0.000899281,1653.5999999999767,0.5179856115107914
1581.03,412.79999999981374,3.878,3.586,2942.468999999576,3860.47,8331.72,0.2920000000000002,-0.000899281,1586.3059999999766,0.520683453
1619.78,484.0,3.922,3.533,3146.25,4040.25,8145.19,0.3890000000000002,-0.000899281,1627.532,0.520683453
1578.88,466.7142857145518,3.907,3.544,3002.313000000082,3896.31,8668.19,0.363,-0.000899281,1583.389999999977,0.520683453
1588.22,416.5714285718277,3.876,3.582,2942.344000000506,3824.34,8441.25,0.294,-0.000899281,1592.1319999999766,0.520683453
1588.53,469.7142857145518,3.912,3.546,3068.3120000008494,3932.31,8814.94,0.3660000000000001,-0.000899281,1594.3559999999884,0.5161870503597122
1618.12,488.0,3.927,3.533,3147.5439999997616,4040.34,8255.25,0.3940000000000001,-0.000899281,1625.5099999999998,0.520683453
1424.41,403.5428571,3.91,3.601,2588.375,3428.38,7961.31,0.3090000000000001,-0.000899281,1435.0819999999767,0.5242805755395683
1536.0,434.7428571423516,3.935,3.561,2918.1869999989867,3788.19,8180.19,0.3740000000000001,-0.000899281,1540.7999999999768,0.520683453
1583.69,466.7142857145518,3.914,3.539,3026.218999999576,3896.22,8451.84,0.375,-0.000899281,1589.005999999977,0.520683453
1642.66,446.0,3.883,3.554,3146.3119999989867,4040.31,8476.38,0.3290000000000002,-0.000899281,1647.414,0.520683453
1507.84,422.4000000003725,3.921,3.565,2834.344000000506,3680.34,8241.62,0.3559999999999998,-0.000899281,1517.5239999999767,0.5260791366906474
1509.19,423.0,3.922,3.565,2822.343999999576,3680.34,8235.66,0.3570000000000002,-0.000899281,1513.9999999999768,0.5251798561151079
1583.69,415.88571428507566,3.876,3.581,2945.944000000134,3860.34,8429.75,0.2949999999999999,-0.000899281,1588.8759999999768,0.5197841726618705
1640.59,444.4285714281723,3.882,3.554,3140.343999999576,4040.34,8479.72,0.3280000000000003,-0.000899281,1645.082,0.5197841726618705
1420.03,402.1714285705239,3.908,3.603,2558.3430000003427,3392.34,7911.31,0.3049999999999997,-0.000899281,1430.543999999977,0.5233812949640286
1585.69,468.4285714281723,3.912,3.547,3056.3429999994114,3932.34,8809.12,0.3649999999999997,-0.000899281,1591.2559999999885,0.5152877697841727
1614.62,488.0,3.927,3.533,3140.343999999576,4004.34,8220.91,0.3940000000000001,-0.000899281,1621.866,0.5197841726618705
1536.0,435.4285714281723,3.936,3.562,2906.375,3752.38,8180.38,0.3740000000000001,-0.000899281,1538.399999999977,0.5197841726618705
1656.0,497.1428571427241,3.919,3.532,3260.3429999994114,4148.34,8504.34,0.387,-0.000899281,1656.0,0.5431654676258992
1616.09,482.5714285718277,3.923,3.534,3134.343999999576,4004.34,8156.94,0.3890000000000002,-0.000899281,1624.232,0.5197841726618705
1580.84,465.4285714281723,3.913,3.54,3020.3430000003427,3896.34,8444.53,0.3729999999999998,-0.000899281,1586.3299999999767,0.5197841726618704
1644.0,501.0,3.931,3.526,3260.313000000082,4148.31,8360.31,0.4050000000000002,-0.000899281,1651.1999999999766,0.5170863309352518
1582.31,413.48571428563446,3.879,3.586,2938.7120000002906,3860.31,8324.66,0.2930000000000001,-0.000899281,1584.455999999977,0.5197841726618705
1678.75,510.0,3.935,3.522,3334.712999999523,4220.31,8313.16,0.4130000000000002,-0.000899281,1673.544,0.5242805755395683
1577.19,463.9741666661576,3.907,3.545,2996.375,3860.38,8688.12,0.3620000000000001,-0.000899281,1581.1959999999767,0.5197841726618704
1583.0,465.1428571427241,3.911,3.547,3050.375,3932.38,8762.03,0.3639999999999999,-0.000899281,1588.6559999999886,0.5143884892086331
1502.69,419.3142857141793,3.921,3.564,2828.313000000082,3680.31,8246.28,0.3569999999999997,-0.000899281,1509.505999999977,0.5242805755395683
1415.84,403.1999999992549,3.907,3.603,2546.3430000003427,3392.34,7892.34,0.3039999999999998,-0.000899281,1425.8119999999767,0.5224820143884892
1675.75,510.8571428563446,3.934,3.523,3332.3430000003427,4220.34,8278.72,0.411,-0.000899281,1677.132,0.5233812949640287
1578.41,465.4285714281723,3.914,3.54,3010.7120000002906,3896.31,8391.59,0.3740000000000001,-0.000899281,1583.687999999977,0.5188848920863309
1614.12,481.0,3.923,3.535,3122.344000000506,4004.34,8154.88,0.3879999999999999,-0.000899281,1620.724,0.5188848920863309
1656.0,495.0,3.919,3.533,3255.5429999995977,4148.34,8468.34,0.3860000000000001,-0.000899281,1656.0,0.5422661870503596
1644.0,502.0,3.931,3.527,3248.344000000506,4112.34,8360.34,0.4039999999999999,-0.000899281,1648.7999999999768,0.5161870503597121
1578.25,412.79999999981374,3.878,3.586,2938.743999999948,3824.34,8336.84,0.2920000000000002,-0.000899281,1582.1439999999766,0.5188848920863309
1612.81,486.0,3.927,3.534,3128.343999999576,4004.34,8229.62,0.3930000000000002,-0.000899281,1618.5279999999998,0.5188848920863309
1638.66,445.0,3.882,3.555,3133.144000001252,4040.34,8489.97,0.3269999999999999,-0.000899281,1642.8200000000002,0.5188848920863309
1524.0,434.0,3.935,3.562,2912.343999999576,3752.34,8216.34,0.3730000000000002,-0.000899281,1533.5999999999767,0.5188848920863309
1580.22,415.7142857145518,3.875,3.582,2924.344000000506,3824.34,8419.22,0.2930000000000001,-0.000899281,1586.0079999999768,0.5188848920863309
1575.22,465.4285714281723,3.907,3.545,2984.375,3860.38,8690.44,0.3620000000000001,-0.000899281,1579.1579999999767,0.5188848920863309
1581.97,465.8571428572759,3.911,3.547,3044.2179999994114,3932.22,8827.88,0.3639999999999999,-0.000899281,1586.1059999999884,0.5134892086330936
1413.19,402.30000000074506,3.907,3.604,2528.344000000506,3356.34,7879.03,0.3029999999999999,-0.000899281,1420.9879999999769,0.5215827338129496
1644.0,494.0,3.918,3.533,3248.3429999994114,4112.34,8468.34,0.3850000000000002,-0.000899281,1653.6,0.5413669064748201
1575.84,464.1428571427241,3.913,3.541,3002.25,3860.25,8404.56,0.3719999999999999,-0.000899281,1581.043999999977,0.5179856115107914
1572.84,462.4285714281723,3.906,3.546,2978.343999999576,3860.34,8692.59,0.3600000000000003,-0.000899281,1577.101999999977,0.5179856115107914
1497.88,419.12957142852247,3.92,3.566,2809.1430000001565,3644.34,8196.78,0.3540000000000001,-0.000899281,1505.8819999999769,0.5233812949640286
1577.25,414.5142857143656,3.874,3.582,2917.143999999389,3824.34,8399.69,0.2920000000000002,-0.000899281,1583.3139999999769,0.5179856115107914
1672.69,508.0,3.934,3.522,3326.188,4220.19,8281.41,0.4120000000000003,-0.000899281,1677.1260000000002,0.5224820143884892
1610.75,487.0,3.927,3.535,3122.344000000506,4004.34,8231.31,0.3919999999999999,-0.000899281,1615.5279999999998,0.5179856115107914
1611.97,481.0,3.923,3.536,3116.186999999918,4004.19,8128.19,0.387,-0.000899281,1617.336,0.5179856115107914
1524.0,430.2857142854482,3.934,3.562,2895.5750000001863,3752.38,8144.38,0.3720000000000003,-0.000899281,1531.1999999999766,0.5179856115107914
1636.78,443.1428571427241,3.882,3.555,3128.375,4040.38,8506.38,0.3269999999999999,-0.000899281,1640.682,0.5179856115107914
1576.09,411.0,3.879,3.586,2924.3430000003427,3824.34,8371.25,0.2930000000000001,-0.000899281,1580.111999999977,0.5179856115107914
1644.0,501.4285714281723,3.931,3.527,3242.313000000082,4112.31,8396.31,0.4039999999999999,-0.000899281,1646.399999999977,0.5152877697841727
1669.84,508.0,3.934,3.523,3314.313,4184.31,8302.81,0.411,-0.000899281,1675.256,0.5215827338129496
1644.0,499.0,3.931,3.527,3236.311999999918,4112.31,8324.31,0.4039999999999999,-0.000899281,1644.0,0.5143884892086331
1573.94,462.0,3.913,3.541,2996.311999999918,3860.31,8435.44,0.3719999999999999,-0.000899281,1578.543999999977,0.5170863309352518
1610.59,481.2857142854482,3.923,3.537,3110.313000000082,4004.31,8130.94,0.3860000000000001,-0.000899281,1614.5099999999998,0.5170863309352518
1579.72,464.5714285718277,3.91,3.547,3039.544000001624,3896.34,8804.69,0.363,-0.000899281,1583.7819999999883,0.5125899280575539
1577.22,416.2285714,3.874,3.583,2902.743000000716,3788.34,8406.16,0.2909999999999999,-0.000899281,1581.3199999999763,0.5170863309352518
1635.22,443.1428571427241,3.882,3.556,3122.3130000010133,4004.31,8522.16,0.326,-0.000899281,1638.782,0.5170863309352518
1413.12,400.80000000074506,3.908,3.606,2522.3430000003427,3356.34,7864.66,0.302,-0.000899281,1417.3179999999768,0.520683453
1493.88,417.8571428572759,3.919,3.566,2792.375,3644.38,8205.34,0.3530000000000002,-0.000899281,1502.2959999999769,0.5224820143884892
1512.0,429.5999999996274,3.934,3.563,2876.344000001438,3716.34,8144.34,0.371,-0.000899281,1526.399999999977,0.5170863309352518
1572.44,410.4000000003725,3.878,3.586,2917.1430000001565,3824.34,8351.0,0.2920000000000002,-0.000899281,1578.0239999999767,0.5170863309352518
1631.97,485.7142857145518,3.911,3.533,3230.3429999994114,4112.34,8544.94,0.3780000000000001,-0.000899281,1648.7940000000003,0.5404676258992807
1570.78,464.1428571427241,3.906,3.545,2974.743999999948,3860.34,8680.94,0.3610000000000002,-0.000899281,1574.9819999999768,0.5170863309352518
1609.09,484.0,3.927,3.535,3116.311999999918,4004.31,8223.59,0.3919999999999999,-0.000899281,1613.078,0.5170863309352518
1617.62,492.0,3.906,3.842,2982.0,3948.0,8827.0,0.064,-0.000899281,1641.118,0.539568345
1667.25,506.0,3.934,3.523,3302.3430000003427,4184.34,8302.28,0.411,-0.000899281,1672.8559999999998,0.520683453
1492.0,417.9000000003725,3.92,3.567,2780.313000000082,3608.31,8126.78,0.3529999999999997,-0.000899281,1499.1279999999767,0.5215827338129496
1560.0,462.8571428572759,3.913,3.542,2989.1749999998137,3860.38,8401.97,0.371,-0.000899281,1573.8059999999768,0.5161870503597122
1569.72,409.7142857145518,3.878,3.587,2902.7120000002906,3788.31,8335.75,0.2909999999999999,-0.000899281,1575.7619999999763,0.5161870503597121
1644.0,498.0,3.93,3.527,3230.2810000004247,4112.28,8360.28,0.403,-0.000899281,1644.0,0.5134892086330936
1632.62,441.0,3.882,3.556,3118.712,4004.31,8477.88,0.326,-0.000899281,1636.774,0.5161870503597121
1577.09,466.0,3.91,3.548,3032.343999999576,3896.34,8783.44,0.3620000000000001,-0.000899281,1581.4939999999883,0.5116906474820144
1607.5,485.1428571427241,3.927,3.537,3110.3430000003427,3968.34,8235.5,0.3900000000000001,-0.000899281,1610.9540000000002,0.5161870503597121
1512.0,428.91428571473807,3.933,3.564,2864.3119999989867,3716.31,8144.31,0.3689999999999998,-0.000899281,1521.5999999999767,0.5161870503597121
1408.03,399.0,3.907,3.605,2516.218999998644,3356.22,7871.97,0.302,-0.000899281,1414.0419999999767,0.5197841726618705
1568.59,462.0,3.906,3.546,2966.344000000506,3860.34,8692.09,0.3600000000000003,-0.000899281,1572.9239999999768,0.5161870503597122
1609.47,478.2857142854482,3.923,3.536,3104.311999999918,3968.31,8135.09,0.387,-0.000899281,1612.448,0.5161870503597121
1575.19,414.4285714281723,3.874,3.582,2902.7130000004545,3824.31,8398.25,0.2920000000000002,-0.000899281,1578.7139999999767,0.5161870503597122
1566.31,459.8571428572759,3.905,3.546,2960.344000000506,3824.34,8684.34,0.359,-0.000899281,1570.7479999999766,0.5152877697841727
1575.75,463.2857142854482,3.909,3.549,3026.3120000008494,3896.31,8809.94,0.3599999999999999,-0.000899281,1579.5059999999885,0.5107913669064749
1571.31,413.8285714285448,3.874,3.582,2900.343999999576,3788.34,8410.09,0.2920000000000002,-0.000899281,1576.2379999999766,0.5152877697841728
1604.91,483.0,3.926,3.536,3098.313000000082,3968.31,8164.0,0.3900000000000001,-0.000899281,1609.012,0.5152877697841727
1406.28,399.0,3.907,3.606,2498.343999998644,3320.34,7858.5,0.3010000000000001,-0.000899281,1411.2919999999765,0.5188848920863309
1631.19,441.8571428572759,3.881,3.556,3110.2810000004247,4004.28,8506.69,0.3249999999999997,-0.000899281,1634.894,0.5152877697841727
1490.34,416.5714285718277,3.919,3.568,2774.313000000082,3608.31,8145.72,0.351,-0.000899281,1495.357999999977,0.520683453
1568.97,461.5714285718277,3.913,3.543,2978.375,3860.38,8403.41,0.3699999999999996,-0.000899281,1571.4319999999766,0.5152877697841727
1664.78,504.0,3.934,3.524,3296.375,4184.38,8268.09,0.4100000000000001,-0.000899281,1670.062,0.5197841726618704
1607.94,480.0,3.923,3.536,3097.1749999998137,3968.38,8132.94,0.387,-0.000899281,1610.818,0.5152877697841727
1644.0,496.0,3.905,3.837,3003.5750000001863,9031.56,9648.87,0.068,-0.000899281,1638.718,0.5386690647482014
1512.0,428.0,3.933,3.565,2859.5750000001863,3716.38,8144.38,0.3679999999999999,-0.000899281,1516.7999999999768,0.5152877697841727
1567.09,408.4285714281723,3.878,3.588,2895.543000000529,3788.34,8292.72,0.29,-0.000899281,1572.7179999999769,0.5152877697841727
1632.0,500.0,3.93,3.528,3224.311999999918,4112.31,8360.31,0.4020000000000001,-0.000899281,1641.5999999999767,0.512589928
1644.0,498.0,3.915,3.539,3212.25,4076.25,8497.5,0.3759999999999999,-0.000899281,1636.318,0.5377697841726619
1606.59,480.0,3.922,3.536,3092.313000000082,3968.31,8122.0,0.3860000000000001,-0.000899281,1609.312,0.5143884892086331
1566.69,460.0,3.912,3.542,2972.3430000003427,3824.34,8423.53,0.3700000000000001,-0.000899281,1569.0879999999768,0.5143884892086331
1564.19,408.3428571429104,3.877,3.588,2888.313000000082,3788.31,8337.69,0.2889999999999997,-0.000899281,1569.9059999999768,0.5143884892086332
1487.81,418.2857142854482,3.919,3.569,2768.25,3608.25,8145.28,0.3500000000000001,-0.000899281,1492.3819999999766,0.5197841726618705
1574.34,462.0,3.909,3.548,3020.375,3896.38,8786.84,0.3609999999999997,-0.000899281,1577.7739999999883,0.5098920863309353
1629.53,440.5714285718277,3.882,3.556,3104.3120000008494,4004.31,8509.0,0.326,-0.000899281,1633.068,0.5143884892086332
1567.84,410.7428571423516,3.874,3.583,2888.343999999576,3788.34,8405.34,0.2909999999999999,-0.000899281,1573.7619999999763,0.5143884892086331
1564.06,458.5714285718277,3.904,3.546,2948.3430000003427,3824.34,8694.28,0.3580000000000001,-0.000899281,1568.5159999999769,0.5143884892086331
1603.06,483.0,3.927,3.536,3092.375,3968.38,8146.31,0.391,-0.000899281,1607.062,0.5143884892086331
1399.38,396.3428571429104,3.906,3.605,2492.344000000506,3320.34,7842.0,0.3010000000000001,-0.000899281,1407.9999999999768,0.5179856115107914
1662.56,504.0,3.933,3.525,3284.3120000008494,4184.31,8260.31,0.4079999999999999,-0.000899281,1667.4239999999998,0.5188848920863309
1512.0,426.4285714281723,3.933,3.565,2846.343999999576,3716.34,8144.34,0.3679999999999999,-0.000899281,1514.399999999977,0.5143884892086331
1632.0,498.0,3.929,3.529,3218.344000000506,4076.38,8324.34,0.3999999999999999,-0.000899281,1639.1999999999766,0.5116906474820144
1398.22,395.6999999992549,3.907,3.607,2474.219000000506,3284.22,7845.06,0.2999999999999998,-0.000899281,1405.005999999977,0.5170863309352518
1644.0,494.2857142854482,3.916,3.535,3248.313,4112.31,8468.31,0.3809999999999998,-0.000899281,1636.318,0.5368705035971223
1602.34,482.8571428572759,3.927,3.536,3080.313000000082,3968.31,8203.09,0.391,-0.000899281,1605.38,0.5134892086330936
1567.06,412.4571428569034,3.874,3.584,2881.1430000001565,3788.34,8436.44,0.29,-0.000899281,1571.7239999999765,0.5134892086330936
1627.75,439.62480000033975,3.881,3.557,3097.143999999389,4004.34,8436.16,0.3239999999999998,-0.000899281,1631.262,0.5134892086330936
1605.38,478.7142857145518,3.922,3.536,3086.313000000082,3968.31,8171.12,0.3860000000000001,-0.000899281,1607.994,0.5134892086330936
1561.56,407.6571428570896,3.877,3.588,2873.911999999545,3788.31,8310.09,0.2889999999999997,-0.000899281,1566.9999999999768,0.5134892086330936
1500.0,425.12957142852247,3.932,3.565,2834.375,3680.38,8108.38,0.367,-0.000899281,1509.5999999999767,0.5134892086330936
1484.22,415.2000000001863,3.917,3.569,2756.343999999576,3608.34,8118.09,0.3479999999999998,-0.000899281,1489.649999999977,0.5188848920863309
1632.0,496.0,3.928,3.528,3212.25,4076.25,8324.25,0.3999999999999999,-0.000899281,1636.7999999999768,0.5107913669064749
1563.94,459.0,3.912,3.543,2966.25,3824.25,8375.53,0.3689999999999998,-0.000899281,1566.707999999977,0.5134892086330936
1660.44,503.0,3.932,3.525,3278.2809999994934,4148.28,8271.47,0.407,-0.000899281,1664.9740000000002,0.5179856115107914
1572.91,463.7142857145518,3.909,3.548,3017.943999999203,3896.34,8820.38,0.3609999999999997,-0.000899281,1575.9619999999882,0.5089928057553956
1561.94,460.0,3.905,3.547,2942.25,3824.25,8679.97,0.3579999999999996,-0.000899281,1566.3359999999766,0.5134892086330936
1603.78,478.0,3.922,3.536,3080.311999999918,3968.31,8153.44,0.3860000000000001,-0.000899281,1606.632,0.512589928
1644.0,496.0,3.916,3.535,3236.375,4112.38,8540.38,0.3809999999999998,-0.000899281,1638.7240000000002,0.5359712230215827
1632.0,496.7142857145518,3.928,3.529,3206.375,4076.38,8324.38,0.399,-0.000899281,1634.399999999977,0.5098920863309353
1658.25,503.0,3.932,3.525,3272.344000000506,4148.34,8238.09,0.407,-0.000899281,1662.6560000000002,0.5170863309352518
1558.56,406.9714285722002,3.875,3.589,2866.7750000003725,3752.38,8291.25,0.286,-0.000899281,1564.2239999999767,0.512589928
1561.88,456.0,3.911,3.544,2954.313000000082,3824.31,8377.84,0.367,-0.000899281,1564.2959999999769,0.5125899280575539
1500.0,426.8571428572759,3.932,3.567,2822.1869999989867,3680.19,8144.19,0.3649999999999997,-0.000899281,1507.1999999999766,0.512589928
1601.28,480.8571428572759,3.927,3.537,3074.375,3968.38,8205.16,0.3900000000000001,-0.000899281,1603.818,0.512589928
1482.59,414.5142857143656,3.918,3.568,2750.3430000003427,3608.34,8122.09,0.3500000000000001,-0.000899281,1487.3919999999766,0.5179856115107914
1626.84,439.2857142854482,3.881,3.557,3089.944000001065,3968.34,8470.84,0.3239999999999998,-0.000899281,1629.586,0.512589928
1564.81,411.7714286,3.873,3.585,2873.943999999203,3752.34,8401.41,0.2880000000000002,-0.000899281,1569.2419999999768,0.512589928
1571.75,461.0,3.908,3.549,3014.344000001438,3896.34,8814.25,0.359,-0.000899281,1574.3679999999883,0.5080935251798561
1560.0,457.2857142854482,3.904,3.547,2936.2809999994934,3824.28,8660.94,0.3569999999999997,-0.000899281,1564.1799999999766,0.5125899280575539
1396.03,393.9428571444005,3.907,3.607,2468.375,3284.38,7833.56,0.2999999999999998,-0.000899281,1401.5879999999768,0.5161870503597121
1626.06,441.0,3.881,3.556,3085.087999999523,3970.69,8489.69,0.3249999999999997,-0.000899281,1628.274,0.5116906474820144
1569.12,462.4285714281723,3.908,3.549,3008.313,3896.31,8756.72,0.359,-0.000899281,1572.7739999999883,0.5071942446043165
1563.84,410.05714285746217,3.874,3.584,2866.7120000002906,3752.31,8432.47,0.29,-0.000899281,1566.9719999999766,0.5116906474820144
1558.62,459.0,3.904,3.547,2930.313000000082,3824.31,8662.94,0.3569999999999997,-0.000899281,1562.1859999999765,0.5116906474820144
1480.44,413.8285714285448,3.917,3.569,2744.3430000003427,3572.34,8118.94,0.3479999999999998,-0.000899281,1485.0799999999767,0.5170863309352518
1393.69,394.80000000074506,3.907,3.608,2462.313,3284.31,7877.78,0.2989999999999999,-0.000899281,1398.7199999999768,0.5152877697841727
1600.25,482.0,3.927,3.536,3068.311999999918,3932.31,8210.31,0.391,-0.000899281,1602.368,0.5116906474820144
1500.0,425.5714285718277,3.932,3.565,2822.405999998562,3680.41,8108.41,0.367,-0.000899281,1504.7999999999768,0.5116906474820144
1560.47,457.7142857145518,3.912,3.545,2948.375,3824.38,8405.88,0.367,-0.000899281,1564.389999999977,0.5116906474820144
1632.0,494.0,3.928,3.529,3200.375,4076.38,8288.38,0.399,-0.000899281,1632.0,0.5089928057553956
1657.0,504.0,3.932,3.526,3266.375,4148.38,8271.62,0.4060000000000001,-0.000899281,1660.6060000000002,0.5161870503597122
1557.44,404.5714285718277,3.875,3.589,2859.513000000268,3752.31,8294.75,0.286,-0.000899281,1561.7679999999766,0.5116906474820144
1644.0,495.0,3.916,3.535,3230.3120000008494,4112.31,8504.31,0.3809999999999998,-0.000899281,1644.0,0.5350719424460431
1602.5,477.4285714281723,3.922,3.536,3075.537800000049,3968.31,8144.31,0.3860000000000001,-0.000899281,1605.238,0.5116906474820144
1601.22,476.0,3.921,3.536,3074.375,3932.38,8172.5,0.3849999999999998,-0.000899281,1603.8939999999998,0.5107913669064749
1644.0,496.0,3.917,3.536,3224.3120000008494,4112.31,8504.31,0.3809999999999998,-0.000899281,1644.0,0.5341726618705036
1558.31,455.3142857141793,3.911,3.545,2942.344000000506,3824.34,8387.88,0.3660000000000001,-0.000899281,1562.2579999999768,0.5107913669064749
1620.0,493.0,3.927,3.53,3194.3430000003427,4076.34,8324.34,0.3970000000000002,-0.000899281,1629.5999999999767,0.5080935251798561
1567.28,463.0,3.908,3.549,3002.343999999576,3860.34,8793.41,0.359,-0.000899281,1571.0799999999883,0.5062949640287769
1561.0,410.5714285718277,3.874,3.584,2859.544000000693,3752.34,8406.69,0.29,-0.000899281,1564.909999999977,0.5107913669064749
1624.75,441.0,3.88,3.556,3080.375,3968.38,8482.47,0.3239999999999998,-0.000899281,1626.986,0.5107913669064749
1654.91,502.0154999997467,3.932,3.526,3260.344000000506,4148.34,8261.44,0.4060000000000001,-0.000899281,1658.632,0.5152877697841727
1478.75,411.4285714281723,3.917,3.569,2732.313000000082,3572.34,8126.03,0.3479999999999998,-0.000899281,1482.7619999999763,0.5161870503597121
1500.0,423.7714286,3.931,3.566,2810.375,3644.38,8108.38,0.3650000000000002,-0.000899281,1502.399999999977,0.5107913669064749
1599.0,482.0,3.927,3.536,3062.343999999576,3932.34,8214.81,0.391,-0.000899281,1601.186,0.5107913669064749
1391.66,393.9000000003725,3.907,3.607,2450.313,3284.31,7882.16,0.2999999999999998,-0.000899281,1395.7959999999766,0.5143884892086331
1557.16,456.0,3.903,3.547,2924.25,3788.25,8684.25,0.3559999999999998,-0.000899281,1560.3559999999766,0.5107913669064749
1554.62,403.88571428507566,3.875,3.589,2858.3430000003427,3752.34,8290.34,0.286,-0.000899281,1559.2739999999767,0.5107913669064749
1644.0,492.0,3.916,3.536,3228.9000000003725,4114.5,8506.5,0.3799999999999999,-0.000899281,1644.0,0.5332733812949642
1652.59,503.1428571436554,3.932,3.526,3254.344000000506,4148.34,8240.72,0.4060000000000001,-0.000899281,1656.638,0.5143884892086331
1623.25,439.7142857145518,3.88,3.556,3075.511999999173,3968.31,8491.28,0.3239999999999998,-0.000899281,1625.73,0.5098920863309353
1500.0,423.08571428526193,3.931,3.566,2806.057285713963,3644.34,8144.34,0.3650000000000002,-0.000899281,1500.0,0.5098920863309353
1547.62,405.4057143,3.871,3.584,2852.313000000082,3752.31,8397.28,0.2869999999999999,-0.000899281,1560.8659999999768,0.5098920863309353
1562.94,459.0,3.907,3.551,2996.375,3860.38,8808.62,0.3559999999999998,-0.000899281,1568.7999999999884,0.5053956834532374
1475.75,410.7428571423516,3.916,3.569,2732.3430000003427,3572.34,8119.78,0.347,-0.000899281,1480.3499999999767,0.5152877697841727
1597.97,480.0,3.927,3.536,3061.1749999998137,3932.38,8229.97,0.391,-0.000899281,1600.168,0.5098920863309353
1620.0,492.0,3.927,3.53,3188.375,4076.38,8288.38,0.3970000000000002,-0.000899281,1627.1999999999766,0.5071942446043166
1599.28,477.0,3.92,3.536,3068.343999999576,3932.34,8131.25,0.3839999999999999,-0.000899281,1602.432,0.5098920863309353
1389.88,393.0,3.906,3.607,2450.375,3284.38,7858.84,0.2989999999999999,-0.000899281,1393.8959999999768,0.5134892086330936
1556.47,456.4274642858654,3.911,3.545,2936.343999999576,3824.34,8383.78,0.3660000000000001,-0.000899281,1560.2139999999767,0.5098920863309353
1548.0,405.0,3.874,3.59,2846.375,3752.38,8276.0,0.2840000000000002,-0.000899281,1556.0359999999766,0.5098920863309353
1555.38,457.7142857145518,3.903,3.548,2918.2180000003427,3788.22,8668.72,0.355,-0.000899281,1558.6199999999767,0.5098920863309353
1488.0,422.42479999922216,3.931,3.567,2798.2810000004247,3644.28,8108.28,0.3639999999999999,-0.000899281,1497.5999999999767,0.5089928057553956
1644.0,492.0,3.916,3.535,3212.25,4076.25,8504.25,0.3809999999999998,-0.000899281,1644.0,0.5323741007194245
1543.03,449.48571428563446,3.899,3.551,2972.344000001438,3824.34,8801.25,0.3479999999999998,-0.000899281,1562.8239999999882,0.5044964028776978
1472.56,410.7000000001863,3.916,3.57,2720.313000000082,3572.31,8073.38,0.3460000000000001,-0.000899281,1478.0179999999768,0.5143884892086331
1621.38,439.7142857145518,3.88,3.556,3068.343999999576,3968.34,8462.28,0.3239999999999998,-0.000899281,1624.456,0.5089928057553956
1596.31,479.0,3.927,3.537,3056.375,3932.38,8218.41,0.3900000000000001,-0.000899281,1598.962,0.5089928057553956
1650.56,502.0,3.932,3.528,3248.3430000003427,4112.34,8242.59,0.4039999999999999,-0.000899281,1654.6619999999998,0.5134892086330936
1620.0,490.0,3.926,3.531,3182.343999999576,4040.34,8288.34,0.395,-0.000899281,1624.7999999999768,0.5062949640287769
1543.75,405.9428571425378,3.87,3.588,2809.143999999389,3716.34,8364.34,0.282,-0.000899281,1556.2039999999768,0.5089928057553956
1554.91,456.4285714281723,3.911,3.546,2930.344000000506,3788.34,8374.19,0.3650000000000002,-0.000899281,1558.407999999977,0.5089928057553956
1549.75,404.2285714,3.873,3.591,2837.944000000134,3716.34,8295.31,0.282,-0.000899281,1553.6739999999768,0.5089928057553956
1597.38,476.0,3.919,3.536,3068.2809999994934,3932.28,8127.0,0.383,-0.000899281,1600.832,0.5089928057553956
1549.97,455.1428571427241,3.902,3.548,2912.343999999576,3788.34,8682.62,0.3540000000000001,-0.000899281,1556.2259999999767,0.5089928057553956
1385.72,392.0999999996274,3.905,3.608,2444.344000000506,3248.34,7851.06,0.2969999999999997,-0.000899281,1391.3959999999768,0.512589928
1532.72,402.5142857143656,3.867,3.589,2787.543000000529,3680.34,8363.47,0.278,-0.000899281,1549.7859999999769,0.5080935251798561
1620.0,488.5714285718277,3.926,3.531,3176.343999999576,4040.34,8318.56,0.395,-0.000899281,1622.399999999977,0.5053956834532374
1540.62,402.1714285714552,3.871,3.591,2823.543000000529,3716.34,8327.78,0.2799999999999998,-0.000899281,1550.0859999999766,0.5080935251798561
1595.94,477.0,3.918,3.537,3062.343999999576,3932.34,8145.03,0.3810000000000002,-0.000899281,1599.264,0.5080935251798561
1553.03,455.1428571427241,3.911,3.545,2924.344000000506,3788.34,8404.25,0.3660000000000001,-0.000899281,1556.6379999999767,0.5080935251798561
1632.0,492.0,3.917,3.536,3212.375,4076.38,8468.38,0.3809999999999998,-0.000899281,1641.6,0.5314748201438849
1529.62,445.2857142854482,3.893,3.556,2900.344000001438,3752.34,8790.84,0.3369999999999997,-0.000899281,1554.3979999999883,0.5035971223021584
1594.84,479.5714285718277,3.927,3.537,3050.375,3932.38,8227.59,0.3900000000000001,-0.000899281,1597.6740000000002,0.5080935251798561
1608.06,433.2857142854482,3.876,3.558,3061.143999999389,3932.34,8465.09,0.318,-0.000899281,1620.7,0.5080935251798561
1477.25,415.2857142854482,3.914,3.571,2708.311999999918,3536.31,8088.78,0.3429999999999999,-0.000899281,1476.9499999999766,0.5134892086330936
1644.0,501.0,3.932,3.528,3236.313,4112.31,8227.91,0.4039999999999999,-0.000899281,1651.812,0.5125899280575539
1488.0,419.7000000001863,3.929,3.567,2780.405999998562,3644.41,8108.41,0.3619999999999996,-0.000899281,1495.1999999999766,0.5080935251798561
1383.5,391.1999999992549,3.906,3.608,2432.4069999996573,3248.41,7869.44,0.298,-0.000899281,1388.889999999977,0.5116906474820144
1532.94,447.8571428572759,3.896,3.55,2888.375,3752.38,8659.81,0.3460000000000001,-0.000899281,1550.8139999999769,0.5080935251798561
1542.19,410.375,3.879,3.882,2653.375,3619.38,8582.44,-0.003,-0.000899281,1547.0359999999769,0.5071942446043165
1632.0,490.2857142854482,3.918,3.536,3212.25,4076.25,8504.25,0.3820000000000001,-0.000899281,1639.2,0.5305755395683454
1560.38,469.2190000005066,3.906,3.847,2893.563000000082,3845.56,8441.22,0.059,-0.000899281,1590.84,0.5071942446043166
25519.56,459.6254999991506,3.902,3.732,2681.375,42043.44,47472.81,0.1699999999999999,-0.000899281,6344.485999999988,0.5026978417266187
1563.25,476.3755,3.912,3.739,2884.311999999918,3836.0,8421.31,0.173,-0.000899281,1590.274,0.5071942446043166
1382.03,391.1999999992549,3.905,3.609,2426.343999998644,3248.34,7867.78,0.2959999999999998,-0.000899281,1386.5579999999768,0.5107913669064749
1468.62,421.2185000004247,3.915,3.768,2551.75,3472.0,8523.62,0.1470000000000002,-0.000899281,1474.5859999999768,0.512589928
1647.5,501.0077500008047,3.932,3.527,3230.344000000506,4112.34,8253.16,0.4049999999999998,-0.000899281,1649.9119999999998,0.5116906474820144
1603.19,492.0,3.921,3.837,2996.0,3948.0,8575.0,0.084,-0.000899281,1616.6379999999767,0.5044964028776978
1528.31,457.2189999995753,3.902,3.75,2730.438000000082,3682.06,8711.25,0.1520000000000001,-0.000899281,1550.2059999999767,0.5071942446043165
1476.0,422.375,3.931,3.871,2590.0,3514.0,8407.0,0.06,-0.000899281,1490.399999999977,0.5071942446043166
1536.19,411.59349999949336,3.873,3.766,2611.375,3576.94,8604.25,0.1070000000000002,-0.000899281,1544.255999999977,0.5071942446043165
1519.5,458.4369999999181,3.892,3.756,2632.313000000082,3598.0,9094.94,0.1360000000000001,-0.000899281,1542.9899999999768,0.5071942446043165
1577.44,439.1879999991506,3.864,3.742,2821.375,3801.0,8759.81,0.1219999999999998,-0.000899281,1610.976,0.5071942446043165
1567.69,475.18700000084937,3.909,3.737,2828.375,3780.0,9204.31,0.1719999999999997,-0.000899281,6344.567999999988,0.5017985611510791
1576.81,470.0,3.911,3.855,2787.513000000268,3716.31,8333.88,0.056,-0.000899281,1585.836,0.5062949640287769
1366.75,397.1875,3.901,3.782,2240.375,3143.0,8161.06,0.1189999999999997,-0.000899281,1381.5759999999768,0.5098920863309353
1483.19,416.5714285718277,3.911,3.871,2549.9749999996275,3464.38,8376.88,0.04,-0.000899281,1475.4739999999767,0.5116906474820144
1488.0,420.3428571429104,3.926,3.867,2588.375,3500.38,8288.38,0.059,-0.000899281,1487.9999999999768,0.5062949640287769
1545.25,450.8571428572759,3.901,3.863,2672.313000000082,3608.31,8592.56,0.038,-0.000899281,1547.5939999999766,0.5062949640287769
1646.19,498.8571428563446,3.932,3.527,3226.5620000008494,4114.56,8250.62,0.4049999999999998,-0.000899281,1648.168,0.5107913669064749
1620.0,489.0,3.919,3.839,2966.375,3896.38,8468.38,0.08,-0.000899281,1616.6379999999767,0.5035971223021583
1573.31,464.0,3.903,3.858,2780.313000000082,3716.31,8305.56,0.045,-0.000899281,1585.258,0.5062949640287769
1558.25,409.2857142854482,3.871,3.875,2645.313,3608.31,8506.0,-0.004,-0.000899281,1543.7059999999767,0.5062949640287769
1560.44,407.3142857141793,3.872,3.874,2686.7750000003725,3644.38,8483.62,-0.002,-0.000899281,1548.1999999999766,0.5062949640287769
1548.69,456.4285714281723,3.891,3.865,2643.4500000001863,7667.0,9212.06,0.026,-0.000899281,1541.2959999999769,0.5062949640287769
1607.88,436.2857142854482,3.868,3.863,2789.313,3752.31,8582.0,0.005,-0.000899281,1607.602,0.5062949640287769
1632.0,489.0,3.918,3.536,3205.050000000745,4076.25,8468.25,0.3820000000000001,-0.000899281,1636.8,0.5296762589928058
1644.5,500.0,3.931,3.528,3218.313,4112.31,8249.34,0.403,-0.000899281,1646.55,0.5098920863309353
1573.19,463.4285714291036,3.905,3.847,2837.912000000477,3788.31,9019.56,0.058,-0.000899281,6346.617999999989,0.5008992805755396
1483.56,416.5714285718277,3.913,3.57,2744.375,3572.38,8211.88,0.3429999999999999,-0.000899281,1477.0359999999769,0.5107913669064749
1582.25,474.8571428572759,3.916,3.547,2984.25,3860.25,8245.75,0.3689999999999998,-0.000899281,1582.692,0.5053956834532374
1488.0,421.02857142779976,3.927,3.57,2774.25,3608.25,8144.25,0.3570000000000002,-0.000899281,1485.5999999999767,0.5053956834532374
1620.0,488.1428571427241,3.915,3.538,3146.313000000082,8946.81,9452.81,0.3770000000000002,-0.000899281,1616.6379999999767,0.5026978417266187
1547.88,451.7142857145518,3.904,3.55,2888.375,3752.38,8432.38,0.3540000000000001,-0.000899281,1545.8759999999768,0.5053956834532374
1554.06,408.0,3.871,3.587,3526.1870000008494,4360.19,9025.25,0.2839999999999998,-0.000899281,1544.9939999999765,0.5053956834532374
1583.19,468.4285714281723,3.909,3.549,2967.513000000268,3860.31,8254.94,0.3599999999999999,-0.000899281,1582.04,0.5053956834532374
1526.0,406.9714285722002,3.846,3.59,2866.7120000002906,7585.62,7585.62,0.2560000000000002,-0.000899281,1543.7999999999768,0.5053956834532374
1373.12,389.6999999992549,3.897,3.895,2204.25,3104.25,8051.5,0.002,-0.000899281,1378.2239999999767,0.5089928057553956
1632.0,487.7142857145518,3.918,3.537,3194.25,4076.25,8540.25,0.3810000000000002,-0.000899281,1634.4,0.5287769784172662
1550.75,456.8571428563446,3.899,3.553,2876.25,3752.25,8658.88,0.3460000000000001,-0.000899281,1540.3699999999767,0.5053956834532374
1557.12,407.6571428570896,3.874,3.588,2828.25,3716.25,8390.12,0.286,-0.000899281,1547.6679999999767,0.5044964028776977
1620.0,490.2857142854482,3.923,3.538,3146.313000000082,4004.31,8252.31,0.3850000000000002,-0.000899281,1616.6379999999767,0.5017985611510791
1642.75,497.5714285708964,3.931,3.528,3212.3120000008494,4112.31,8239.59,0.403,-0.000899281,1644.988,0.5089928057553956
1550.81,454.2857142854482,3.906,3.549,3443.436999999918,4319.44,9062.62,0.3570000000000002,-0.000899281,1545.0559999999766,0.5044964028776978
1591.75,483.4285714281723,3.914,3.544,3008.436999999918,5696.88,8493.19,0.3700000000000001,-0.000899281,1581.78,0.5044964028776978
1498.0,420.8571428572759,3.924,3.57,2792.313,7320.0,8510.38,0.3540000000000001,-0.000899281,1487.5999999999767,0.5044964028776978
1555.5,403.7142857145518,3.872,3.592,2845.175000000745,3752.38,8280.69,0.2799999999999998,-0.000899281,1544.9499999999766,0.5044964028776977
1549.38,455.1428571436554,3.901,3.551,2900.3120000008494,3788.31,8648.31,0.3499999999999996,-0.000899281,1540.2519999999768,0.5044964028776978
1632.0,486.4285714291036,3.917,3.537,3183.574999999255,4076.38,8468.38,0.3799999999999999,-0.000899281,1632.0,0.5278776978417266
1372.5,388.80000000074506,3.898,3.612,2390.313,3212.31,7877.75,0.286,-0.000899281,1375.5799999999767,0.5080935251798561
1620.06,439.5428571430966,3.877,3.562,3044.375,3932.38,8551.75,0.3149999999999999,-0.001798561,1606.9640000000002,0.5052158273381295
1494.25,421.3714285716415,3.909,3.57,2750.375,8379.81,9124.38,0.3389999999999999,-0.000899281,1481.3739999999768,0.5098920863309353
1560.0,462.4285714291036,3.906,3.554,3025.175000000745,3896.38,8869.75,0.3520000000000003,-0.000899281,6350.011999999989,0.5
1632.0,487.0,3.917,3.539,3176.3120000008494,4040.31,8504.31,0.3779999999999996,-0.000899281,1632.0,0.526978417
1617.44,438.0,3.877,3.559,3068.3120000008494,3968.31,8540.88,0.3179999999999996,-0.000899281,1606.176,0.504136691
1640.22,496.0,3.931,3.529,3205.175000000745,4076.38,8228.91,0.4020000000000001,-0.000899281,1644.232,0.5080935251798561
1558.44,404.0999999996274,3.874,3.59,2852.3120000008494,3752.31,8247.62,0.2840000000000002,-0.000899281,1548.513999999977,0.5035971223021583
1554.56,455.1428571427241,3.909,3.548,2906.311999999918,3788.31,8430.44,0.3609999999999997,-0.000899281,1545.361999999977,0.5035971223021584
1546.62,453.8571428563446,3.9,3.551,2894.375,3752.38,8675.56,0.3489999999999997,-0.000899281,1542.9879999999766,0.5035971223021584
1372.69,388.80000000074506,3.897,3.612,2390.375,3212.38,7861.62,0.2849999999999997,-0.000899281,1373.4179999999767,0.5071942446043166
1620.0,488.0,3.925,3.535,3170.311999999918,4040.31,8288.31,0.3899999999999997,-0.000899281,1616.6379999999767,0.5008992805755395
1489.44,417.9428571425378,3.914,3.568,2750.313000000082,3608.31,8103.06,0.3460000000000001,-0.000899281,1483.8119999999767,0.5089928057553956
1593.81,471.0,3.917,3.542,3038.313000000082,3896.31,8099.31,0.375,-0.001798561,1581.326,0.5043165467625899
1597.56,485.1428571427241,3.921,3.54,3032.375,3896.38,8223.62,0.3809999999999998,-0.000899281,1582.3239999999998,0.5035971223021583
1488.0,421.5,3.928,3.57,2780.313,3608.31,8000.31,0.3580000000000001,-0.000899281,1487.5999999999767,0.5035971223021583
1569.19,461.1428571436554,3.906,3.552,3014.375,3896.38,8841.88,0.3540000000000001,-0.000899281,6357.925999999989,0.4991007194244604
1555.62,407.5714285708964,3.873,3.587,2838.037999998778,3752.44,8367.12,0.286,-0.000899281,1552.2479999999766,0.5035971223021583
1615.88,436.4571428569034,3.877,3.559,3061.1749999998137,3932.38,8540.56,0.3179999999999996,-0.000899281,1607.74,0.5030575539568345
1488.0,421.5,3.93,3.568,2792.375,3644.38,8093.0,0.3620000000000001,-0.000899281,1489.9999999999768,0.5026978417266187
1566.31,461.1428571436554,3.906,3.552,3008.375,3860.38,8806.38,0.3540000000000001,-0.000899281,1567.2759999999885,0.4982014388489208
1591.38,471.4285714281723,3.916,3.539,3044.313000000082,3932.31,8162.19,0.3769999999999998,-0.000899281,1580.4140000000002,0.5032374100719424
1619.94,489.9474999997765,3.925,3.535,3164.313000000082,4040.31,8324.31,0.3899999999999997,-0.000899281,1619.9879999999769,0.5
1606.88,494.375,3.917,3.73,3045.281000001356,3997.03,8388.59,0.1869999999999998,-0.000899281,1636.108,0.5071942446043165
1550.31,405.5999999996274,3.872,3.586,2837.912999998778,3752.31,8363.31,0.286,-0.000899281,1555.0719999999767,0.5026978417266188
1552.19,453.8571428572759,3.909,3.546,2912.375,3788.38,8432.88,0.363,-0.000899281,1550.1379999999767,0.5026978417266187
1595.31,480.0,3.921,3.537,3061.112999999896,3932.31,8216.31,0.3839999999999999,-0.000899281,1588.736,0.5026978417266187
1632.0,485.1428571436554,3.917,3.538,3176.313,4040.31,8468.31,0.379,-0.000899281,1632.0,0.5260791366906475
1490.5,418.7142857145518,3.916,3.566,2768.375,3608.38,8140.56,0.3500000000000001,-0.000899281,1488.187999999977,0.5080935251798561
1559.06,406.2857142854482,3.874,3.59,2859.5129999984056,3752.31,8252.31,0.2840000000000002,-0.000899281,1551.8879999999767,0.5026978417266187
1373.12,387.30000000074506,3.899,3.611,2390.3120000008494,3212.31,7843.38,0.2879999999999998,-0.000899281,1371.6359999999768,0.5062949640287769
1543.88,452.5714285708964,3.9,3.551,2882.313,3752.31,8663.62,0.3489999999999997,-0.000899281,1547.8639999999768,0.5026978417266187
1620.0,485.1428571436554,3.917,3.539,3168.9870000015944,4040.19,8504.19,0.3779999999999996,-0.000899281,1629.6,0.5251798561151079
1544.12,450.8571428563446,3.901,3.552,2876.25,3752.25,8676.31,0.3489999999999997,-0.000899281,1546.9499999999766,0.5017985611510791
1558.06,403.88571428507566,3.875,3.609,2859.5120000001043,3752.31,8344.88,0.266,-0.000899281,1551.4119999999768,0.5017985611510791
1589.44,469.0,3.916,3.54,3038.375,3896.38,8171.88,0.3759999999999999,-0.000899281,1586.226,0.5021582733812949
1384.56,392.0999999996274,3.894,3.611,2402.3120000008494,8323.19,8976.25,0.2829999999999999,-0.000899281,1375.197999999977,0.5053956834532374
1622.0,487.7142857145518,3.916,3.841,2948.25,3896.25,8315.12,0.075,-0.000899281,1631.27,0.5062949640287769
1608.0,486.2857142854482,3.925,3.535,3158.313000000082,4040.31,8324.31,0.3899999999999997,-0.000899281,1617.5879999999768,0.4991007194244604
1545.5,403.7142857145518,3.872,3.587,2823.574999999255,3716.38,8325.5,0.2849999999999997,-0.000899281,1552.5219999999767,0.5017985611510791
1550.31,452.5714285718277,3.908,3.546,2906.375,3788.38,8441.12,0.3620000000000001,-0.000899281,1551.149999999977,0.5017985611510791
1592.88,479.0,3.92,3.538,3053.911999999545,3932.31,8242.81,0.3820000000000001,-0.000899281,1591.95,0.5017985611510791
1560.0,459.8571428563446,3.906,3.552,2996.3120000008494,3860.31,8851.31,0.3540000000000001,-0.000899281,1565.7379999999885,0.4973021582733812
1496.94,420.0,3.931,3.568,2792.3120000008494,3644.31,8036.31,0.363,-0.000899281,1491.7879999999768,0.5017985611510791
1490.19,418.7142857145518,3.916,3.566,2768.313000000082,3608.31,8163.56,0.3500000000000001,-0.000899281,1489.5879999999768,0.5071942446043166
1614.0,437.0,3.877,3.56,3050.313,3932.31,8540.88,0.3169999999999997,-0.000899281,1615.052,0.501978417
1587.25,470.0,3.915,3.541,3032.375,3896.38,8179.62,0.3740000000000001,-0.000899281,1589.014,0.5010791366906475
1543.81,403.80000000074506,3.872,3.588,2810.375,3716.38,8313.12,0.2839999999999998,-0.000899281,1550.4719999999766,0.5008992805755396
1557.5,403.88571428507566,3.875,3.588,2858.375,3752.38,8338.5,0.2869999999999999,-0.000899281,1557.7119999999768,0.5008992805755396
1488.0,417.5999999996274,3.931,3.567,2790.598714284599,3644.31,8072.31,0.3639999999999999,-0.000899281,1491.7879999999768,0.5008992805755395
1629.44,492.0,3.921,3.54,3140.313,4004.31,8278.88,0.3809999999999998,-0.000899281,1628.2580000000005,0.5053956834532374
1560.06,458.5714285708964,3.906,3.553,2984.3120000008494,3860.31,8828.31,0.3530000000000002,-0.000899281,1563.1119999999885,0.4964028776978417
1547.38,451.88571428507566,3.908,3.547,2900.313000000082,3752.31,8368.56,0.3609999999999997,-0.000899281,1551.0499999999768,0.5008992805755396
1608.0,487.2857142854482,3.924,3.535,3152.311999999918,4004.31,8288.31,0.3889999999999998,-0.000899281,1615.187999999977,0.4982014388489208
1614.88,437.1428571436554,3.878,3.559,3046.7750000003725,3932.38,8511.06,0.3189999999999999,-0.000899281,1616.452,0.5008992805755396
1589.06,475.2857142854482,3.921,3.538,3046.7120000002906,3932.31,8228.31,0.383,-0.000899281,1593.312,0.5008992805755395
1487.25,416.91428571473807,3.917,3.568,2765.911999999545,3608.31,8199.62,0.3489999999999997,-0.000899281,1490.3259999999768,0.5062949640287769
1374.06,388.1999999992549,3.9,3.611,2402.313,3212.31,7740.75,0.2889999999999997,-0.000899281,1375.3859999999768,0.5044964028776978
1540.25,451.0,3.9,3.55,2876.375,3752.38,8677.88,0.3500000000000001,-0.000899281,1544.8499999999767,0.5008992805755396
1620.0,486.0,3.917,3.539,3164.313,4040.31,8468.31,0.3779999999999996,-0.000899281,1627.2,0.5242805755395683
1620.0,483.8571428563446,3.917,3.54,3158.3120000008494,4040.31,8468.31,0.3769999999999998,-0.000899281,1624.8,0.5233812949640287
1374.94,388.5,3.903,3.61,2408.1870000008494,3212.19,7781.56,0.2930000000000001,-0.000899281,1375.8739999999766,0.5035971223021583
1611.69,437.0,3.877,3.56,3046.7750000003725,3932.38,8545.44,0.3169999999999997,-0.000899281,1614.778,0.5
1587.25,469.0,3.917,3.541,3032.311999999918,3896.31,8095.81,0.3759999999999999,-0.000899281,1589.826,0.5
1487.19,416.9142857138068,3.917,3.566,2756.313000000082,3608.31,8252.0,0.351,-0.000899281,1488.9139999999768,0.5053956834532374
1559.12,455.5714285708964,3.906,3.556,2972.3120000008494,3824.31,8877.44,0.3500000000000001,-0.000899281,1562.9359999999883,0.4955035971223022
1547.69,452.5714285718277,3.908,3.547,2900.313000000082,3752.31,8380.81,0.3609999999999997,-0.000899281,1550.4259999999767,0.5
1538.0,448.2857142854482,3.9,3.551,2864.25,3752.25,8664.44,0.3489999999999997,-0.000899281,1542.5739999999766,0.5
1488.0,417.5999999996274,3.931,3.568,2780.375,3608.38,8108.38,0.363,-0.000899281,1489.7879999999768,0.5
1632.12,490.2857142854482,3.924,3.536,3161.9749999996275,4643.5,8856.31,0.3879999999999999,-0.000899281,1626.132,0.5044964028776978
1588.12,476.5714285718277,3.922,3.539,3038.375,3896.38,8227.88,0.383,-0.000899281,1592.586,0.5
1608.0,486.0,3.925,3.535,3152.375,4004.38,8288.38,0.3899999999999997,-0.000899281,1612.7879999999768,0.4973021582733813
1553.06,404.6999999992549,3.874,3.588,2852.313,3752.31,8335.94,0.286,-0.000899281,1557.2239999999767,0.5
1545.38,405.0,3.871,3.588,2801.912000000477,3716.31,8338.56,0.2829999999999999,-0.000899281,1548.1239999999768,0.5
1481.94,415.5428571,3.916,3.567,2756.375,3608.38,8207.31,0.3489999999999997,-0.000899281,1487.4139999999766,0.5044964028776978
1613.31,437.1428571436554,3.878,3.56,3038.375,3932.38,8551.44,0.318,-0.000899281,1613.952,0.4991007194244604
1476.0,417.0,3.93,3.568,2774.313,3608.31,8108.31,0.3620000000000001,-0.000899281,1487.3879999999767,0.4991007194244604
1537.94,449.5714285708964,3.901,3.551,2858.3120000008494,3716.31,8656.69,0.3499999999999996,-0.000899281,1540.8379999999768,0.4991007194244604
1639.0,495.0,3.93,3.534,3176.313,4040.31,8300.88,0.3960000000000003,-0.000899281,1625.888,0.5035971223021584
1583.81,472.2857142854482,3.921,3.54,3038.25,3896.25,8215.56,0.3809999999999998,-0.000899281,1589.836,0.4991007194244604
1543.06,403.5428571,3.87,3.588,2809.1120000015944,3716.31,8351.06,0.282,-0.000899281,1545.611999999977,0.4991007194244604
1375.12,387.0,3.903,3.61,2408.375,3212.38,7805.62,0.2930000000000001,-0.000899281,1376.3599999999765,0.5026978417266187
1608.0,483.0,3.925,3.535,3140.3749999990687,4004.37,8288.37,0.3899999999999997,-0.000899281,1610.3879999999767,0.4964028776978417
1551.88,403.1999999992549,3.874,3.59,2840.375,3752.38,8293.94,0.2840000000000002,-0.000899281,1555.9119999999766,0.4991007194244604
1583.0,467.0,3.915,3.541,3026.375,3896.38,8116.62,0.3740000000000001,-0.000899281,1587.664,0.4991007194244604
1620.0,484.0,3.917,3.539,3152.375,4040.38,8468.38,0.3779999999999996,-0.000899281,1622.4,0.5224820143884892
1544.75,451.2857142854482,3.907,3.547,2894.375,3752.38,8370.69,0.3599999999999999,-0.000899281,1548.4639999999767,0.4991007194244604
1557.56,457.2857142854482,3.906,3.554,2966.313,3824.31,8847.75,0.3520000000000003,-0.000899281,1560.6099999999883,0.4946043165467625
1480.19,415.5428571,3.917,3.567,2738.375,3572.38,8153.38,0.3499999999999996,-0.000899281,1485.351999999977,0.5035971223021583
1612.62,435.4285714291036,3.879,3.559,3039.5129999984056,3932.31,8525.69,0.3199999999999998,-0.000899281,1613.3,0.4982014388489208
1587.38,473.1428571427241,3.916,3.541,3020.375,3896.38,8140.44,0.375,-0.000899281,1586.864,0.4982014388489208
1620.0,482.5714285708964,3.916,3.539,3146.25,4004.25,8432.25,0.3769999999999998,-0.000899281,1620.0,0.5215827338129496
1535.44,448.2857142854482,3.9,3.553,2858.4370000008494,3716.44,8642.88,0.347,-0.000899281,1539.149999999977,0.4982014388489208
1539.12,403.5428571,3.87,3.588,2801.9749999996275,3680.38,8291.12,0.282,-0.000899281,1543.3739999999766,0.4982014388489208
1555.94,456.0,3.904,3.554,2960.313,3824.31,8827.06,0.3500000000000001,-0.000899281,1558.5359999999885,0.493705036
1580.81,474.0,3.92,3.541,3020.25,3896.25,8204.25,0.379,-0.000899281,1586.936,0.4982014388489208
1545.44,451.0,3.909,3.548,2888.311999999918,3752.31,8393.69,0.3609999999999997,-0.000899281,1547.1139999999766,0.4982014388489208
1608.0,486.0,3.926,3.536,3134.313,4004.31,8288.31,0.3900000000000001,-0.000899281,1608.0,0.4955035971223022
1476.0,415.79999999981374,3.93,3.569,2762.375,3608.38,8036.38,0.3610000000000002,-0.000899281,1484.9879999999769,0.4982014388489208
1550.62,403.1999999992549,3.875,3.59,2838.037000000477,3716.44,8323.94,0.2850000000000001,-0.000899281,1554.2239999999767,0.4982014388489208
1636.06,492.0,3.93,3.532,3200.375,4076.38,8279.0,0.3980000000000001,-0.000899281,1631.724,0.5026978417266187
1374.69,389.4000000003725,3.904,3.61,2408.313,3212.31,7841.25,0.294,-0.000899281,1376.6739999999768,0.5017985611510791
1371.88,387.5999999996274,3.903,3.612,2402.1870000008494,3212.19,7797.94,0.2909999999999999,-0.000899281,1374.1379999999767,0.5008992805755395
1476.0,415.80000000074506,3.931,3.569,2756.313,3608.31,8108.31,0.3620000000000001,-0.000899281,1480.7999999999768,0.4973021582733813
1533.31,447.0,3.901,3.553,2852.375,3716.38,8664.81,0.3479999999999998,-0.000899281,1536.9879999999769,0.4973021582733812
1581.69,472.2857142854482,3.922,3.542,3020.375,3896.38,8198.31,0.3800000000000003,-0.000899281,1584.698,0.4973021582733813
1608.0,486.0,3.926,3.535,3134.3120000008494,4004.31,8324.31,0.391,-0.000899281,1608.0,0.4946043165467625
1549.12,403.1999999992549,3.875,3.59,2830.587999999523,3716.19,8358.25,0.2850000000000001,-0.000899281,1552.4359999999765,0.4973021582733812
1587.56,471.8571428572759,3.915,3.54,3038.25,3896.25,8125.81,0.375,-0.000899281,1586.488,0.4973021582733812
1554.44,457.7142857145518,3.904,3.554,2960.3120000008494,3824.31,8801.69,0.3500000000000001,-0.000899281,1557.4239999999884,0.4928057553956834
1545.19,449.5714285718277,3.909,3.548,2888.313000000082,3752.31,8428.94,0.3609999999999997,-0.000899281,1546.089999999977,0.4973021582733812
1610.62,434.1893571447581,3.879,3.559,3039.574999999255,3932.38,8552.25,0.3199999999999998,-0.000899281,1612.624,0.4973021582733812
1620.0,480.0,3.915,3.542,3134.313,4004.31,8468.31,0.3730000000000002,-0.000899281,1620.0,0.520683453
1634.19,494.0,3.929,3.532,3188.313,4076.31,8281.94,0.3969999999999998,-0.000899281,1634.1619999999998,0.5017985611510791
1536.44,402.8571428563446,3.871,3.589,2792.375,3680.38,8330.5,0.282,-0.000899281,1541.5619999999767,0.4973021582733813
1478.69,413.1428571436554,3.917,3.569,2732.313,3572.31,8165.62,0.3479999999999998,-0.000899281,1483.0519999999767,0.5026978417266187
1477.81,413.1428571436554,3.917,3.569,2732.375,3572.38,8175.38,0.3479999999999998,-0.000899281,1481.1639999999766,0.5017985611510791
1533.31,400.45714285597205,3.871,3.589,2780.3120000008494,3680.31,8299.44,0.282,-0.000899281,1539.4619999999768,0.4964028776978417
1596.0,474.0,3.91,3.541,3122.375,4004.38,8432.38,0.3690000000000002,-0.000899281,1615.2,0.5197841726618704
1608.0,434.0571428555995,3.878,3.559,3032.375,3932.38,8541.56,0.3189999999999999,-0.000899281,1611.248,0.4964028776978417
1543.25,451.2857142854482,3.909,3.548,2888.311999999918,3752.31,8451.75,0.3609999999999997,-0.000899281,1545.263999999977,0.4964028776978417
1530.06,445.7142857145518,3.9,3.553,2840.313,3716.31,8633.94,0.347,-0.000899281,1534.9499999999766,0.4964028776978417
1585.62,470.5714285718277,3.915,3.539,3038.375,3896.38,8154.56,0.3759999999999999,-0.000899281,1586.162,0.4964028776978417
1631.81,492.0,3.929,3.532,3182.25,4076.25,8268.94,0.3969999999999998,-0.000899281,1634.636,0.5008992805755396
1476.0,416.2285714298487,3.931,3.592,2750.3120000008494,3608.31,8108.31,0.3389999999999999,-0.000899281,1478.399999999977,0.4964028776978417
1369.0,386.6999999992549,3.903,3.61,2396.438,3212.44,7799.56,0.2930000000000001,-0.000899281,1373.1259999999768,0.5
1546.94,402.51428571529686,3.875,3.59,2823.5120000001043,3716.31,8333.62,0.2850000000000001,-0.000899281,1550.3239999999766,0.4964028776978417
1608.0,483.0,3.925,3.535,3128.313,4004.31,8288.31,0.3899999999999997,-0.000899281,1608.0,0.493705036
1551.94,455.0,3.903,3.572,2954.375,3824.38,8779.75,0.3309999999999999,-0.000899281,1555.7999999999884,0.4919064748201439
1581.0,472.2857142854482,3.922,3.541,3020.375,3896.38,8208.75,0.3810000000000002,-0.000899281,1583.086,0.4964028776978417
1543.31,401.1428571436554,3.873,3.59,2822.375,3716.38,8327.88,0.2830000000000003,-0.000899281,1548.3739999999766,0.4955035971223022
1608.0,482.0,3.925,3.535,3122.375,4004.38,8288.38,0.3899999999999997,-0.000899281,1608.0,0.4928057553956835
1475.75,414.1714285705239,3.915,3.568,2726.25,3572.25,8196.69,0.347,-0.000899281,1478.8759999999768,0.5008992805755395
1528.12,447.4285714291036,3.9,3.554,2834.375,3716.38,8646.75,0.3460000000000001,-0.000899281,1532.9739999999767,0.4955035971223022
1549.56,456.4285714291036,3.904,3.554,2945.912999998778,3824.31,8805.94,0.3500000000000001,-0.000899281,1553.8879999999886,0.4910071942446043
1579.81,472.2857142854482,3.922,3.543,3014.311999999918,3896.31,8185.0,0.379,-0.000899281,1581.4239999999998,0.4955035971223022
1540.75,448.80000000074506,3.908,3.547,2881.1120000015944,3752.31,8415.38,0.3609999999999997,-0.000899281,1543.8759999999768,0.4955035971223022
1584.0,471.0,3.903,3.545,3074.375,3932.38,8432.38,0.3580000000000001,-0.000899281,1608.0,0.5188848920863309
1530.06,399.7714285701513,3.869,3.589,2765.912999998778,3644.31,8309.75,0.2800000000000002,-0.000899281,1536.3979999999767,0.4955035971223022
1580.88,466.2857142854482,3.915,3.539,3032.375,3896.38,8115.69,0.3759999999999999,-0.000899281,1584.888,0.4955035971223022
1605.06,431.5714285708964,3.877,3.561,3025.175000000745,3896.38,8538.44,0.3159999999999998,-0.000899281,1609.922,0.4955035971223022
1632.25,490.7142857145518,3.93,3.533,3176.375,4040.38,8275.38,0.3970000000000002,-0.000899281,1634.6619999999998,0.5
1476.0,413.0999999996274,3.929,3.569,2750.375,3608.38,8072.38,0.3599999999999999,-0.000899281,1476.0,0.4955035971223022
1370.19,387.5999999996274,3.903,3.61,2378.3120000008494,3212.31,7826.25,0.2930000000000001,-0.000899281,1372.1759999999767,0.4991007194244604
1524.0,444.4285714291036,3.899,3.553,2828.375,3680.38,8635.0,0.3460000000000001,-0.000899281,1530.1859999999767,0.4946043165467625
1536.0,455.1738571431488,3.903,3.554,2936.375,3788.38,8822.62,0.3490000000000002,-0.000899281,1549.5759999999884,0.4901079136690647
1527.81,399.08571428619325,3.869,3.59,2756.3120000008494,3644.31,8301.19,0.2790000000000003,-0.000899281,1533.3479999999768,0.4946043165467625
1537.94,448.7142857145518,3.908,3.549,2870.375,3752.38,8426.56,0.359,-0.000899281,1542.5139999999767,0.4946043165467625
1576.5,465.0,3.914,3.541,3020.313000000082,3896.31,8073.81,0.3730000000000002,-0.000899281,1583.5880000000002,0.4946043165467625
1364.25,383.4000000003725,3.902,3.61,2384.25,3212.25,7789.0,0.2920000000000002,-0.000899281,1370.0019999999768,0.4982014388489208
1538.56,399.8571428563446,3.873,3.59,2809.175000000745,3716.38,8309.56,0.2830000000000003,-0.000899281,1545.7099999999768,0.4946043165467625
1578.12,471.0,3.922,3.542,3008.375,3896.38,8193.06,0.3800000000000003,-0.000899281,1580.286,0.4946043165467625
1628.69,489.1428571436554,3.928,3.532,3176.3120000008494,4040.31,8271.81,0.3959999999999999,-0.000899281,1632.6,0.4991007194244604
1608.0,483.4285714291036,3.924,3.536,3111.574999999255,4004.38,8324.38,0.3879999999999999,-0.000899281,1608.0,0.4919064748201439
1464.0,411.7714285701513,3.929,3.57,2738.313,3572.31,8000.31,0.359,-0.000899281,1473.5999999999767,0.4946043165467625
1468.62,411.0,3.914,3.568,2720.188,3572.19,8170.62,0.3460000000000001,-0.000899281,1476.2119999999768,0.5
1591.19,482.375,3.902,3.851,2877.0,3836.0,8750.0,0.0510000000000001,-0.000899281,1602.238,0.5179856115107914
1602.62,432.0,3.877,3.561,3017.787999998778,3896.19,8500.38,0.3159999999999998,-0.000899281,1607.784,0.4946043165467625
1539.44,450.1714285705239,3.902,3.555,2924.375,3788.38,8790.88,0.347,-0.000899281,1546.2759999999885,0.4892086330935251
1535.88,447.4285714291036,3.907,3.548,2864.375,3716.38,8414.0,0.359,-0.000899281,1540.601999999977,0.493705036
1525.5,444.4285714291036,3.899,3.555,2822.4370000008494,3680.44,8656.62,0.3439999999999998,-0.000899281,1528.197999999977,0.493705036
1536.56,398.6999999992549,3.873,3.592,2798.25,3680.25,8312.69,0.2810000000000001,-0.000899281,1542.8979999999767,0.493705036
1596.0,482.1428571436554,3.924,3.537,3110.3120000008494,3968.31,8288.31,0.387,-0.000899281,1605.5999999999767,0.4910071942446043
1628.56,489.8571428563446,3.928,3.533,3164.375,4040.38,8259.62,0.395,-0.000899281,1631.1,0.4982014388489208
1576.69,471.0,3.922,3.541,2996.1870000008494,3860.19,8201.5,0.3810000000000002,-0.000899281,1579.462,0.493705036
1464.0,412.2857142854482,3.929,3.571,2720.375,3572.38,8026.38,0.3579999999999996,-0.000899281,1471.1999999999766,0.493705036
1465.44,410.4000000003725,3.914,3.571,2702.25,3536.25,8140.44,0.3429999999999999,-0.000899281,1473.2619999999763,0.4991007194244604
1574.88,463.7142857145518,3.913,3.542,3008.313000000082,3860.31,8095.31,0.371,-0.000899281,1581.0880000000002,0.493705036
1617.69,477.8571428563446,3.909,3.843,2895.5120000001043,3824.31,8576.31,0.066,-0.000899281,1601.776,0.5170863309352518
1525.88,399.30000000074506,3.869,3.59,2750.375,3644.38,8306.62,0.2790000000000003,-0.000899281,1530.6999999999766,0.493705036
1601.5,432.0,3.877,3.561,3010.712999999523,3896.31,8523.69,0.3159999999999998,-0.000899281,1605.56,0.493705036
1362.06,384.5714285708964,3.902,3.612,2372.375,3176.38,7784.31,0.29,-0.000899281,1367.4759999999767,0.4973021582733813
1537.0,398.0571428555995,3.873,3.594,2792.375,3680.38,8320.56,0.2790000000000003,-0.000899281,1540.4739999999767,0.4928057553956834
1596.0,482.1428571436554,3.924,3.536,3104.375,3968.38,8288.38,0.3879999999999999,-0.000899281,1603.1999999999766,0.4901079136690647
1572.0,472.7142857145518,3.922,3.542,2990.375,3860.38,8170.31,0.3800000000000003,-0.000899281,1577.524,0.4928057553956835
1523.56,444.3428571429104,3.899,3.554,2816.313,3680.31,8624.25,0.3450000000000002,-0.000899281,1526.2479999999766,0.4928057553956834
1522.06,444.0,3.895,3.558,2894.375,3752.38,8798.25,0.3370000000000002,-0.000899281,1539.7999999999884,0.4883093525179857
1464.0,411.30000000074506,3.928,3.572,2708.3120000008494,3572.31,8000.31,0.3559999999999998,-0.000899281,1468.7999999999768,0.4928057553956835
1464.56,409.5,3.914,3.571,2696.25,3536.25,8102.38,0.3429999999999999,-0.000899281,1470.4359999999765,0.4982014388489208
1534.0,446.1428571436554,3.907,3.549,2858.313,3716.31,8406.12,0.3580000000000001,-0.000899281,1538.3639999999766,0.4928057553956834
1525.88,399.0,3.868,3.592,2744.3120000008494,3644.31,8312.75,0.2759999999999998,-0.000899281,1528.5879999999763,0.4928057553956835
1361.75,385.3714285716415,3.903,3.612,2363.678571429104,3176.25,7801.5,0.2909999999999999,-0.000899281,1365.4499999999766,0.4964028776978417
1573.19,463.7142857145518,3.914,3.543,3002.313000000082,3860.31,8071.69,0.371,-0.000899281,1578.214,0.4928057553956834
1599.38,430.7142857145518,3.876,3.561,3003.449999999255,3896.25,8493.06,0.3149999999999999,-0.000899281,1603.312,0.4928057553956834
1608.0,479.4285714291036,3.913,3.548,3125.9749999996275,4004.38,8432.38,0.3649999999999997,-0.000899281,1599.376,0.5161870503597122
1628.0,489.0,3.929,3.533,3170.438,4040.44,8273.88,0.3959999999999999,-0.000899281,1629.862,0.4973021582733812
1532.56,446.1428571436554,3.906,3.549,2852.3120000008494,3716.31,8414.81,0.3570000000000002,-0.000899281,1536.2259999999767,0.4919064748201439
1511.31,440.5714285708964,3.891,3.562,2828.25,3680.25,8837.19,0.3290000000000002,-0.000899281,1531.6739999999882,0.487410072
1361.75,385.3714285716415,3.904,3.612,2354.188,3176.19,7833.44,0.2919999999999998,-0.000899281,1363.9999999999768,0.4955035971223022
1574.38,469.7142857145518,3.921,3.543,2984.375,3860.38,8178.75,0.3779999999999996,-0.000899281,1576.2,0.4919064748201439
1521.69,443.1428571436554,3.899,3.554,2810.3120000008494,3680.31,8628.0,0.3450000000000002,-0.000899281,1524.5739999999766,0.4919064748201439
1537.75,398.0571428555995,3.873,3.593,2787.574999999255,3680.38,8302.5,0.2800000000000002,-0.000899281,1538.6359999999763,0.4919064748201439
1625.69,488.0,3.929,3.533,3169.050000000745,4040.25,8245.06,0.3959999999999999,-0.000899281,1628.638,0.4964028776978417
1596.0,480.0,3.923,3.536,3098.313,3968.31,8311.62,0.387,-0.000899281,1600.7999999999768,0.4892086330935251
1464.69,410.4000000003725,3.914,3.57,2690.313,3536.31,8128.0,0.3440000000000003,-0.000899281,1467.8119999999767,0.4973021582733813
1464.0,411.30000000074506,3.928,3.572,2702.313,3536.31,8036.31,0.3559999999999998,-0.000899281,1466.399999999977,0.4919064748201439
1523.38,399.0,3.868,3.591,2744.3120000008494,3644.31,8275.69,0.2769999999999997,-0.000899281,1526.601999999977,0.4919064748201439
1608.0,477.4285714291036,3.912,3.545,3128.25,4004.25,8396.25,0.367,-0.000899281,1601.776,0.5152877697841727
1572.0,462.0,3.915,3.545,2990.313000000082,3860.31,8059.56,0.3700000000000001,-0.000899281,1575.49,0.4919064748201439
1597.19,429.1999999992549,3.876,3.562,3002.313,3896.31,8467.19,0.314,-0.000899281,1601.15,0.4919064748201439
1613.75,477.8571428563446,3.912,3.544,3122.313,4004.31,8432.31,0.3679999999999999,-0.000899281,1607.726,0.5143884892086331
1571.38,462.0,3.916,3.544,2981.7879999997094,3860.19,8058.75,0.3719999999999999,-0.000899281,1573.59,0.4910071942446043
1594.81,429.4285714291036,3.876,3.562,2996.375,3896.38,8465.69,0.314,-0.000899281,1599.1,0.4910071942446043
1519.88,397.1999999992549,3.866,3.591,2744.375,3644.38,8289.44,0.2749999999999999,-0.000899281,1524.5659999999768,0.4910071942446043
1596.0,480.0,3.924,3.536,3097.1120000015944,3968.31,8288.31,0.3879999999999999,-0.000899281,1598.399999999977,0.4883093525179856
1464.0,412.80000000074506,3.929,3.573,2696.25,3536.25,8036.25,0.3559999999999998,-0.000899281,1464.0,0.4910071942446043
1530.56,444.8571428563446,3.906,3.549,2846.3120000008494,3716.31,8407.88,0.3570000000000002,-0.000899281,1534.187999999977,0.4910071942446043
1360.88,383.4000000003725,3.903,3.611,2354.313,3176.31,7842.94,0.2919999999999998,-0.000899281,1362.1379999999767,0.4946043165467625
1500.5,437.0,3.885,3.567,2792.375,3644.38,8788.38,0.3179999999999996,-0.000899281,1521.8619999999885,0.4865107913669064
1463.62,410.4000000003725,3.914,3.57,2690.3120000008494,3536.31,8138.81,0.3440000000000003,-0.000899281,1465.3859999999768,0.4964028776978417
1573.69,469.7142857145518,3.921,3.541,2984.25,3860.25,8217.38,0.3799999999999999,-0.000899281,1574.976,0.4910071942446043
1623.25,485.5714285708964,3.928,3.533,3158.375,4040.38,8237.38,0.395,-0.000899281,1626.8380000000002,0.4955035971223022
1535.94,398.0571428555995,3.872,3.592,2786.313,3680.31,8317.31,0.2799999999999998,-0.000899281,1537.1619999999768,0.4910071942446043
1519.31,441.8571428563446,3.898,3.555,2804.375,3680.38,8612.06,0.3429999999999999,-0.000899281,1522.8119999999767,0.4910071942446043
1620.62,484.2857142854482,3.928,3.534,3152.375,4040.38,8239.69,0.3940000000000001,-0.000899281,1625.2239999999997,0.4946043165467625
1570.88,461.4857142847032,3.916,3.545,2978.3120000008494,3860.31,8085.06,0.371,-0.000899281,1572.466,0.4901079136690647
1504.88,438.0,3.889,3.567,2768.3120000008494,3608.31,8761.81,0.3219999999999996,-0.000899281,1515.6379999999886,0.4856115107913669
1464.0,411.9000000003725,3.927,3.572,2696.375,3536.38,8000.38,0.355,-0.000899281,1464.0,0.4901079136690647
1462.5,408.0,3.915,3.571,2684.375,3536.38,8163.75,0.3439999999999998,-0.000899281,1464.1619999999766,0.4955035971223022
1359.88,384.0,3.902,3.612,2353.5178571436554,3176.38,7865.81,0.29,-0.000899281,1361.263999999977,0.493705036
1528.81,444.8571428563446,3.906,3.549,2840.375,3716.38,8409.38,0.3570000000000002,-0.000899281,1532.361999999977,0.4901079136690647
1515.19,395.5714285708964,3.866,3.591,2729.9749999996275,3608.38,8282.81,0.2749999999999999,-0.000899281,1522.041999999977,0.4901079136690647
1592.25,428.1428571436554,3.874,3.563,2989.175000000745,3860.38,8444.75,0.3109999999999999,-0.000899281,1597.026,0.4901079136690647
1608.0,476.0,3.911,3.547,3110.3120000008494,3968.31,8396.31,0.3639999999999999,-0.000899281,1611.088,0.5134892086330936
1517.19,441.8571428563446,3.898,3.555,2798.5,3680.5,8623.0,0.3429999999999999,-0.000899281,1521.4499999999766,0.4901079136690647
1531.44,397.3714285716415,3.873,3.419,2779.574999999255,3636.0,8322.31,0.4540000000000002,-0.000899281,1535.7379999999766,0.4901079136690647
1596.0,477.8571428563446,3.924,3.538,3092.313,3968.31,8288.31,0.3860000000000001,-0.000899281,1596.0,0.487410071942446
1572.75,469.7142857145518,3.921,3.541,2978.3120000008494,3860.31,8209.56,0.3799999999999999,-0.000899281,1573.902,0.4901079136690647
31.5,39.13770492002368,3.124,3.583,93.45454545505343,8.0,8.31,-0.459,-0.000899281,1095.1519999999769,0.4928057553956835
1599.75,479.5714285708964,3.923,3.537,3086.375,3968.38,8252.38,0.3860000000000001,-0.000899281,1596.7499999999768,0.4865107913669065
1526.75,443.5714285708964,3.905,3.55,2840.375,3716.38,8362.38,0.355,-0.000899281,1530.5359999999769,0.4892086330935251
1608.0,475.0,3.911,3.546,3104.25,3968.25,8360.25,0.3650000000000002,-0.000899281,1609.15,0.5125899280575539
1617.69,483.0,3.928,3.534,3140.3120000008494,4004.31,8180.81,0.3940000000000001,-0.000899281,1623.05,0.493705036
1528.75,397.2857142854482,3.872,3.593,2758.712999999523,3644.31,8283.5,0.2789999999999999,-0.000899281,1534.1759999999767,0.4892086330935251
1571.56,467.0,3.921,3.542,2978.375,3860.38,8201.62,0.379,-0.000899281,1572.876,0.4892086330935251
1452.0,408.3428571429104,3.926,3.571,2696.375,3536.38,8036.38,0.355,-0.000899281,1461.5999999999767,0.4892086330935251
1570.5,462.2857142854482,3.916,3.545,2978.25,3860.25,8078.81,0.371,-0.000899281,1571.59,0.4892086330935251
1513.06,395.5714285708964,3.866,3.592,2720.3120000008494,3608.31,8272.56,0.274,-0.000899281,1519.4779999999769,0.4892086330935251
1495.38,434.5714285708964,3.885,3.566,2774.375,3644.38,8760.25,0.3189999999999999,-0.000899281,1506.8259999999882,0.4847122302158273
1461.38,411.0,3.913,3.57,2684.313,3536.31,8140.75,0.3429999999999999,-0.000899281,1463.3499999999767,0.4946043165467625
1514.31,440.5714285708964,3.897,3.555,2792.188,3644.19,8650.69,0.3419999999999996,-0.000899281,1519.2119999999766,0.4892086330935251
1590.19,428.4000000003725,3.875,3.563,2984.25,3860.25,8447.56,0.3119999999999998,-0.000899281,1594.764,0.4892086330935251
1587.5,428.5714285708964,3.874,3.564,2974.7750000003725,3860.38,8453.44,0.31,-0.000899281,1592.388,0.4883093525179857
1616.0,483.0,3.928,3.535,3133.1120000015944,4004.31,8214.44,0.3929999999999998,-0.000899281,1620.65,0.4928057553956834
1454.44,406.9714285712689,3.925,3.573,2684.25,3536.25,8000.25,0.3519999999999998,-0.000899281,1459.687999999977,0.4883093525179856
1608.0,473.5714285708964,3.912,3.545,3104.313,3968.31,8396.31,0.367,-0.000899281,1609.15,0.5116906474820144
1457.06,408.30000000074506,3.911,3.57,2672.313,3500.31,8173.75,0.3410000000000002,-0.000899281,1461.8499999999767,0.493705036
1510.44,396.6857142858207,3.865,3.593,2708.375,3608.38,8258.88,0.2720000000000002,-0.000899281,1516.389999999977,0.4883093525179856
1513.69,440.5714285708964,3.891,3.569,2750.375,3608.38,8758.0,0.322,-0.000899281,1505.1519999999884,0.4838129496402877
1354.38,382.1999999992549,3.9,3.611,2456.313,3284.31,7978.12,0.2889999999999997,-0.000899281,1093.6779999999767,0.4919064748201439
1510.0,438.0,3.897,3.555,2780.375,3644.38,8614.06,0.3419999999999996,-0.000899281,1516.4999999999768,0.4883093525179857
1570.38,463.2857142854482,3.916,3.544,2974.712999999523,3860.31,8134.12,0.3719999999999999,-0.000899281,1571.028,0.4883093525179857
1526.19,396.0,3.872,3.593,2751.574999999255,3644.38,8322.69,0.2789999999999999,-0.000899281,1532.013999999977,0.4883093525179857
1570.0,468.4285714291036,3.921,3.542,2978.4370000008494,3860.44,8146.75,0.379,-0.000899281,1572.476,0.4883093525179856
1596.0,478.0,3.922,3.537,3082.712999999523,3968.31,8288.06,0.3850000000000002,-0.000899281,1596.7499999999768,0.4856115107913669
1525.19,442.9714285712689,3.905,3.55,2834.313,3680.31,8406.75,0.355,-0.000899281,1528.7739999999767,0.4883093525179857
1499.31,436.0,3.892,3.557,2768.375,3644.38,8612.44,0.3349999999999999,-0.000899281,1512.0239999999767,0.487410072
1582.62,426.0,3.872,3.565,2967.5129999984056,3860.31,8433.5,0.3069999999999999,-0.000899281,1589.474,0.487410072
1515.25,441.8571428563446,3.891,3.563,2816.25,3680.25,8744.62,0.3279999999999998,-0.000899281,1505.9399999999885,0.4829136690647482
1596.0,474.0,3.91,3.545,3098.313,3968.31,8468.31,0.3650000000000002,-0.000899281,1606.75,0.5107913669064749
1614.56,480.0,3.927,3.536,3125.912000000477,4004.31,8200.31,0.391,-0.000899281,1618.4239999999998,0.4919064748201439
1503.69,392.9142857138068,3.864,3.594,2693.9749999996275,3572.38,8267.06,0.27,-0.000899281,1512.4519999999768,0.487410071942446
1352.5,382.5,3.9,3.612,2336.313,3140.31,7807.31,0.2879999999999998,-0.000899281,1091.8279999999768,0.4910071942446043
1451.81,404.5714285708964,3.911,3.571,2660.375,3500.38,8143.12,0.3399999999999998,-0.000899281,1459.2739999999765,0.4928057553956835
1569.0,460.2857142854482,3.916,3.543,2972.25,3824.25,8127.69,0.3729999999999998,-0.000899281,1570.428,0.487410072
1568.69,467.1428571436554,3.92,3.542,2972.313,3824.31,8185.5,0.3780000000000001,-0.000899281,1571.3380000000002,0.487410071942446
1522.56,444.0,3.904,3.552,2828.313,3680.31,8378.94,0.3519999999999998,-0.000899281,1526.7739999999767,0.487410072
1520.94,396.3428571429104,3.869,3.594,2744.3120000008494,3644.31,8297.88,0.2750000000000003,-0.000899281,1528.6519999999769,0.487410072
1584.0,477.0,3.922,3.537,3075.5129999984056,3932.31,8252.31,0.3850000000000002,-0.000899281,1594.3499999999767,0.4847122302158273
1452.0,403.5,3.926,3.574,2662.089285714552,3500.38,8000.38,0.3520000000000003,-0.000899281,1457.2879999999768,0.487410071942446
1506.75,393.0,3.864,3.596,2726.375,3608.38,8270.94,0.2679999999999998,-0.000899281,1522.8139999999769,0.4865107913669064
1350.38,381.30000000074506,3.9,3.613,2330.313,3140.31,7814.94,0.2869999999999999,-0.000899281,1089.7279999999769,0.4901079136690647
1440.0,405.0,3.925,3.574,2654.375,3500.38,7964.38,0.351,-0.000899281,1452.4879999999769,0.4865107913669065
1584.0,474.4285714291036,3.921,3.539,3068.25,3932.25,8252.25,0.3819999999999997,-0.000899281,1591.9499999999766,0.4838129496402877
1498.88,393.9428571444005,3.862,3.595,2665.1120000015944,3536.31,8305.0,0.2669999999999999,-0.000899281,1508.2519999999768,0.4865107913669065
1489.62,432.8571428563446,3.888,3.559,2722.7750000003725,3572.38,8621.19,0.3289999999999997,-0.000899281,1506.0859999999766,0.4865107913669064
1519.06,440.9142857138068,3.903,3.551,2816.313,3680.31,8353.44,0.3519999999999998,-0.000899281,1524.4739999999767,0.4865107913669064
1566.12,465.8571428563446,3.92,3.543,2966.25,3824.25,8198.12,0.3769999999999998,-0.000899281,1569.8239999999998,0.4865107913669065
1447.81,403.88571428507566,3.911,3.573,2648.25,3500.25,8105.5,0.3380000000000001,-0.000899281,1456.111999999977,0.4919064748201439
1522.38,444.0,3.895,3.561,2828.375,3680.38,8738.81,0.3340000000000001,-0.000899281,1510.3159999999884,0.4820143884892086
1613.44,480.0,3.928,3.536,3116.313,4004.31,8228.38,0.3919999999999999,-0.000899281,1616.462,0.4910071942446043
1568.62,422.4000000003725,3.866,3.567,2938.6500000003725,3824.25,8443.69,0.2989999999999999,-0.000899281,1584.236,0.4865107913669064
1566.88,462.0,3.915,3.545,2966.3120000008494,3824.31,8148.88,0.3700000000000001,-0.000899281,1569.528,0.4865107913669064
1607.19,474.0,3.91,3.547,3092.3120000008494,3968.31,8360.31,0.363,-0.000899281,1605.438,0.5098920863309353
1485.62,447.5625,3.887,3.763,2499.375,3458.06,9041.62,0.1240000000000001,-0.000899281,1499.7719999999767,0.4856115107913669
1506.19,405.625,3.87,3.771,2506.375,3465.0,8518.88,0.099,-0.000899281,1506.4519999999768,0.4856115107913669
1499.5,445.1875,3.898,3.755,2611.375,3556.0,8698.19,0.1430000000000002,-0.000899281,1518.611999999977,0.4856115107913669
1574.44,477.625,3.917,3.846,2891.0,3836.0,8484.0,0.071,-0.000899281,1587.6379999999767,0.4829136690647481
1536.19,465.56200000084937,3.907,3.743,2793.375,3738.0,8407.06,0.1640000000000001,-0.000899281,1562.512,0.4856115107913669
1525.19,444.8571428563446,3.898,3.559,2858.3120000008494,3716.31,8777.38,0.3389999999999999,-0.000899281,1514.3779999999886,0.481115107913669
1447.19,412.81200000084937,3.927,3.878,2471.0,3388.0,8386.0,0.049,-0.000899281,1449.125999999977,0.4856115107913669
1611.75,481.7142857145518,3.928,3.535,3116.313,4004.31,8205.94,0.3929999999999998,-0.000899281,1614.688,0.4901079136690647
1447.62,414.0315,3.914,3.771,2457.313,3367.0,8498.69,0.1430000000000002,-0.000899281,1453.1359999999763,0.4910071942446043
1545.62,432.0,3.857,3.75,2695.3120000008494,3668.0,8775.31,0.1070000000000002,-0.000899281,1574.91,0.4856115107913669
1596.0,474.0,3.91,3.545,3097.050000000745,3968.25,8396.25,0.3650000000000002,-0.000899281,1603.038,0.5089928057553956
1539.88,461.99950000084937,3.9,3.856,2786.375,3745.38,8359.75,0.044,-0.000899281,1563.328,0.4856115107913669
1511.62,403.18700000084937,3.874,3.888,2548.375,3507.38,8537.5,-0.014,-0.000899281,1518.8499999999767,0.4856115107913669
1348.12,380.5,3.901,3.614,2324.375,3140.38,7817.38,0.2869999999999999,-0.000899281,1087.3759999999768,0.4892086330935251
1509.31,440.1428571436554,3.892,3.872,2528.25,3464.25,8824.94,0.02,-0.000899281,1498.7719999999763,0.4847122302158273
1546.0,459.0,3.904,3.859,2693.912000000477,3608.31,8313.31,0.045,-0.000899281,1557.4,0.4847122302158273
1609.94,481.7142857145518,3.928,3.536,3110.313,3968.31,8148.81,0.3919999999999999,-0.000899281,1613.138,0.4892086330935251
1515.5,442.0,3.897,3.87,2564.375,3500.38,8565.38,0.027,-0.000899281,1516.361999999977,0.4847122302158273
1524.69,395.3142857141793,3.868,3.88,2564.313,3500.31,8437.94,-0.012,-0.000899281,1518.0379999999768,0.4847122302158273
1452.0,408.3428571429104,3.924,3.872,2492.3120000008494,3392.31,8288.31,0.052,-0.000899281,1449.125999999977,0.4847122302158273
1519.0,398.1428571436554,3.865,3.881,2549.912999998778,3500.31,8520.5,-0.016,-0.000899281,1507.639999999977,0.4847122302158273
1596.0,474.0,3.91,3.545,3092.375,3968.38,8396.38,0.3650000000000002,-0.000899281,1600.638,0.5080935251798561
1576.69,426.4285714291036,3.862,3.869,2693.9749999996275,3644.38,8494.19,-0.007,-0.000899281,1572.21,0.4847122302158273
1460.88,408.3428571429104,3.91,3.873,2474.313,3356.31,8415.19,0.037,-0.000899281,1453.0359999999766,0.4901079136690647
1553.06,455.0,3.901,3.861,2701.175000000745,3644.38,8343.62,0.04,-0.000899281,1559.84,0.4847122302158273
1584.0,478.0,3.915,3.847,2873.912999998778,3788.31,8396.31,0.068,-0.000899281,1584.4879999999769,0.4820143884892086
1345.69,389.99950000084937,3.901,3.785,2135.313,3031.0,8109.12,0.1159999999999996,-0.000899281,1350.2139999999767,0.4883093525179856
1524.31,457.2185,3.9,3.745,2667.313,3619.0,9156.31,0.1549999999999998,-0.000899281,1520.1639999999884,0.4802158273381295
1510.44,438.5052857156843,3.894,3.559,2774.313,3644.31,8673.69,0.3349999999999999,-0.000899281,1498.8599999999765,0.4838129496402877
1440.0,403.1999999992549,3.922,3.575,2678.313,3500.31,8036.31,0.347,-0.000899281,1446.2379999999769,0.4838129496402877
1555.31,462.0,3.91,3.553,2894.375,3752.38,8139.0,0.3570000000000002,-0.000899281,1554.462,0.4838129496402877
1585.69,428.1428571436554,3.867,3.569,2938.712000001222,3824.31,8487.5,0.298,-0.000899281,1571.848,0.4838129496402877
1596.0,474.0,3.91,3.545,3092.3120000008494,3968.31,8396.31,0.3650000000000002,-0.000899281,1598.238,0.5071942446043165
1515.38,397.3714285716415,3.864,3.593,2729.787000000477,3608.19,8368.75,0.2709999999999999,-0.000899281,1508.6279999999765,0.4838129496402877
1513.5,439.2857142854482,3.898,3.556,2798.3120000008494,3644.31,8360.31,0.3420000000000001,-0.000899281,1514.0239999999767,0.4838129496402877
1559.44,458.0,3.907,3.552,2918.313,3788.31,8197.44,0.355,-0.000899281,1557.652,0.4838129496402877
1452.44,406.2857142854482,3.909,3.573,2672.375,3500.38,8268.69,0.3359999999999998,-0.000899281,1452.111999999977,0.4892086330935251
1584.0,475.0,3.916,3.543,3061.175000000745,3932.38,8324.38,0.3729999999999998,-0.000899281,1582.0879999999768,0.481115107913669
1337.38,378.9000000003725,3.892,3.896,2132.25,2996.25,8045.88,-0.004,-0.000899281,1346.8139999999769,0.487410071942446
1523.19,395.3142857141793,3.869,3.596,2744.3120000008494,3644.31,8340.94,0.2730000000000001,-0.000899281,1517.437999999977,0.4838129496402877
1609.0,479.0,3.928,3.537,3104.25,3968.25,8191.62,0.391,-0.000899281,1611.738,0.4883093525179857
1531.25,447.0,3.9,3.858,2672.3120000008494,3608.31,9039.56,0.0419999999999998,-0.000899281,1523.6759999999883,0.4793165467625899
1584.0,477.4285714291036,3.919,3.544,3056.25,3932.25,8252.25,0.375,-0.000899281,1582.0879999999768,0.4802158273381295
1518.12,441.2571428567171,3.9,3.556,2792.3120000008494,3644.31,8393.19,0.3439999999999998,-0.000899281,1513.1359999999763,0.4829136690647482
1330.31,376.0,3.892,3.617,2286.598714284599,3104.31,7818.62,0.2749999999999999,-0.000899281,1342.3759999999768,0.4865107913669065
1555.31,462.0,3.911,3.55,2924.375,3788.38,8181.0,0.3610000000000002,-0.000899281,1551.7859999999998,0.4829136690647481
1455.56,406.9714285712689,3.91,3.574,2646.535714285448,3500.25,8193.69,0.3360000000000003,-0.000899281,1452.861999999977,0.4883093525179856
1519.88,395.1428571436554,3.868,3.596,2738.188,3644.19,8282.62,0.2719999999999998,-0.000899281,1517.2259999999767,0.4829136690647482
1588.19,428.9142857138068,3.87,3.567,2972.313,3860.31,8470.38,0.3029999999999999,-0.000899281,1572.962,0.4829136690647482
1607.56,480.4285714291036,3.928,3.536,3104.25,3968.25,8220.38,0.3919999999999999,-0.000899281,1610.3380000000002,0.487410072
1596.0,475.7142857145518,3.91,3.545,3089.912000000477,3968.31,8396.31,0.3650000000000002,-0.000899281,1598.238,0.5062949640287769
1452.0,406.2857142854482,3.924,3.576,2648.3120000008494,3500.31,8036.31,0.3479999999999998,-0.000899281,1446.2379999999769,0.4829136690647481
1517.56,397.1999999992549,3.866,3.593,2714.375,3608.38,8335.62,0.2730000000000001,-0.000899281,1511.4019999999769,0.4829136690647481
1563.94,460.0,3.91,3.551,2931.5129999984056,3788.31,8202.06,0.359,-0.000899281,1556.64,0.4829136690647482
1526.5,445.7142857145518,3.9,3.561,2876.188,3752.19,8845.0,0.3389999999999999,-0.000899281,1525.9259999999883,0.4784172661870503
1508.38,438.4285714291036,3.894,3.558,2780.375,3644.38,8588.81,0.3360000000000003,-0.000899281,1500.6739999999768,0.4829136690647482
1604.75,479.1428571436554,3.927,3.537,3092.1870000008494,3968.19,8222.88,0.3900000000000001,-0.000899281,1608.6,0.4865107913669064
1505.31,438.0,3.893,3.559,2773.050000000745,3644.25,8609.81,0.3339999999999996,-0.000899281,1503.8119999999767,0.4820143884892086
1596.0,473.0,3.909,3.546,3086.3120000008494,3968.31,8424.62,0.363,-0.000899281,1596.0,0.5053956834532374
1452.5,406.2857142854482,3.91,3.574,2654.313,3500.31,8174.5,0.3360000000000003,-0.000899281,1453.7999999999768,0.487410071942446
1566.31,467.0,3.915,3.549,2930.375,3788.38,8165.12,0.3660000000000001,-0.000899281,1551.8239999999998,0.4820143884892086
1584.0,478.7142857145518,3.921,3.541,3074.313,3932.31,8288.31,0.3799999999999999,-0.000899281,1582.0879999999768,0.4793165467625899
1329.62,376.0,3.893,3.619,2270.375,3068.38,7742.94,0.2739999999999996,-0.000899281,1338.2239999999767,0.4856115107913669
1523.0,442.62857142835855,3.899,3.562,2864.313,3716.31,8759.25,0.3370000000000002,-0.000899281,1526.0499999999884,0.4775179856115108
1569.94,462.4285714291036,3.913,3.548,2948.313,3824.31,8150.0,0.3649999999999997,-0.000899281,1557.252,0.4820143884892086
1519.19,441.4285714291036,3.902,3.555,2810.375,3680.38,8331.81,0.347,-0.000899281,1513.1619999999768,0.4820143884892086
1519.88,394.62857142835855,3.869,3.596,2739.300000000745,3610.5,8250.44,0.2730000000000001,-0.000899281,1519.851999999977,0.4820143884892086
1585.94,427.7142857145518,3.871,3.566,2978.313,3860.31,8461.88,0.3050000000000001,-0.000899281,1576.426,0.4820143884892086
1513.25,396.6857142858207,3.864,3.592,2720.3120000008494,3608.31,8342.88,0.2719999999999998,-0.000899281,1514.2759999999766,0.4820143884892086
1452.0,406.2857142854482,3.923,3.575,2660.375,3500.38,8000.38,0.3479999999999998,-0.000899281,1448.6379999999767,0.4820143884892086
1518.75,440.2285714298487,3.902,3.553,2816.25,3680.25,8357.75,0.3490000000000002,-0.000899281,1517.0119999999768,0.481115107913669
1596.0,474.4285714291036,3.909,3.546,3082.7750000003725,3968.38,8360.38,0.363,-0.000899281,1596.0,0.5044964028776978
1452.0,408.30000000074506,3.925,3.575,2660.375,3500.38,8036.38,0.3499999999999996,-0.000899281,1449.5999999999767,0.481115107913669
1327.31,375.0,3.892,3.619,2255.740571429953,3068.31,7739.06,0.2729999999999997,-0.000899281,1334.0619999999767,0.4847122302158273
1567.31,468.0,3.916,3.546,2966.3120000008494,3824.31,8182.94,0.3700000000000001,-0.000899281,1558.048,0.481115107913669
1511.75,394.2857142854482,3.864,3.593,2701.175000000745,3572.38,8317.81,0.2709999999999999,-0.000899281,1515.3879999999767,0.481115107913669
1500.0,435.8571428563446,3.893,3.56,2762.375,3608.38,8558.06,0.3329999999999997,-0.000899281,1506.687999999977,0.481115107913669
1517.56,393.8571428563446,3.868,3.596,2732.25,3608.25,8263.12,0.2719999999999998,-0.000899281,1521.0399999999768,0.481115107913669
1576.81,480.0,3.914,3.741,2919.3120000008494,3871.0,8444.38,0.173,-0.000899281,1601.612,0.4856115107913669
1583.69,426.4285714291036,3.87,3.566,2967.449999999255,3860.25,8466.0,0.3040000000000002,-0.000899281,1584.0400000000002,0.481115107913669
1584.0,476.0,3.92,3.54,3080.3120000008494,3932.31,8288.31,0.3799999999999999,-0.000899281,1584.0,0.4784172661870503
1520.56,441.9428571444005,3.899,3.562,2858.3120000008494,3716.31,8703.06,0.3370000000000002,-0.000899281,1525.1239999999882,0.4766187050359711
1572.0,463.7142857145518,3.913,3.547,2972.3120000008494,3824.31,8186.25,0.3659999999999996,-0.000899281,1563.676,0.481115107913669
1455.25,405.2571428567171,3.912,3.575,2648.375,3464.38,8173.81,0.3369999999999997,-0.000899281,1455.3259999999768,0.4865107913669065
1519.5,441.8571428563446,3.898,3.562,2852.313,3716.31,8710.75,0.3360000000000003,-0.000899281,1524.1619999999882,0.4757194244604316
1514.69,437.1428571436554,3.901,3.553,2810.313,3680.31,8319.81,0.3479999999999998,-0.000899281,1516.8499999999767,0.4802158273381295
1581.75,426.4285714291036,3.87,3.566,2960.313,3824.31,8473.12,0.3040000000000002,-0.000899281,1585.052,0.4802158273381295
1595.38,476.0,3.914,3.849,2834.375,3788.38,8369.19,0.065,-0.000899281,1598.7,0.4847122302158273
1584.0,475.0,3.92,3.541,3068.3120000008494,3932.31,8288.31,0.379,-0.000899281,1584.0,0.4775179856115108
1334.25,377.4000000003725,3.894,3.62,2258.375,3068.38,7761.56,0.274,-0.000899281,1331.7739999999767,0.4838129496402877
1565.31,465.0,3.916,3.544,2972.313,3824.31,8140.94,0.3719999999999999,-0.000899281,1561.91,0.4802158273381295
1511.06,395.4000000003725,3.865,3.594,2701.112999999896,3572.31,8282.12,0.2710000000000003,-0.000899281,1513.7999999999768,0.4802158273381295
1501.44,435.7714285701513,3.893,3.56,2754.598714284599,3608.31,8623.31,0.3329999999999997,-0.000899281,1505.1139999999768,0.4802158273381295
1452.0,405.2571428567171,3.925,3.575,2672.375,3500.38,8036.38,0.3499999999999996,-0.000899281,1449.5999999999767,0.4802158273381295
1521.31,395.6999999992549,3.868,3.597,2726.3120000008494,3608.31,8252.5,0.2709999999999999,-0.000899281,1520.3639999999766,0.4802158273381295
1596.0,473.1428571436554,3.909,3.546,3075.5120000001043,3932.31,8360.31,0.363,-0.000899281,1596.0,0.5035971223021584
1564.88,461.0,3.911,3.545,2978.375,3860.38,8145.06,0.3660000000000001,-0.000899281,1566.04,0.4802158273381295
1449.69,405.0,3.91,3.573,2654.3120000008494,3500.31,8171.31,0.3370000000000002,-0.000899281,1453.0879999999768,0.4856115107913669
1440.0,406.9714285712689,3.925,3.575,2654.438,3500.44,7964.44,0.3499999999999996,-0.000899281,1449.5999999999767,0.4793165467625899
1597.25,474.9191429,3.919,3.544,3050.375,3932.38,8263.75,0.375,-0.000899281,1596.35,0.4838129496402877
1583.0,428.1428571436554,3.87,3.584,2953.112999999896,3824.31,8478.31,0.286,-0.000899281,1584.514,0.4793165467625899
1447.81,403.1999999992549,3.91,3.574,2636.375,3464.38,8165.88,0.3360000000000003,-0.000899281,1452.1619999999766,0.4847122302158273
1519.5,393.9428571444005,3.868,3.595,2737.175000000745,3608.38,8254.75,0.2729999999999997,-0.000899281,1519.6259999999768,0.4793165467625899
1327.19,374.9844999983907,3.893,3.617,2282.375,3104.38,7700.25,0.2759999999999998,-0.000899281,1329.735999999977,0.4829136690647481
1562.44,465.4285714291036,3.915,3.545,2966.375,3824.38,8190.31,0.3700000000000001,-0.000899281,1563.336,0.4793165467625899
1596.0,471.0,3.908,3.546,3068.3120000008494,3932.31,8432.31,0.3620000000000001,-0.000899281,1596.0,0.5026978417266187
1518.88,440.5714285708964,3.898,3.563,2846.375,3716.38,8726.25,0.3349999999999999,-0.000899281,1521.6879999999885,0.4748201438848921
1584.0,473.1428571436554,3.92,3.541,3061.112999999896,3932.31,8288.31,0.379,-0.000899281,1584.0,0.4766187050359712
1563.19,460.2857142854482,3.91,3.547,2954.375,3824.38,8161.38,0.363,-0.000899281,1566.7900000000002,0.4793165467625899
1513.25,438.8571428563446,3.901,3.555,2798.375,3644.38,8344.44,0.3459999999999996,-0.000899281,1516.7999999999768,0.4793165467625899
1499.69,437.0,3.892,3.56,2750.3120000008494,3608.31,8604.0,0.3319999999999998,-0.000899281,1502.9639999999767,0.4793165467625899
1510.88,395.5714285708964,3.865,3.593,2696.313,3572.31,8308.31,0.2720000000000002,-0.000899281,1512.899999999977,0.4793165467625899
1584.0,474.0,3.919,3.542,3050.375,3932.38,8252.38,0.3770000000000002,-0.000899281,1584.0,0.4757194244604316
1515.81,393.2571428567171,3.868,3.596,2729.912000000477,3608.31,8254.12,0.2719999999999998,-0.000899281,1518.8119999999767,0.4784172661870503
1508.88,394.9714285712689,3.866,3.593,2701.112999999896,3572.31,8318.12,0.2730000000000001,-0.000899281,1511.1639999999766,0.4784172661870503
1584.0,470.8571428563446,3.908,3.546,3062.375,3932.38,8432.38,0.3620000000000001,-0.000899281,1593.6,0.5017985611510791
1580.38,427.5428571,3.87,3.566,2960.375,3824.38,8466.75,0.3040000000000002,-0.000899281,1582.952,0.4784172661870503
1448.44,403.88571428507566,3.91,3.574,2630.375,3464.38,8124.38,0.3360000000000003,-0.000899281,1450.7379999999769,0.4838129496402877
1328.62,375.5999999996274,3.894,3.618,2258.3120000008494,3068.31,7748.94,0.2760000000000002,-0.000899281,1329.3979999999767,0.4820143884892086
1452.0,407.1428571436554,3.927,3.575,2648.375,3500.38,8036.38,0.3519999999999998,-0.000899281,1449.5999999999767,0.4784172661870503
1600.69,476.0,3.921,3.543,3050.313,3932.31,8259.88,0.3779999999999996,-0.000899281,1594.976,0.4829136690647482
1560.12,457.7142857145518,3.909,3.547,2948.375,3824.38,8118.81,0.3619999999999996,-0.000899281,1566.026,0.4784172661870503
1517.69,442.2857142854482,3.898,3.562,2846.375,3716.38,8720.38,0.3360000000000003,-0.000899281,1519.9259999999883,0.4739208633093524
1511.06,437.5714285708964,3.901,3.555,2792.188,3644.19,8320.88,0.3459999999999996,-0.000899281,1515.3879999999767,0.4784172661870503
1559.19,464.1428571436554,3.915,3.546,2954.25,3824.25,8149.25,0.3690000000000002,-0.000899281,1564.112,0.4784172661870503
1497.12,435.08571428619325,3.892,3.559,2744.375,3608.38,8607.44,0.3329999999999997,-0.000899281,1500.7119999999766,0.4784172661870503
1510.94,436.45714285597205,3.901,3.555,2787.5129999984056,3644.31,8324.12,0.3459999999999996,-0.000899281,1513.7379999999766,0.4775179856115108
1516.31,441.0,3.896,3.563,2840.375,3680.38,8716.0,0.3329999999999997,-0.000899281,1518.5879999999884,0.473021583
1606.44,477.8571428563446,3.925,3.542,3068.375,3932.38,8245.94,0.383,-0.000899281,1595.314,0.4820143884892086
1564.81,462.0,3.909,3.547,2942.375,3824.38,8092.5,0.3619999999999996,-0.000899281,1565.0,0.4775179856115108
1452.0,407.1428571436554,3.926,3.574,2654.343999998644,3500.38,8036.38,0.3520000000000003,-0.000899281,1449.5999999999767,0.4775179856115108
1556.5,461.1428571436554,3.915,3.548,2948.375,3824.38,8122.5,0.367,-0.000899281,1562.15,0.4775179856115108
1496.81,433.3714285716415,3.893,3.56,2732.375,3608.38,8605.0,0.3329999999999997,-0.000899281,1499.0119999999768,0.4775179856115108
1506.38,394.2857142854482,3.866,3.595,2690.3120000008494,3572.31,8309.0,0.2709999999999999,-0.000899281,1509.7899999999768,0.4775179856115108
1584.0,470.0,3.907,3.548,3053.912000000477,3932.31,8432.31,0.359,-0.000899281,1591.2,0.5008992805755396
1328.12,374.0999999996274,3.895,3.618,2264.375,3068.38,7730.12,0.2770000000000001,-0.000899281,1329.0979999999768,0.481115107913669
1448.44,403.88571428507566,3.911,3.574,2636.313,3464.31,8116.31,0.3370000000000002,-0.000899281,1449.9259999999767,0.4829136690647481
1512.88,390.8571428563446,3.869,3.596,2722.6500000003725,3608.25,8255.81,0.2730000000000001,-0.000899281,1517.4119999999768,0.4775179856115108
1584.0,473.0,3.919,3.54,3053.912000000477,3932.31,8252.31,0.379,-0.000899281,1584.0,0.4748201438848921
1578.69,425.1428571436554,3.87,3.566,2945.9749999996275,3824.38,8493.12,0.3040000000000002,-0.000899281,1581.502,0.4775179856115108
1328.81,374.7428571432829,3.895,3.618,2258.313,3068.31,7733.81,0.2770000000000001,-0.000899281,1329.3979999999767,0.4802158273381295
1447.81,403.88571428507566,3.911,3.574,2630.375,3464.38,8131.88,0.3370000000000002,-0.000899281,1448.437999999977,0.4820143884892086
1452.0,406.9714285712689,3.925,3.575,2660.313,3500.31,8036.31,0.3499999999999996,-0.000899281,1449.5999999999767,0.4766187050359712
1591.5,467.5714285708964,3.908,3.547,3050.375,3896.38,8432.38,0.3609999999999997,-0.000899281,1590.3,0.5
1500.0,392.0999999996274,3.866,3.595,2684.25,3572.25,8320.12,0.2709999999999999,-0.000899281,1507.4399999999769,0.4766187050359712
1572.0,472.0,3.919,3.542,3044.313,3896.31,8216.31,0.3770000000000002,-0.000899281,1581.5999999999767,0.4739208633093525
1606.75,479.1428571436554,3.925,3.54,3086.25,3968.25,8234.94,0.3849999999999998,-0.000899281,1601.302,0.481115107913669
1578.88,425.82857142947614,3.871,3.566,2938.7750000003725,3824.38,8457.38,0.3050000000000001,-0.000899281,1580.54,0.4766187050359711
1515.75,440.9142857138068,3.896,3.562,2834.375,3680.38,8729.12,0.3340000000000001,-0.000899281,1517.6259999999886,0.4721223021582734
1511.38,391.5,3.869,3.597,2708.375,3608.38,8237.06,0.2720000000000002,-0.000899281,1516.1759999999767,0.4766187050359711
1555.44,460.0,3.916,3.548,2942.3120000008494,3824.31,8121.0,0.3679999999999999,-0.000899281,1559.776,0.4766187050359712
1496.31,432.0,3.893,3.56,2732.313,3608.31,8641.25,0.3329999999999997,-0.000899281,1498.2739999999765,0.4766187050359711
1508.25,436.0,3.901,3.554,2780.3120000008494,3644.31,8324.62,0.347,-0.000899281,1511.6379999999767,0.4766187050359711
1556.56,456.4285714291036,3.909,3.546,2960.375,3824.38,8101.94,0.363,-0.000899281,1561.912,0.4766187050359711
1445.5,403.1999999992549,3.91,3.573,2630.375,3464.38,8155.94,0.3370000000000002,-0.000899281,1447.5999999999767,0.481115107913669
1572.0,464.1428571436554,3.904,3.548,3044.375,3896.38,8396.38,0.3559999999999998,-0.000899281,1585.5,0.4991007194244604
1577.56,425.82857142947614,3.871,3.566,2938.7750000003725,3824.38,8507.12,0.3050000000000001,-0.000899281,1579.702,0.4757194244604316
1495.88,434.80000000074506,3.893,3.561,2732.375,3608.38,8645.88,0.3319999999999998,-0.000899281,1497.1619999999766,0.4757194244604316
1552.5,459.8571428563446,3.915,3.547,2936.3120000008494,3788.31,8135.25,0.3679999999999999,-0.000899281,1557.214,0.4757194244604316
1446.69,405.0,3.924,3.576,2654.375,3500.38,8000.38,0.3479999999999998,-0.000899281,1448.5379999999766,0.4757194244604316
1509.62,390.5999999996274,3.868,3.597,2701.112999999896,3608.31,8221.56,0.2709999999999999,-0.000899281,1513.8379999999768,0.4757194244604316
1328.25,374.5,3.896,3.617,2264.25,3068.25,7723.06,0.2789999999999999,-0.000899281,1328.197999999977,0.4793165467625899
1572.0,470.5714285708964,3.919,3.542,3032.3120000008494,3896.31,8288.31,0.3770000000000002,-0.000899281,1579.1999999999766,0.473021583
1502.81,392.9142857138068,3.864,3.596,2678.375,3572.38,8303.62,0.2679999999999998,-0.000899281,1505.7899999999768,0.4757194244604316
1508.06,435.7714285701513,3.901,3.555,2774.3120000008494,3644.31,8320.31,0.3459999999999996,-0.000899281,1510.3119999999767,0.4757194244604316
1512.94,439.7142857145518,3.896,3.561,2830.587999999523,3680.19,8720.06,0.3349999999999999,-0.000899281,1516.3139999999885,0.4712230215827338
1553.69,454.0,3.909,3.548,2936.3120000008494,3788.31,8083.25,0.3609999999999997,-0.000899281,1559.674,0.4757194244604316
1603.12,476.0,3.926,3.539,3086.313,3968.31,8222.38,0.387,-0.000899281,1602.85,0.4802158273381295
1601.06,476.5714285708964,3.924,3.54,3074.3120000008494,3932.31,8236.25,0.3839999999999999,-0.000899281,1603.612,0.4793165467625899
1576.38,423.4285714291036,3.871,3.567,2936.375,3824.38,8470.75,0.3039999999999998,-0.000899281,1578.3780000000002,0.4748201438848921
1555.31,456.0,3.91,3.548,2930.375,3788.38,8107.44,0.3620000000000001,-0.000899281,1558.098,0.4748201438848921
1511.12,439.7142857145518,3.896,3.562,2822.313,3680.31,8765.06,0.3340000000000001,-0.000899281,1514.7619999999883,0.4703237410071942
1552.69,458.1428571436554,3.916,3.548,2924.313,3788.31,8112.81,0.3679999999999999,-0.000899281,1555.264,0.4748201438848921
1507.19,436.2857142854482,3.901,3.555,2774.375,3644.38,8336.94,0.3459999999999996,-0.000899281,1509.0999999999767,0.4748201438848921
1324.5,373.1999999992549,3.894,3.618,2258.313,3068.31,7730.69,0.2760000000000002,-0.000899281,1327.659999999977,0.4784172661870503
1443.06,402.51428571529686,3.909,3.574,2630.375,3464.38,8150.38,0.3349999999999999,-0.000899281,1446.649999999977,0.4802158273381295
1494.94,432.0,3.893,3.559,2729.912999998778,3572.31,8647.69,0.3339999999999996,-0.000899281,1496.2119999999766,0.4748201438848921
1572.0,472.0,3.919,3.542,3032.313,3896.31,8252.31,0.3770000000000002,-0.000899281,1576.7999999999768,0.4721223021582734
1560.0,461.0,3.9,3.55,3008.375,3860.38,8396.38,0.3500000000000001,-0.000899281,1578.3,0.4982014388489208
1498.31,391.80000000074506,3.864,3.594,2672.3120000008494,3572.31,8271.38,0.27,-0.000899281,1503.2759999999766,0.4748201438848921
1440.0,403.1999999992549,3.924,3.576,2636.25,3464.25,7964.25,0.3479999999999998,-0.000899281,1448.5379999999768,0.4748201438848921
1508.56,391.88571428507566,3.868,3.598,2696.3120000008494,3572.31,8210.69,0.27,-0.000899281,1511.649999999977,0.4748201438848921
1328.25,375.4285714291036,3.896,3.619,2250.5977142862976,3068.31,7752.62,0.2769999999999997,-0.000899281,1327.5859999999766,0.4775179856115108
1509.0,439.7142857145518,3.896,3.562,2816.25,3680.25,8802.75,0.3340000000000001,-0.000899281,1513.0239999999883,0.4694244604316546
1508.38,390.5999999996274,3.868,3.597,2693.912999998778,3572.31,8257.81,0.2709999999999999,-0.000899281,1510.1639999999766,0.4739208633093524
1553.69,456.0,3.911,3.549,2930.313,3788.31,8081.31,0.3620000000000001,-0.000899281,1556.812,0.4739208633093524
1440.0,403.5,3.924,3.576,2624.375,3464.38,8000.38,0.3479999999999998,-0.000899281,1446.1379999999767,0.4739208633093525
1493.56,433.2857142854482,3.892,3.56,2726.3120000008494,3572.31,8640.12,0.3319999999999998,-0.000899281,1495.4999999999768,0.4739208633093524
1560.0,458.0,3.898,3.554,2954.375,3824.38,8432.38,0.3440000000000003,-0.000899281,1573.5,0.4973021582733812
1572.0,469.2857142854482,3.918,3.542,3032.375,3896.38,8252.38,0.3760000000000003,-0.000899281,1574.399999999977,0.4712230215827338
1437.25,399.4285714291036,3.909,3.576,2624.375,3464.38,8128.12,0.3329999999999997,-0.000899281,1444.4119999999766,0.4793165467625899
1496.19,390.51428571529686,3.865,3.597,2660.375,3536.38,8275.12,0.2680000000000002,-0.000899281,1500.7379999999769,0.4739208633093525
1598.88,475.2857142854482,3.925,3.54,3068.3120000008494,3932.31,8240.88,0.3849999999999998,-0.000899281,1603.25,0.4784172661870503
1575.5,423.4285714291036,3.871,3.567,2931.449999999255,3824.25,8530.81,0.3039999999999998,-0.000899281,1577.402,0.4739208633093524
1506.31,436.2857142854482,3.9,3.555,2774.313,3644.31,8355.69,0.3449999999999997,-0.000899281,1508.149999999977,0.4739208633093524
1552.06,459.0,3.915,3.548,2930.188,3788.19,8145.62,0.367,-0.000899281,1553.838,0.4739208633093525
1323.81,371.6999999992549,3.896,3.617,2264.375,3068.38,7755.81,0.2789999999999999,-0.000899281,1326.7239999999767,0.4766187050359712
1550.88,459.0,3.916,3.55,2924.4370000008494,3788.38,8118.19,0.3660000000000001,-0.000899281,1552.7140000000002,0.473021583
1573.56,423.4285714291036,3.872,3.567,2924.313,3788.31,8472.81,0.3049999999999997,-0.000899281,1576.376,0.473021583
1599.69,478.0,3.925,3.541,3061.175000000745,3932.38,8231.94,0.3839999999999999,-0.000899281,1601.9,0.4775179856115108
1435.44,399.4285714291036,3.909,3.576,2606.375,3428.38,8144.75,0.3329999999999997,-0.000899281,1441.8119999999767,0.4784172661870503
1506.75,391.5,3.868,3.598,2693.912999998778,3572.31,8238.94,0.27,-0.000899281,1508.937999999977,0.473021583
1553.12,456.0,3.911,3.549,2930.375,3788.38,8061.0,0.3620000000000001,-0.000899281,1554.474,0.473021583
1498.75,436.2857142854482,3.893,3.563,2804.375,3644.38,8731.62,0.3299999999999996,-0.000899281,1509.5119999999883,0.4685251798561151
1504.94,435.08571428619325,3.9,3.555,2768.188,3644.19,8324.69,0.3449999999999997,-0.000899281,1506.9499999999766,0.473021583
1440.0,402.30000000074506,3.924,3.576,2618.25,3464.25,8000.25,0.3479999999999998,-0.000899281,1443.7379999999769,0.473021583
1572.0,469.2857142854482,3.918,3.542,3026.375,3896.38,8252.38,0.3760000000000003,-0.000899281,1572.0,0.4703237410071942
1492.44,433.2857142854482,3.893,3.561,2720.3120000008494,3572.31,8679.69,0.3319999999999998,-0.000899281,1494.6259999999768,0.473021583
1494.56,390.51428571529686,3.865,3.596,2650.587000001222,3536.19,8290.56,0.2690000000000001,-0.000899281,1498.3739999999766,0.473021583
1550.38,468.0,3.891,3.858,2758.0,3717.0,8708.0,0.033,-0.000899281,1566.776,0.4964028776978417
1492.88,390.0,3.865,3.596,2643.574999999255,3536.38,8270.38,0.2690000000000001,-0.000899281,1496.9499999999766,0.4721223021582734
1489.81,432.0,3.893,3.56,2714.4370000008494,3572.44,8649.12,0.3329999999999997,-0.000899281,1493.3259999999766,0.4721223021582734
190698.24,179378.23033333384,4.246,3.315,58500.0,69629.98,69629.98,0.9310000000000004,-0.000899281,39388.124,0.4955035971223022
1504.88,390.30000000074506,3.867,3.598,2693.9749999996275,3572.38,8203.12,0.2690000000000001,-0.000899281,1507.6379999999767,0.4721223021582734
1441.12,402.30000000074506,3.924,3.577,2612.3120000008494,3464.31,8000.31,0.347,-0.000899281,1441.5619999999767,0.4721223021582734
1572.0,468.0,3.919,3.542,3020.313,3896.31,8252.31,0.3770000000000002,-0.000899281,1572.0,0.4694244604316546
1437.06,399.4285714291036,3.91,3.577,2600.25,3428.25,8090.38,0.3330000000000002,-0.000899281,1439.6619999999768,0.4775179856115108
1550.56,458.1428571436554,3.916,3.548,2918.375,3788.38,8145.62,0.3679999999999999,-0.000899281,1551.738,0.4721223021582734
1323.31,373.0285714287311,3.897,3.619,2252.3120000008494,3068.31,7719.56,0.2779999999999996,-0.000899281,1325.6239999999766,0.4757194244604316
1553.38,456.0,3.911,3.549,2930.25,3788.25,8091.75,0.3620000000000001,-0.000899281,1553.838,0.4721223021582734
1595.81,474.0,3.924,3.539,3062.3120000008494,3932.31,8222.94,0.3849999999999998,-0.000899281,1599.712,0.4766187050359711
1482.62,430.2857142854482,3.887,3.566,2762.375,3608.38,8685.75,0.3210000000000002,-0.000899281,1502.885999999988,0.4676258992805754
1571.81,422.7428571432829,3.871,3.567,2924.313,3788.31,8456.12,0.3039999999999998,-0.000899281,1574.962,0.4721223021582734
1504.19,435.08571428619325,3.901,3.555,2768.3120000008494,3608.31,8342.44,0.3459999999999996,-0.000899281,1506.1379999999767,0.4721223021582734
1476.0,427.5,3.884,3.57,2708.25,3572.25,8745.75,0.314,-0.000899281,1495.4979999999882,0.4667266187050359
1593.25,473.0,3.923,3.541,3050.3120000008494,3932.31,8194.5,0.3820000000000001,-0.000899281,1597.738,0.4757194244604316
1428.0,400.7142857145518,3.924,3.576,2612.375,3464.38,8000.38,0.3479999999999998,-0.000899281,1437.8239999999766,0.4712230215827338
1502.44,435.0,3.901,3.555,2762.375,3608.38,8333.06,0.3459999999999996,-0.000899281,1505.0139999999767,0.4712230215827338
1325.19,372.5999999996274,3.897,3.617,2246.375,3068.38,7746.19,0.2799999999999998,-0.000899281,1325.0119999999768,0.4748201438848921
1437.94,401.4000000003725,3.91,3.576,2600.3120000008494,3428.31,8131.62,0.3340000000000001,-0.000899281,1438.149999999977,0.4766187050359712
1553.38,456.0,3.911,3.548,2930.375,3788.38,8052.81,0.363,-0.000899281,1553.776,0.4712230215827338
1570.25,422.1428571436554,3.871,3.567,2917.112999999896,3788.31,8461.88,0.3039999999999998,-0.000899281,1573.5,0.4712230215827338
1490.19,387.4285714291036,3.864,3.597,2636.313,3536.31,8247.5,0.2669999999999999,-0.000899281,1494.4259999999767,0.4712230215827338
1596.0,469.0,3.883,3.574,3455.320000000298,4616.32,10880.32,0.3090000000000001,-0.000899281,39392.924,0.4946043165467625
1501.81,390.51428571529686,3.866,3.599,2693.912999998778,3572.31,8233.44,0.2669999999999999,-0.000899281,1506.0759999999768,0.4712230215827338
1572.0,468.0,3.919,3.544,3014.3120000008494,3896.31,8252.31,0.375,-0.000899281,1572.0,0.4685251798561151
1487.94,432.0,3.893,3.562,2708.25,3572.25,8670.56,0.3309999999999999,-0.000899281,1491.7379999999769,0.4712230215827338
1549.12,458.1428571436554,3.917,3.549,2912.375,3788.38,8096.5,0.3679999999999999,-0.000899281,1551.062,0.4712230215827338
1498.56,388.11428571492434,3.866,3.598,2684.3120000008494,3572.31,8235.69,0.2680000000000002,-0.000899281,1504.0759999999768,0.4703237410071942
1485.75,429.0,3.892,3.561,2702.188,3572.19,8682.44,0.3309999999999999,-0.000899281,1489.899999999977,0.4703237410071942
1428.0,398.0999999996274,3.923,3.576,2612.3120000008494,3428.31,7964.31,0.347,-0.000899281,1435.4239999999768,0.4703237410071942
1500.62,432.0,3.9,3.556,2756.375,3608.38,8340.44,0.3439999999999998,-0.000899281,1503.6999999999766,0.4703237410071942
1593.25,472.7142857145518,3.924,3.541,3044.375,3932.38,8173.06,0.383,-0.000899281,1596.176,0.4748201438848921
1568.12,420.8571428563446,3.87,3.569,2906.375,3788.38,8468.06,0.3010000000000001,-0.000899281,1571.848,0.4703237410071942
1470.12,425.5714285708964,3.882,3.572,2684.25,3536.25,8708.25,0.31,-0.000899281,1487.2979999999884,0.4658273381294964
1553.19,457.70542857050896,3.909,3.548,2930.375,3788.38,8038.25,0.3609999999999997,-0.000899281,1553.352,0.4703237410071942
1547.88,458.1428571436554,3.917,3.55,2906.375,3788.38,8126.12,0.367,-0.000899281,1550.1,0.4703237410071942
1324.88,374.0999999996274,3.897,3.618,2245.454857144505,3068.31,7789.69,0.2789999999999999,-0.000899281,1325.0879999999768,0.4739208633093525
1438.69,400.11428571492434,3.911,3.575,2600.25,3428.25,8146.75,0.3359999999999998,-0.000899281,1437.2759999999766,0.4757194244604316
1485.12,386.6999999992549,3.863,3.597,2630.3120000008494,3500.31,8277.0,0.266,-0.000899281,1491.7879999999766,0.4703237410071942
1572.0,466.7142857145518,3.918,3.544,3010.7750000003725,3860.38,8216.38,0.3740000000000001,-0.000899281,1572.0,0.4676258992805756
1608.0,475.0,3.896,3.565,3068.320000000298,3932.32,8720.32,0.3309999999999999,-0.000899281,39402.524,0.493705036
1552.56,458.1428571436554,3.908,3.548,2924.25,3788.25,8041.0,0.3599999999999999,-0.000899281,1553.126,0.4694244604316546
1322.88,373.1689999997616,3.896,3.617,2245.5178571436554,3032.38,7791.0,0.2789999999999999,-0.000899281,1324.013999999977,0.473021583
1546.75,458.1428571436554,3.917,3.549,2906.3120000008494,3752.31,8111.69,0.3679999999999999,-0.000899281,1549.038,0.4694244604316546
1428.0,398.0999999996274,3.924,3.577,2602.625,3430.62,7966.62,0.347,-0.000899281,1433.0239999999767,0.4694244604316546
1497.12,388.5,3.866,3.599,2666.3120000008494,3536.31,8246.31,0.2669999999999999,-0.000899281,1501.8239999999766,0.4694244604316546
1560.0,467.0,3.918,3.544,3002.4370000008494,3860.44,8216.44,0.3740000000000001,-0.000899281,1569.5999999999767,0.4667266187050359
1482.75,427.7142857145518,3.892,3.563,2690.5,3536.5,8634.94,0.3289999999999997,-0.000899281,1487.7379999999769,0.4694244604316546
1483.94,387.7714285701513,3.862,3.598,2614.712000001222,3500.31,8284.94,0.2640000000000002,-0.000899281,1489.3379999999768,0.4694244604316546
1498.5,433.7142857145518,3.9,3.557,2750.375,3608.38,8332.5,0.3429999999999999,-0.000899281,1502.1379999999767,0.4694244604316546
1565.94,422.5714285708964,3.87,3.569,2900.3330000005662,3788.31,8487.12,0.3010000000000001,-0.000899281,1569.936,0.4694244604316546
1608.0,480.0,3.901,3.559,3125.919999999925,3968.32,8576.32,0.3419999999999996,-0.000899281,39412.124,0.4928057553956834
1439.25,400.80000000074506,3.911,3.575,2600.375,3428.38,8192.94,0.3359999999999998,-0.000899281,1437.6759999999767,0.4748201438848921
1467.88,424.2857142854482,3.881,3.573,2666.375,3500.38,8799.62,0.3079999999999998,-0.000899281,1479.0739999999882,0.4649280575539568
1592.19,473.0,3.924,3.541,3044.25,3932.25,8163.06,0.383,-0.000899281,1594.8380000000002,0.4739208633093524
1480.75,428.2285714298487,3.892,3.562,2684.25,3536.25,8645.5,0.33,-0.000899281,1485.399999999977,0.4685251798561151
1620.0,480.0,3.903,3.557,3146.285000000149,4004.29,8612.29,0.3460000000000001,-0.000899281,39426.048,0.4919064748201439
1480.12,387.9000000003725,3.86,3.598,2612.3120000008494,3500.31,8255.81,0.262,-0.000899281,1486.4499999999766,0.4685251798561151
1560.0,465.4285714291036,3.917,3.545,2996.313,3860.31,8216.31,0.3719999999999999,-0.000899281,1567.1999999999766,0.4658273381294964
1497.38,431.3142857141793,3.9,3.557,2744.313,3608.31,8363.06,0.3429999999999999,-0.000899281,1500.6259999999768,0.4685251798561151
1495.44,388.5,3.866,3.599,2657.912000000477,3536.31,8254.69,0.2669999999999999,-0.000899281,1499.5619999999767,0.4685251798561151
1550.0,455.0,3.908,3.548,2924.3120000008494,3788.31,8038.88,0.3599999999999999,-0.000899281,1552.502,0.4685251798561151
1453.5,420.6857142858207,3.875,3.593,2657.9749999996275,3500.38,8675.62,0.282,-0.000899281,1470.0239999999883,0.4640287769784173
1584.0,474.4285714291036,3.923,3.542,3039.574999999255,3932.38,8160.62,0.3810000000000002,-0.000899281,1591.7,0.473021583
1562.88,419.5714285708964,3.87,3.569,2888.25,3752.25,8454.88,0.3010000000000001,-0.000899281,1567.8,0.4685251798561151
1545.62,458.1428571436554,3.917,3.549,2900.375,3752.38,8097.44,0.3679999999999999,-0.000899281,1547.986,0.4685251798561151
1318.06,371.0,3.895,3.617,2240.313,3032.31,7760.81,0.278,-0.000899281,1322.8639999999766,0.4721223021582734
1431.81,397.1999999992549,3.908,3.575,2600.375,3428.38,8164.06,0.3329999999999997,-0.000899281,1436.9499999999766,0.4739208633093525
1428.0,398.7428571432829,3.923,3.578,2594.3120000008494,3428.31,7928.31,0.3450000000000002,-0.000899281,1430.6239999999766,0.4685251798561151
1547.06,452.5714285708964,3.908,3.548,2917.1120000015944,3788.31,8054.69,0.3599999999999999,-0.000899281,1551.238,0.4676258992805754
1452.0,420.6857142858207,3.876,3.577,2615.803571429104,3464.38,8774.5,0.2989999999999999,-0.000899281,1463.8999999999885,0.4631294964028777
1313.12,370.5,3.894,3.619,2230.0272857137024,3032.31,7739.31,0.2749999999999999,-0.000899281,1320.8259999999768,0.4712230215827338
1545.62,458.1428571436554,3.917,3.549,2894.3120000008494,3752.31,8148.44,0.3679999999999999,-0.000899281,1546.998,0.4676258992805756
1560.0,464.1428571436554,3.917,3.546,2990.25,3860.25,8180.25,0.371,-0.000899281,1564.7999999999768,0.4649280575539568
1493.19,388.45714285597205,3.865,3.6,2650.587000001222,3536.19,8242.88,0.2650000000000001,-0.000899281,1497.2239999999767,0.4676258992805754
1620.0,479.5714285708964,3.904,3.556,3146.321000000462,4004.32,8648.32,0.3479999999999998,-0.000899281,1610.4,0.4910071942446043
1478.25,427.5428571,3.891,3.562,2678.375,3536.38,8668.62,0.3290000000000002,-0.000899281,1483.0879999999768,0.4676258992805754
1494.12,429.4285714291036,3.899,3.558,2738.313,3608.31,8320.25,0.3410000000000002,-0.000899281,1498.611999999977,0.4676258992805754
1416.0,396.30000000074506,3.922,3.578,2582.3120000008494,3428.31,7964.31,0.3440000000000003,-0.000899281,1425.5999999999767,0.4676258992805756
1477.38,385.7142857145518,3.86,3.598,2600.3120000008494,3464.31,8236.0,0.262,-0.000899281,1483.3499999999767,0.4676258992805756
1416.0,395.4000000003725,3.907,3.578,2576.375,3392.38,8146.44,0.3290000000000002,-0.000899281,1432.7379999999769,0.473021583
1589.56,473.1428571436554,3.923,3.541,3038.313,3896.31,8149.5,0.3820000000000001,-0.000899281,1590.45,0.4721223021582734
1560.38,418.2857142854482,3.87,3.57,2882.375,3752.38,8421.88,0.3000000000000002,-0.000899281,1565.514,0.4676258992805754
1544.06,455.1428571436554,3.916,3.549,2894.375,3752.38,8144.75,0.367,-0.000899281,1545.986,0.4667266187050359
1314.62,370.5,3.894,3.619,2216.313,3032.31,7740.12,0.2749999999999999,-0.000899281,1318.7119999999766,0.4703237410071942
1422.06,396.6857142858207,3.908,3.578,2564.313,3392.31,8133.06,0.33,-0.000899281,1429.5619999999767,0.4721223021582734
1467.62,424.7142857145518,3.887,3.563,2666.5,3536.5,8640.0,0.3239999999999998,-0.000899281,1479.0239999999767,0.4667266187050359
1468.38,383.6571428570896,3.858,3.599,2593.050000000745,3464.25,8253.62,0.2589999999999999,-0.000899281,1478.9879999999769,0.4667266187050359
1608.0,479.0025833323598,3.905,3.557,3140.320000000298,4004.32,8576.32,0.3479999999999998,-0.000899281,1612.8,0.4901079136690647
1427.31,397.3714285716415,3.921,3.578,2570.313,3392.31,7964.31,0.3429999999999999,-0.000899281,1425.4619999999766,0.4667266187050359
1493.25,429.4285714291036,3.899,3.557,2732.3120000008494,3572.31,8347.56,0.3420000000000001,-0.000899281,1496.7739999999767,0.4667266187050359
1449.25,419.0999999996274,3.875,3.578,2618.375,3464.38,8709.88,0.2970000000000001,-0.000899281,1458.5499999999884,0.4622302158273381
1542.75,449.5714285708964,3.908,3.549,2906.3120000008494,3788.31,8022.56,0.359,-0.000899281,1549.112,0.4667266187050359
1588.75,474.0,3.922,3.541,3032.3120000008494,3896.31,8177.06,0.3810000000000002,-0.000899281,1589.55,0.4712230215827338
1557.5,417.5999999996274,3.868,3.57,2876.375,3752.38,8446.0,0.298,-0.000899281,1562.964,0.4667266187050359
1565.38,465.8571428563446,3.917,3.545,2984.375,3860.38,8216.38,0.3719999999999999,-0.000899281,1563.4759999999767,0.4640287769784172
1488.75,385.1999999992549,3.866,3.6,2648.438,3536.44,8228.88,0.266,-0.000899281,1494.611999999977,0.4667266187050359
1482.25,384.0,3.863,3.601,2629.175000000745,3500.38,8251.0,0.262,-0.000899281,1491.3499999999767,0.4658273381294964
1492.25,431.1428571436554,3.899,3.559,2726.375,3572.38,8349.0,0.3399999999999998,-0.000899281,1495.0999999999767,0.4658273381294964
1463.12,384.0,3.856,3.601,2564.375,3428.38,8249.0,0.2549999999999999,-0.000899281,1474.5879999999768,0.4658273381294964
1608.0,477.0,3.907,3.555,3134.351000001654,4004.35,8648.35,0.3519999999999998,-0.000899281,1612.8,0.4892086330935251
1313.75,370.5,3.895,3.619,2216.375,3032.38,7762.12,0.2759999999999998,-0.000899281,1316.485999999977,0.4694244604316546
1543.38,456.0,3.916,3.549,2888.3120000008494,3752.31,8175.88,0.367,-0.000899281,1545.0859999999998,0.4658273381294964
1543.0,414.0,3.863,3.571,2858.375,3716.38,8431.12,0.2919999999999998,-0.000899281,1557.94,0.4658273381294964
1587.25,471.8571428563446,3.922,3.541,3032.375,3896.38,8169.19,0.3810000000000002,-0.000899281,1588.35,0.4703237410071942
1540.38,449.1999999992549,3.908,3.551,2894.4370000008494,3752.44,8014.31,0.3569999999999997,-0.000899281,1546.55,0.4658273381294964
1443.88,417.0,3.872,3.578,2594.375,3428.38,8761.5,0.294,-0.000899281,1453.3019999999883,0.4613309352517986
1416.0,396.6857142858207,3.921,3.578,2570.375,3392.38,7964.38,0.3429999999999999,-0.000899281,1423.0619999999767,0.4658273381294964
1560.0,464.0,3.916,3.546,2978.375,3824.38,8216.38,0.3700000000000001,-0.000899281,1561.0759999999768,0.4631294964028777
1455.38,420.0,3.882,3.566,2630.25,3500.25,8609.75,0.3160000000000003,-0.000899281,1472.9499999999766,0.4658273381294964
1423.44,396.6857142858207,3.908,3.579,2546.313,3392.31,8149.44,0.3289999999999997,-0.000899281,1426.5119999999763,0.4712230215827338
1460.88,381.5999999996274,3.856,3.603,2540.375,3428.38,8221.0,0.2529999999999996,-0.000899281,1469.9759999999765,0.4649280575539568
1416.0,398.4000000003725,3.92,3.579,2564.313,3392.31,7964.38,0.3409999999999997,-0.000899281,1420.6619999999766,0.4649280575539568
1314.12,369.0,3.896,3.618,2216.3120000008494,3032.31,7753.94,0.278,-0.000899281,1314.7339999999765,0.4685251798561151
1608.0,474.0,3.907,3.555,3122.3509999997914,3968.35,8612.35,0.3519999999999998,-0.000899281,1612.8,0.4883093525179857
1449.88,418.5,3.88,3.568,2594.375,3428.38,8606.75,0.3119999999999998,-0.000899281,1466.3759999999768,0.4649280575539568
1414.5,391.80000000074506,3.906,3.579,2546.3120000008494,3392.31,8123.56,0.3269999999999999,-0.000899281,1421.5619999999767,0.4703237410071942
1548.0,460.7142857145518,3.914,3.546,2966.375,3824.38,8180.38,0.3680000000000003,-0.000899281,1558.6759999999767,0.4622302158273381
1478.5,383.6999999992549,3.861,3.602,2606.25,3500.25,8239.75,0.2590000000000003,-0.000899281,1487.6259999999768,0.4649280575539568
1532.0,412.2857142854482,3.859,3.575,2816.5,3680.5,8439.75,0.2839999999999998,-0.000899281,1551.152,0.4649280575539568
1441.0,416.5714285708964,3.871,3.58,2576.25,3428.25,8754.25,0.2909999999999999,-0.000899281,1447.9259999999883,0.4604316546762589
1539.25,449.1999999992549,3.908,3.572,2888.375,3752.38,8041.12,0.3359999999999998,-0.000899281,1543.888,0.4649280575539568
1584.88,472.0,3.922,3.542,3026.3120000008494,3896.31,8186.0,0.3800000000000003,-0.000899281,1586.888,0.4694244604316546
1542.5,456.8571428563446,3.917,3.549,2882.25,3752.25,8167.0,0.3679999999999999,-0.000899281,1544.236,0.4649280575539568
1487.62,427.5,3.898,3.558,2722.6500000003725,3572.25,8336.38,0.3400000000000003,-0.000899281,1492.9239999999768,0.4649280575539568
1581.88,466.2857142854482,3.921,3.543,3020.375,3896.38,8164.44,0.3779999999999996,-0.000899281,1586.4640000000002,0.4685251798561151
1438.88,415.88571428507566,3.871,3.58,2570.375,3428.38,8754.25,0.2909999999999999,-0.000899281,1445.0019999999884,0.4595323741007194
1474.5,393.625,3.866,3.893,2443.375,3409.38,8499.12,-0.027,-0.000899281,1483.437999999977,0.4640287769784173
1408.88,399.6875,3.92,3.881,2373.0,3283.0,8428.0,0.0390000000000001,-0.000899281,1416.8379999999768,0.4640287769784172
1468.0,435.5625,3.891,3.76,2513.375,3451.0,8685.25,0.1310000000000002,-0.000899281,1487.0479999999766,0.4640287769784173
1525.38,463.125,3.906,3.747,2716.25,3661.0,8360.75,0.1590000000000002,-0.000899281,1540.188,0.4640287769784172
1518.88,453.625,3.9,3.86,2702.375,3654.38,8371.5,0.04,-0.000899281,1537.6640000000002,0.4640287769784173
1509.25,424.75,3.848,3.757,2590.25,3563.0,8681.75,0.091,-0.000899281,1540.426,0.4640287769784173
1439.75,430.75,3.876,3.769,2373.25,3325.0,8960.38,0.1069999999999997,-0.000899281,1458.1759999999767,0.4640287769784173
1408.38,401.9375,3.904,3.775,2345.375,3255.0,8439.25,0.129,-0.000899281,1416.875999999977,0.4694244604316546
1608.0,474.88814285583794,3.907,3.556,3111.5262000001967,3968.32,8612.32,0.351,-0.000899281,1610.4,0.487410072
1463.38,396.0,3.86,3.776,2380.375,3332.0,8530.75,0.084,-0.000899281,1466.627999999977,0.4640287769784172
1312.94,370.0,3.893,3.62,2216.375,3032.38,7762.31,0.2729999999999997,-0.000899281,1313.7099999999768,0.4676258992805756
1540.75,468.0,3.91,3.745,2786.375,3717.0,8491.38,0.165,-0.000899281,1554.8259999999768,0.4613309352517986
1578.88,468.0,3.921,3.543,3014.3120000008494,3896.31,8170.38,0.3779999999999996,-0.000899281,1584.328,0.4676258992805754
1436.5,429.5,3.87,3.764,2359.25,3304.0,9123.88,0.1060000000000003,-0.000899281,1441.9019999999884,0.4586330935251799
191254.43,4680.0,4.243,3.323,58020.0,69132.58,69132.58,0.9200000000000004,-0.000899281,39479.236,0.4631294964028777
192846.21,120140.70333331636,4.248,3.335,61439.99600000121,73089.18,73089.18,0.9130000000000004,-0.000899281,39740.39399999998,0.4631294964028777
1313.69,380.40599999949336,3.895,3.788,2023.3129999991504,2905.0,8134.62,0.1070000000000002,-0.000899281,1313.8239999999766,0.4667266187050359
196003.8,180562.7589999996,4.251,3.33,61319.99600000121,72858.24,72858.24,0.9210000000000004,-0.000899281,40385.559999999976,0.4631294964028777
191250.79,5669.984,4.241,3.331,59460.0,71086.08,71086.08,0.9099999999999996,-0.000899281,39412.68399999998,0.4631294964028777
188502.37,4050.016999999061,4.246,3.329,57869.98599999957,68924.86,68924.86,0.9170000000000004,-0.000899281,38928.726,0.4631294964028777
189584.87,176522.27599999867,4.244,3.333,59220.00200000033,70578.6,70578.6,0.9109999999999996,-0.000899281,39105.197999999975,0.4631294964028777
190115.8,4800.0,4.246,3.329,56969.98299999908,67798.44,67798.44,0.9170000000000004,-0.000899281,39254.224,0.4631294964028777
191688.7,4420.010666666552,4.247,3.341,60989.98499999941,72723.01,72723.01,0.9059999999999996,-0.000899281,39471.41599999998,0.4685251798561151
191182.31,354794.6280001569,4.249,3.331,59969.98399999924,71280.0,71280.0,0.9179999999999996,-0.000899281,39479.28799999998,0.4604316546762589
1596.0,470.5714285708964,3.907,3.556,3098.3909999988973,3968.39,8576.39,0.351,-0.000899281,1605.6,0.4865107913669064
1572.0,466.7142857145518,3.898,3.575,3557.952,4652.35,10520.35,0.3229999999999999,-0.000899281,39480.61199999998,0.4595323741007194
1503.11,390.51428571529686,3.85,3.593,3428.351999999956,4580.35,10865.73,0.2570000000000001,-0.000899281,39747.339999999975,0.4622302158273381
1489.18,436.7142857145518,3.869,3.612,3203.416,4436.42,11513.6,0.2570000000000001,-0.000899281,39416.99599999998,0.4622302158273381
1505.54,388.1999999992549,3.855,3.588,3545.351999999956,4652.35,10717.15,0.2669999999999999,-0.000899281,40388.917999999976,0.4622302158273381
1439.49,401.4000000003725,3.895,3.603,3413.9519999995828,4544.35,11065.47,0.2919999999999998,-0.000899281,39474.90199999998,0.4676258992805756
1440.0,399.4285714291036,3.91,3.576,3522.016,4616.42,11011.74,0.3340000000000001,-0.001798561,1421.6379999999767,0.4629496402877698
1544.32,453.0,3.892,3.586,3410.320000000298,4544.32,10456.03,0.306,-0.000899281,39254.276,0.4622302158273381
1543.52,448.7142857145518,3.884,3.591,3419.383999999613,4580.38,10408.8,0.2929999999999997,-0.000899281,38928.88,0.4622302158273381
182238.21,177958.23600000143,4.245,3.321,62579.99799999967,74640.0,74640.0,0.924,-0.000899281,37599.69399999999,0.4577338129496402
1507.58,438.4285714291036,3.881,3.613,3329.3519999980927,4472.35,10928.8,0.2679999999999998,-0.000899281,39108.06399999997,0.4622302158273381
192653.85,173778.4910000004,4.243,3.337,57360.0,68635.59,68635.59,0.906,-0.000899281,39581.66999999998,0.4658273381294964
1596.0,469.2857142854482,3.906,3.556,3082.752000000328,3932.35,8540.35,0.3500000000000001,-0.000899281,1603.2,0.4856115107913669
1575.94,466.7142857145518,3.92,3.544,3003.5129999984056,3860.31,8133.75,0.3759999999999999,-0.000899281,1581.766,0.4667266187050359
1557.25,422.7428571432829,3.84,3.602,3320.351999999956,4508.35,10882.53,0.238,-0.000899281,39479.186,0.4622302158273381
1521.6,440.5714285708964,3.892,3.575,2801.919999999925,3644.32,8548.77,0.3169999999999997,-0.000899281,39113.93399999997,0.4613309352517986
1510.59,437.5714285708964,3.876,3.613,3176.2560000009835,4400.26,12265.09,0.2629999999999999,-0.000899281,37613.03599999999,0.4568345323741007
1562.53,453.0,3.898,3.574,2924.319000000134,3788.32,8303.94,0.3240000000000003,-0.000899281,38933.31,0.4613309352517986
1573.88,464.0,3.92,3.544,2996.25,3860.25,8122.12,0.3759999999999999,-0.000899281,1579.092,0.4658273381294964
1577.15,426.4285714291036,3.854,3.586,2895.518999999389,3788.32,8647.2,0.2680000000000002,-0.000899281,39486.016,0.4613309352517986
1452.0,403.5428571,3.916,3.594,2660.352000001818,3500.35,8288.35,0.322,-0.000899281,1426.5759999999768,0.4618705035971223
1584.0,470.1428571436554,3.909,3.566,3026.287999998778,3896.29,8468.29,0.3429999999999999,-0.000899281,39485.411999999975,0.4586330935251798
1515.55,394.5,3.856,3.61,2701.126600001008,3572.32,8539.46,0.246,-0.000899281,39757.82599999998,0.4613309352517986
1597.91,468.0,3.905,3.557,3068.5469999983907,3932.55,8576.55,0.3479999999999998,-0.000899281,1601.182,0.4847122302158273
1505.34,438.4285714291036,3.881,3.583,2726.352000001818,3572.35,8886.5,0.2979999999999996,-0.000899281,39426.987999999976,0.4613309352517986
1315.33,374.4000000003725,3.878,3.618,3230.447999998927,4364.45,11142.59,0.2600000000000002,-0.000899281,39581.985999999975,0.4649280575539568
1450.59,403.5,3.901,3.592,2630.3199999984354,3464.32,8364.86,0.3089999999999997,-0.000899281,39480.33199999998,0.4667266187050359
1518.72,390.51428571529686,3.859,3.613,2715.5509999990463,3608.35,8452.9,0.246,-0.000899281,40396.21199999998,0.4613309352517986
1562.37,459.0,3.904,3.57,2930.320000000298,3788.32,8345.86,0.3340000000000001,-0.000899281,39258.074,0.4613309352517986
1569.5,456.0,3.903,3.568,2984.255999999121,3824.26,8189.92,0.3349999999999999,-0.000899281,38939.36,0.4604316546762589
1317.22,372.5,3.884,3.634,2252.352999998257,3032.35,7995.55,0.25,-0.000899281,39582.60599999998,0.4640287769784172
1511.52,438.8571428563446,3.886,3.577,2780.3849999997765,3644.38,8760.19,0.3090000000000001,-0.000899281,39439.31599999998,0.4604316546762589
1584.0,466.69485714286566,3.905,3.557,3056.196,3932.2,8540.2,0.3479999999999998,-0.000899281,1596.382,0.4838129496402877
1456.26,406.2857142854482,3.904,3.589,2672.3509999997914,3500.35,8282.91,0.3149999999999999,-0.000899281,39488.68399999998,0.4658273381294964
1520.86,396.6857142858207,3.858,3.607,2737.120000001043,3608.32,8456.38,0.2509999999999999,-0.000899281,39769.82199999997,0.4604316546762589
1452.0,403.88571428507566,3.918,3.591,2696.321000000462,3500.32,8144.32,0.3269999999999999,-0.000899281,1433.7759999999769,0.4607913669064748
1524.0,392.5714285708964,3.861,3.609,2758.752000000328,3644.35,8383.39,0.2520000000000002,-0.000899281,40405.311999999976,0.4604316546762589
1584.0,472.0,3.912,3.562,3074.351999999956,3932.35,8360.35,0.3500000000000001,-0.000899281,39492.61199999998,0.4577338129496403
1524.0,442.7142857145518,3.895,3.571,2846.321000000462,3716.32,8454.79,0.3239999999999998,-0.000899281,39121.20999999998,0.4604316546762589
1584.54,426.4285714291036,3.859,3.581,2960.321,3824.32,8592.48,0.278,-0.000899281,39496.524,0.4604316546762589
1513.63,439.7142857145518,3.882,3.581,2840.353000000119,3680.35,9182.5,0.3010000000000001,-0.000899281,37627.56199999999,0.4559352517985611
1571.5,465.1428571436554,3.919,3.545,2990.375,3860.38,8074.38,0.3740000000000001,-0.000899281,1576.416,0.4649280575539568
1569.34,460.7142857145518,3.909,3.567,2984.351999999956,3824.35,8217.03,0.3419999999999996,-0.000899281,39263.442,0.4604316546762589
1585.51,427.2857142854482,3.861,3.58,2981.9210000000894,3860.32,8522.21,0.2810000000000001,-0.000899281,39511.776,0.4595323741007194
1545.88,463.125,3.91,3.744,2807.25,3752.0,8415.62,0.1659999999999999,-0.000899281,1569.216,0.4640287769784173
1512.0,442.9714285712689,3.885,3.579,2858.321000000462,3680.32,8940.42,0.3059999999999996,-0.000899281,37642.18599999999,0.4550359712230215
1452.0,404.4000000003725,3.92,3.59,2708.3819999992847,3536.38,8144.38,0.33,-0.000899281,1440.975999999977,0.4597122302158273
1572.04,458.5714285708964,3.905,3.566,3002.3499999996275,3860.35,8177.38,0.3389999999999999,-0.000899281,38949.992,0.4595323741007194
1528.13,439.88571428507566,3.897,3.569,2864.354000000283,3716.35,8445.47,0.3279999999999998,-0.000899281,39133.235999999975,0.4595323741007194
1571.36,463.0,3.911,3.564,3008.320000000298,3860.32,8201.28,0.347,-0.000899281,39272.638,0.4595323741007194
1584.0,465.4285714291036,3.904,3.557,3050.3279999997467,3896.33,8576.33,0.347,-0.000899281,1591.582,0.4829136690647482
1526.53,392.1428571436554,3.862,3.609,2773.024000002072,3644.22,8352.48,0.2530000000000001,-0.000899281,40415.71799999998,0.4595323741007194
1596.0,474.0,3.914,3.561,3092.255999999121,3932.26,8360.26,0.3530000000000002,-0.000899281,39503.661999999975,0.4568345323741007
1521.09,394.80000000074506,3.86,3.604,2750.3509999997914,3608.35,8443.74,0.2559999999999998,-0.000899281,39781.36399999997,0.4595323741007194
1512.67,436.7142857145518,3.888,3.575,2798.320000000298,3644.32,8790.3,0.3129999999999997,-0.000899281,39453.89999999998,0.4595323741007194
1458.08,405.0,3.905,3.587,2684.353000001982,3500.35,8263.58,0.3179999999999996,-0.000899281,39498.62399999998,0.4649280575539568
1318.02,372.5,3.887,3.633,2264.2560000009835,3068.26,7804.38,0.254,-0.000899281,39583.62199999998,0.4631294964028777
1585.38,426.8571428563446,3.863,3.578,2984.316000001505,3860.32,8570.37,0.2850000000000001,-0.000899281,1577.966,0.4586330935251799
1456.8,404.2285714298487,3.906,3.587,2690.320000000298,3500.32,8258.88,0.3189999999999999,-0.000899281,1452.2439999999765,0.4640287769784172
1572.86,456.0,3.906,3.565,3008.226999999956,3860.23,8153.15,0.3410000000000002,-0.000899281,1564.09,0.4586330935251799
1596.0,472.0,3.914,3.559,3097.1520000007004,3932.35,8324.35,0.355,-0.000899281,1586.399999999977,0.4559352517985611
1519.11,443.1428571436554,3.887,3.58,2864.320000000298,3716.32,8959.94,0.3069999999999999,-0.000899281,37658.707999999984,0.4541366906474821
1320.32,370.80000000074506,3.889,3.633,2270.3499999996275,3068.35,7743.62,0.2559999999999998,-0.000899281,39584.94799999998,0.4622302158273381
1510.72,438.51428571529686,3.889,3.574,2798.3829999994487,3644.38,8751.2,0.3149999999999999,-0.000899281,1505.8859999999768,0.4586330935251799
1519.1,395.6999999992549,3.861,3.604,2750.320000000298,3608.32,8452.96,0.2570000000000001,-0.000899281,1515.9419999999766,0.4586330935251798
1526.15,392.2285714298487,3.863,3.608,2774.351000001654,3644.35,8405.38,0.2549999999999999,-0.000899281,1520.187999999977,0.4586330935251799
190639.55,178781.4140000008,4.247,3.323,59789.98600000143,71163.81,71163.81,0.924,-0.000899281,39381.35,0.4631294964028777
1452.0,404.2285714298487,3.921,3.589,2708.356000000611,3536.36,8144.36,0.3319999999999998,-0.000899281,1449.5999999999767,0.4586330935251798
1584.0,466.0,3.904,3.557,3038.3590000011027,3896.36,8504.36,0.347,-0.000899281,1589.182,0.4820143884892086
1571.97,462.8571428563446,3.911,3.562,3010.7510000020266,3860.35,8173.15,0.3490000000000002,-0.000899281,1563.8719999999998,0.4586330935251798
1527.39,442.2857142854482,3.897,3.568,2864.351999999956,3716.35,8424.64,0.3289999999999997,-0.000899281,1521.7399999999766,0.4586330935251799
1572.96,457.0,3.906,3.564,3008.321,3860.32,8170.59,0.3420000000000001,-0.000899281,1569.978,0.4577338129496402
1455.49,405.0,3.907,3.586,2684.3509999979287,3500.35,8260.12,0.3210000000000002,-0.000899281,1455.4439999999768,0.4631294964028777
1525.22,394.1999999992549,3.864,3.607,2773.151000002399,3644.35,8382.88,0.2569999999999997,-0.000899281,1524.1239999999766,0.4577338129496402
1508.99,435.0,3.89,3.573,2792.320000000298,3644.32,8767.14,0.3170000000000001,-0.000899281,1509.8479999999768,0.4577338129496402
1526.08,441.9948333334178,3.897,3.568,2858.3509999979287,3716.35,8413.79,0.3289999999999997,-0.000899281,1525.4399999999766,0.4577338129496402
1584.0,464.1428571436554,3.904,3.558,3032.3120000008494,3896.31,8540.31,0.3460000000000001,-0.000899281,1586.782,0.481115107913669
1518.05,394.62857142835855,3.862,3.605,2738.351999999956,3608.35,8443.55,0.2570000000000001,-0.000899281,1518.9299999999766,0.4577338129496403
1572.06,461.1428571436554,3.913,3.562,3008.320000000298,3860.32,8208.8,0.351,-0.000899281,1569.42,0.4577338129496403
1322.95,372.5999999996274,3.89,3.632,2270.3519999980927,3068.35,7718.85,0.258,-0.000899281,1318.7679999999768,0.4613309352517986
1583.87,425.1428571436554,3.863,3.578,2981.919999999925,3860.32,8587.59,0.2850000000000001,-0.000899281,1583.29,0.4577338129496402
1582.43,466.2857142854482,3.895,3.571,3500.351999999956,4652.35,10440.0,0.3239999999999998,-0.000899281,39382.648,0.4622302158273381
1596.0,474.4285714291036,3.915,3.558,3092.3829999994487,3932.38,8360.38,0.3570000000000002,-0.000899281,1591.1999999999766,0.4550359712230216
1518.69,442.62857142835855,3.888,3.577,2864.320000000298,3716.32,8946.24,0.3109999999999999,-0.000899281,1514.8039999999885,0.4532374100719424
1452.0,403.7142857145518,3.921,3.589,2703.235714286566,3536.35,8108.35,0.3319999999999998,-0.000899281,1452.0,0.4577338129496403
1506.24,435.0,3.889,3.572,2780.3470000009984,3644.35,8755.0,0.3169999999999997,-0.000899281,1510.0279999999766,0.4568345323741007
1452.0,403.7142857145518,3.922,3.589,2702.320000000298,3536.32,8072.32,0.3330000000000002,-0.000899281,1452.0,0.4568345323741007
1602.05,473.0,3.909,3.566,3044.353000000119,3932.35,8378.82,0.3429999999999999,-0.000899281,39388.282,0.4613309352517986
1572.23,456.4285714291036,3.907,3.563,3002.351000001654,3860.35,8148.42,0.3439999999999998,-0.000899281,1571.918,0.4568345323741007
1325.47,373.5,3.891,3.631,2270.320000000298,3068.32,7726.18,0.2600000000000002,-0.000899281,1320.7959999999766,0.4604316546762589
1571.33,464.1428571436554,3.913,3.561,3002.320000000298,3860.32,8184.52,0.3519999999999998,-0.000899281,1571.212,0.4568345323741007
1523.23,391.7142857145518,3.864,3.606,2765.951000001281,3644.35,8326.3,0.258,-0.000899281,1525.0259999999766,0.4568345323741007
1454.12,403.80000000074506,3.907,3.587,2678.351000001654,3500.35,8244.16,0.3199999999999998,-0.000899281,1456.149999999977,0.4622302158273381
1584.0,474.4285714291036,3.914,3.558,3089.952,3932.36,8324.36,0.3560000000000003,-0.000899281,1591.1999999999766,0.4541366906474821
1581.48,423.4285714291036,3.864,3.578,2974.6260000020266,3860.23,8560.7,0.286,-0.000899281,1584.156,0.4568345323741007
1512.0,442.7142857145518,3.888,3.576,2864.3509999997914,3716.35,8933.09,0.3119999999999998,-0.000899281,1515.0859999999884,0.4523381294964029
1515.11,392.2285714298487,3.861,3.604,2732.3509999997914,3608.35,8428.48,0.2570000000000001,-0.000899281,1518.8419999999765,0.4568345323741007
1572.0,462.8571428563446,3.903,3.558,3025.160000000149,3896.36,8504.36,0.3450000000000002,-0.000899281,1581.6,0.4802158273381295
1524.41,439.88571428507566,3.898,3.566,2852.351999999956,3716.35,8406.05,0.3320000000000003,-0.000899281,1526.0019999999768,0.4568345323741007
1450.98,403.80000000074506,3.907,3.587,2672.2180000022054,3500.22,8225.21,0.3199999999999998,-0.000899281,1455.0939999999766,0.4613309352517986
1328.54,374.4000000003725,3.892,3.631,2270.321000000462,3068.32,7735.75,0.2610000000000001,-0.000899281,1323.0599999999763,0.4595323741007194
1609.82,475.0,3.913,3.56,3110.320000000298,3968.32,8294.34,0.3529999999999997,-0.000899281,39395.946,0.4604316546762589
1512.35,393.9428571444005,3.861,3.604,2722.7200000006706,3608.32,8411.42,0.2570000000000001,-0.000899281,1517.139999999977,0.4559352517985611
1570.37,463.0,3.914,3.56,2996.351999999956,3860.35,8210.91,0.3540000000000001,-0.000899281,1571.418,0.4559352517985611
1572.0,461.5714285708964,3.903,3.558,3014.3120000008494,3860.31,8468.31,0.3450000000000002,-0.000899281,1579.2,0.4793165467625899
1520.35,390.51428571529686,3.864,3.606,2758.752000000328,3644.35,8353.73,0.258,-0.000899281,1524.2959999999766,0.4559352517985611
1452.0,403.5,3.922,3.588,2696.3509999997914,3500.35,8036.35,0.3340000000000001,-0.000899281,1452.0,0.4559352517985611
1571.27,456.4285714291036,3.907,3.562,2996.3509999997914,3860.35,8141.62,0.3450000000000002,-0.000899281,1572.272,0.4559352517985611
1503.49,433.7142857145518,3.89,3.573,2768.3509999997914,3608.35,8775.13,0.3170000000000001,-0.000899281,1508.4219999999768,0.4559352517985611
1522.72,439.25914285704494,3.898,3.567,2846.351999999956,3680.35,8408.84,0.3309999999999999,-0.000899281,1525.745999999977,0.4559352517985611
1516.25,442.2857142854482,3.89,3.576,2852.351000001654,3680.35,8945.06,0.314,-0.000899281,1515.6099999999883,0.4514388489208633
1584.0,471.4285714291036,3.915,3.557,3086.320000000298,3932.32,8324.32,0.3580000000000001,-0.000899281,1591.1999999999766,0.4532374100719424
1578.94,423.4285714291036,3.865,3.579,2966.320000000298,3824.32,8587.9,0.286,-0.000899281,1583.0359999999998,0.4559352517985611
1584.0,471.4285714291036,3.915,3.557,3075.5820000004023,3932.38,8288.38,0.3580000000000001,-0.000899281,1588.7999999999768,0.4523381294964029
1515.17,440.5714285708964,3.892,3.575,2852.320000000298,3680.32,8900.32,0.3169999999999997,-0.000899281,1516.2439999999883,0.4505395683453237
1513.73,390.9000000003725,3.863,3.607,2750.2570000011474,3644.26,8286.14,0.2559999999999998,-0.000899281,1521.735999999977,0.4550359712230215
1499.01,432.4285714291036,3.889,3.573,2762.3519999980927,3608.35,8734.91,0.3159999999999998,-0.000899281,1505.6899999999766,0.4550359712230215
1452.0,402.51428571529686,3.922,3.589,2690.3909999988973,3500.39,8036.39,0.3330000000000002,-0.000899281,1452.0,0.4550359712230215
1440.64,398.7428571432829,3.907,3.587,2666.321,3500.32,8165.45,0.3199999999999998,-0.000899281,1451.6059999999766,0.4604316546762589
1520.19,439.2857142854482,3.897,3.567,2837.919999999925,3680.32,8419.91,0.3299999999999996,-0.000899281,1524.157999999977,0.4550359712230215
1570.14,455.0,3.907,3.561,2996.320000000298,3860.32,8134.15,0.3460000000000001,-0.000899281,1571.892,0.4550359712230215
1569.47,462.4285714291036,3.914,3.56,2990.3509999997914,3860.35,8214.23,0.3540000000000001,-0.000899281,1571.04,0.4550359712230216
1612.67,476.12957142852247,3.915,3.558,3128.318,4004.32,8288.48,0.3570000000000002,-0.000899281,39409.304,0.4595323741007194
1329.51,372.9000000003725,3.892,3.629,2276.226000001654,3068.23,7785.09,0.2629999999999999,-0.000899281,1325.3579999999768,0.4586330935251798
1572.0,460.2857142854482,3.902,3.559,3008.3289999999106,3860.33,8452.22,0.3429999999999999,-0.000899281,1576.8,0.4784172661870503
1576.23,423.4285714291036,3.865,3.578,2954.226999999956,3824.23,8576.03,0.2870000000000003,-0.000899281,1581.18,0.4550359712230215
1509.19,393.2571428567171,3.861,3.604,2714.320000000298,3572.32,8375.84,0.2570000000000001,-0.000899281,1514.7599999999766,0.4550359712230216
1571.1,420.3428571429104,3.864,3.579,2945.9519999995828,3824.35,8531.3,0.2849999999999997,-0.000899281,1578.324,0.4541366906474821
1584.0,470.1428571436554,3.914,3.557,3068.321,3932.32,8322.52,0.3570000000000002,-0.000899281,1586.399999999977,0.4514388489208633
1505.45,390.1714285705239,3.859,3.604,2702.320000000298,3572.32,8390.43,0.2549999999999999,-0.000899281,1512.0299999999766,0.4541366906474821
1611.62,475.4285714291036,3.916,3.556,3134.3519999980927,4004.35,8233.38,0.3599999999999999,-0.000899281,1603.718,0.4586330935251799
1511.45,389.1428571436554,3.863,3.607,2729.889000000432,3608.29,8335.97,0.2559999999999998,-0.000899281,1518.7959999999769,0.4541366906474821
1512.03,437.5714285708964,3.892,3.575,2846.320000000298,3680.32,8857.54,0.3169999999999997,-0.000899281,1514.8279999999884,0.4496402877697841
1329.56,373.0,3.893,3.628,2276.320000000298,3068.32,7811.87,0.2649999999999997,-0.000899281,1327.2059999999767,0.4577338129496403
1567.01,461.1428571436554,3.913,3.559,2984.3509999997914,3824.35,8228.64,0.3539999999999996,-0.000899281,1570.048,0.4541366906474821
1512.0,436.80000000074506,3.897,3.566,2828.3120000008494,3680.31,8386.4,0.3309999999999999,-0.000899281,1521.0799999999767,0.4541366906474821
1567.62,454.62857142835855,3.907,3.561,2989.1520000007004,3860.35,8141.83,0.3460000000000001,-0.000899281,1570.844,0.4541366906474821
1437.89,399.0,3.906,3.589,2630.390000000596,3464.39,8136.29,0.3170000000000001,-0.000899281,1447.8239999999766,0.4595323741007194
1452.0,403.80000000074506,3.921,3.588,2684.351999999956,3500.35,8036.35,0.3329999999999997,-0.000899281,1452.0,0.4541366906474821
1493.85,429.9428571444005,3.887,3.574,2744.321000000462,3608.32,8725.09,0.3130000000000001,-0.000899281,1502.3159999999766,0.4541366906474821
1572.0,459.0,3.902,3.559,2996.359999999404,3860.36,8432.36,0.3429999999999999,-0.000899281,1574.4,0.4775179856115108
1560.0,458.0,3.901,3.56,2984.3430000003427,3860.34,8468.34,0.3409999999999997,-0.000899281,1569.6,0.4766187050359711
1564.6,462.0,3.913,3.558,2972.320000000298,3824.32,8223.14,0.355,-0.000899281,1568.556,0.4532374100719424
1506.47,387.5999999996274,3.863,3.608,2720.219000000506,3608.22,8298.84,0.2549999999999999,-0.000899281,1515.0459999999769,0.4532374100719424
1324.93,370.5,3.893,3.629,2276.351999999956,3068.35,7797.89,0.2639999999999998,-0.000899281,1327.601999999977,0.4568345323741007
1565.38,455.1428571436554,3.906,3.561,2978.3829999994487,3824.38,8138.37,0.3450000000000002,-0.000899281,1569.328,0.4532374100719424
1584.0,468.8571428563446,3.914,3.557,3056.3829999994487,3896.38,8324.38,0.3570000000000002,-0.000899281,1584.0,0.4505395683453237
1567.2,419.6571428570896,3.864,3.58,2930.226999999956,3788.23,8504.23,0.2839999999999998,-0.000899281,1574.9900000000002,0.4532374100719424
1440.0,401.82857142947614,3.921,3.588,2672.2890000008047,3500.29,8036.29,0.3329999999999997,-0.000899281,1449.5999999999767,0.4532374100719424
1509.59,436.2857142854482,3.891,3.575,2834.351999999956,3680.35,8872.12,0.3159999999999998,-0.000899281,1513.0079999999884,0.4487410071942445
1500.6,389.4857142847032,3.859,3.604,2693.9519999995828,3572.35,8377.06,0.2549999999999999,-0.000899281,1508.5399999999768,0.4532374100719424
1434.27,397.5,3.906,3.59,2620.922428570688,3428.35,8161.41,0.3160000000000003,-0.000899281,1443.5799999999767,0.4586330935251798
1513.7,436.7142857145518,3.896,3.567,2816.3509999997914,3680.35,8419.07,0.3289999999999997,-0.000899281,1518.6039999999768,0.4532374100719424
1610.53,476.0,3.916,3.556,3133.1520000007004,4004.35,8236.99,0.3599999999999999,-0.000899281,1609.338,0.4577338129496402
1489.28,427.5,3.887,3.573,2726.320000000298,3572.32,8716.48,0.314,-0.000899281,1498.3739999999766,0.4532374100719424
1563.16,452.99224999919534,3.906,3.561,2972.2579999994487,3824.26,8139.78,0.3450000000000002,-0.000899281,1567.514,0.4523381294964029
1500.0,438.0,3.89,3.575,2828.351999999956,3680.35,8828.35,0.3149999999999999,-0.000899281,1510.6079999999886,0.4478417266187049
1563.84,419.5714285708964,3.864,3.58,2917.120000001043,3788.32,8522.52,0.2839999999999998,-0.000899281,1571.462,0.4523381294964029
1609.34,475.7142857145518,3.917,3.556,3125.8539999984205,4004.26,8265.44,0.3609999999999997,-0.000899281,1610.7959999999998,0.4568345323741007
1430.79,396.0,3.905,3.589,2606.2890000008047,3428.29,8123.3,0.3159999999999998,-0.000899281,1438.9139999999766,0.4577338129496403
1440.0,401.1428571436554,3.92,3.588,2660.320000000298,3500.32,8036.32,0.3319999999999998,-0.000899281,1447.1999999999766,0.4523381294964029
1509.91,435.4285714291036,3.895,3.567,2804.320000000298,3644.32,8366.05,0.3279999999999998,-0.000899281,1515.7039999999768,0.4523381294964029
1560.0,456.4285714291036,3.9,3.56,2978.359999999404,3824.36,8360.36,0.3399999999999998,-0.000899281,1567.2,0.4757194244604316
1502.59,386.6999999992549,3.862,3.608,2702.351999999956,3572.35,8294.34,0.254,-0.000899281,1510.9179999999767,0.4523381294964029
1485.06,427.88571428507566,3.886,3.573,2714.351000001654,3572.35,8684.29,0.3130000000000001,-0.000899281,1494.1379999999767,0.4523381294964029
1323.84,370.5,3.892,3.629,2258.351999999956,3068.35,7814.95,0.2629999999999999,-0.000899281,1327.2759999999766,0.4559352517985611
1562.34,459.8571428563446,3.912,3.577,2966.258000001312,3824.26,8232.13,0.3349999999999999,-0.000899281,1566.758,0.4523381294964029
1497.98,388.80000000074506,3.858,3.604,2678.320000000298,3536.32,8360.32,0.254,-0.000899281,1505.1139999999768,0.4523381294964029
1572.0,467.0,3.914,3.557,3044.3909999988973,3896.42,8288.39,0.3570000000000002,-0.000899281,1581.5999999999767,0.4496402877697841
1607.07,476.0,3.916,3.555,3116.320000000298,3968.32,8250.17,0.3609999999999997,-0.000899281,1610.246,0.4559352517985611
1572.0,467.5714285708964,3.914,3.557,3032.351999999956,3896.35,8288.35,0.3570000000000002,-0.000899281,1579.1999999999766,0.4487410071942445
1482.08,427.2857142854482,3.886,3.574,2701.120000001043,3536.32,8703.72,0.3120000000000003,-0.000899281,1489.8559999999768,0.4514388489208633
1497.44,390.51428571529686,3.858,3.605,2665.1510000005364,3536.35,8365.48,0.2530000000000001,-0.000899281,1502.1319999999766,0.4514388489208633
1560.0,455.5714285708964,3.898,3.56,2972.359999999404,3824.36,8396.36,0.3380000000000001,-0.000899281,1564.8,0.4748201438848921
1322.49,370.0,3.891,3.628,2252.3829999994487,3032.38,7811.45,0.2629999999999999,-0.000899281,1326.0659999999766,0.4550359712230216
1499.62,385.80000000074506,3.862,3.609,2690.2579999994487,3572.26,8280.73,0.2530000000000001,-0.000899281,1506.7719999999767,0.4514388489208633
1503.13,436.7142857145518,3.89,3.575,2816.2269999980927,3644.23,8877.95,0.3149999999999999,-0.000899281,1507.9839999999883,0.4469424460431654
1560.99,459.1999999992549,3.913,3.558,2960.321000000462,3824.32,8272.41,0.355,-0.000899281,1564.882,0.4514388489208633
1428.58,396.6857142858207,3.905,3.589,2594.2579999994487,3428.26,8109.53,0.3159999999999998,-0.000899281,1434.4339999999768,0.4568345323741007
1560.62,416.5714285708964,3.863,3.581,2902.782999999821,3752.38,8513.85,0.282,-0.000899281,1567.798,0.4514388489208633
1440.0,399.5999999996274,3.92,3.588,2648.351000001654,3464.35,8036.35,0.3319999999999998,-0.000899281,1444.7999999999768,0.4514388489208633
1508.27,434.7428571432829,3.895,3.566,2792.3829999994487,3644.38,8416.7,0.3290000000000002,-0.000899281,1512.8139999999769,0.4514388489208633
1561.66,453.8571428563446,3.906,3.561,2960.3829999994487,3824.38,8159.23,0.3450000000000002,-0.000899281,1565.592,0.4514388489208633
1440.0,400.45714285597205,3.92,3.588,2641.462857143953,3464.32,8000.31,0.3319999999999998,-0.000899281,1442.399999999977,0.4505395683453237
1605.09,474.0,3.917,3.556,3110.351999999956,3968.35,8245.89,0.3609999999999997,-0.000899281,1608.73,0.4550359712230215
1499.61,433.6877142842859,3.89,3.576,2810.351999999956,3644.35,8879.07,0.314,-0.000899281,1504.8719999999885,0.4460431654676259
1426.27,394.2857142854482,3.905,3.589,2588.321,3428.32,8132.04,0.3159999999999998,-0.000899281,1431.5599999999768,0.4559352517985611
1319.33,370.5,3.89,3.628,2250.6377142854035,3032.35,7767.16,0.262,-0.000899281,1324.0299999999766,0.4541366906474821
1506.09,434.1428571436554,3.895,3.567,2786.390000000596,3644.39,8407.3,0.3279999999999998,-0.000899281,1509.9939999999765,0.4505395683453237
1572.0,466.0,3.913,3.557,3026.359,3896.36,8294.72,0.3559999999999998,-0.000899281,1576.7999999999768,0.447841727
1557.89,418.0,3.863,3.581,2894.3120000008494,3752.31,8501.62,0.282,-0.000899281,1564.13,0.4505395683453237
1559.3,458.0,3.912,3.557,2954.3509999997914,3824.35,8254.27,0.355,-0.000899281,1562.848,0.4505395683453237
1560.61,455.0,3.906,3.561,2954.351000001654,3824.35,8163.96,0.3450000000000002,-0.000899281,1563.686,0.4505395683453237
1498.59,384.6857142858207,3.862,3.61,2679.5519999992102,3572.35,8278.85,0.2520000000000002,-0.000899281,1503.7439999999765,0.4505395683453237
1494.23,390.3124000001699,3.858,3.604,2660.354333333671,3536.34,8363.55,0.254,-0.000899281,1499.139999999977,0.4505395683453237
1478.53,424.80000000074506,3.886,3.574,2690.25,3536.25,8664.67,0.3120000000000003,-0.000899281,1485.7599999999768,0.4505395683453237
1538.41,463.2190000005066,3.888,3.862,2723.0159999988973,3675.02,8806.02,0.026,-0.000899281,1558.082,0.4739208633093524
1496.53,384.6857142858207,3.861,3.608,2678.25,3536.25,8305.59,0.2530000000000001,-0.000899281,1500.7599999999766,0.4496402877697841
1440.0,399.8571428563446,3.92,3.588,2630.359999999404,3464.36,8036.36,0.3319999999999998,-0.000899281,1440.0,0.4496402877697841
1504.33,432.3428571429104,3.895,3.566,2780.3590000011027,3608.36,8418.44,0.3290000000000002,-0.000899281,1508.4599999999766,0.4496402877697841
1424.58,394.5,3.905,3.59,2582.25,3392.25,8126.17,0.3149999999999999,-0.000899281,1428.8979999999767,0.4550359712230216
1555.45,415.88571428507566,3.863,3.581,2882.2340000011027,3752.23,8504.58,0.282,-0.000899281,1561.0,0.4496402877697841
1558.08,458.5714285708964,3.913,3.557,2948.344000000506,3788.34,8252.83,0.3559999999999998,-0.000899281,1561.062,0.4496402877697841
1572.0,466.2857142854482,3.914,3.557,3017.944000000134,3860.34,8288.34,0.3570000000000002,-0.000899281,1574.399999999977,0.4469424460431654
1559.11,452.5714285708964,3.905,3.56,2948.3279999997467,3824.33,8161.67,0.3449999999999997,-0.000899281,1561.984,0.4496402877697841
1560.0,456.0,3.891,3.862,2708.344000000506,3644.34,8648.34,0.0289999999999999,-0.000899281,1555.682,0.473021583
1315.62,368.4000000003725,3.889,3.629,2245.5018571428955,3032.36,7782.59,0.2599999999999998,-0.000899281,1321.2419999999763,0.4532374100719424
1496.67,432.4285714291036,3.889,3.576,2798.219000000506,3644.22,8759.45,0.3129999999999997,-0.000899281,1501.7999999999884,0.4451438848920863
1475.56,424.7142857145518,3.885,3.575,2678.349166667089,3536.34,8646.72,0.3099999999999996,-0.000899281,1482.101999999977,0.4496402877697841
1601.53,474.0,3.917,3.555,3098.289999999106,3968.29,8234.02,0.3619999999999996,-0.000899281,1606.712,0.4541366906474821
1491.42,387.92479999922216,3.858,3.604,2654.359999999404,3536.36,8358.25,0.254,-0.000899281,1496.3339999999766,0.4496402877697841
1598.47,474.4285714291036,3.916,3.555,3086.351000001654,3968.35,8260.45,0.3609999999999997,-0.000899281,1604.3,0.4532374100719424
1472.47,423.4595714304596,3.885,3.575,2672.359999999404,3500.36,8645.25,0.3099999999999996,-0.000899281,1478.7399999999766,0.4487410071942445
1557.64,452.5714285708964,3.905,3.56,2948.359999999404,3788.36,8122.38,0.3449999999999997,-0.000899281,1560.436,0.4487410071942445
1552.58,415.2857142854482,3.863,3.581,2876.3279999997467,3752.33,8455.72,0.282,-0.000899281,1558.0759999999998,0.4487410071942445
1572.0,465.0,3.913,3.558,3010.712000001222,3860.31,8252.31,0.355,-0.000899281,1572.0,0.4460431654676259
1556.98,458.5714285708964,3.912,3.557,2945.9900000002235,3788.39,8282.11,0.355,-0.000899281,1559.538,0.4487410071942445
1421.89,393.5999999996274,3.905,3.59,2576.313,3392.31,8103.08,0.3149999999999999,-0.000899281,1426.4219999999768,0.4541366906474821
1560.0,455.5714285708964,3.897,3.564,2953.019000001252,3824.22,8432.22,0.3329999999999997,-0.000899281,1555.682,0.4721223021582734
1488.0,434.1428571436554,3.888,3.576,2786.359999999404,3608.36,8756.36,0.3119999999999998,-0.000899281,1497.4819999999884,0.4442446043165468
1493.64,384.6857142858207,3.862,3.609,2672.344000000506,3536.34,8288.16,0.2530000000000001,-0.000899281,1498.1939999999763,0.4487410071942445
1487.81,387.0,3.858,3.605,2643.606000000611,3500.41,8346.36,0.2530000000000001,-0.000899281,1493.7759999999766,0.4487410071942445
1502.19,432.8571428563446,3.895,3.566,2768.3590000011027,3608.36,8416.55,0.3290000000000002,-0.000899281,1506.1579999999767,0.4487410071942445
1428.0,398.6999999992549,3.92,3.588,2624.3120000008494,3464.31,8036.31,0.3319999999999998,-0.000899281,1437.5999999999767,0.4487410071942445
1310.72,368.0,3.889,3.629,2234.3279999997467,3032.33,7742.09,0.2599999999999998,-0.000899281,1318.3999999999764,0.4523381294964029
1556.42,451.88571428507566,3.905,3.559,2942.359999999404,3788.36,8142.28,0.3459999999999996,-0.000899281,1559.0880000000002,0.4478417266187049
1421.12,392.6999999992549,3.904,3.59,2564.3590000011027,3392.36,8106.12,0.314,-0.000899281,1424.4879999999769,0.4532374100719424
1469.16,421.0285714287311,3.885,3.575,2660.3909999988973,3500.39,8624.58,0.3099999999999996,-0.000899281,1475.5599999999763,0.4478417266187049
1560.0,456.8438571430743,3.898,3.562,2972.313,3824.31,8468.31,0.3360000000000003,-0.000899281,1555.682,0.4712230215827338
1309.44,368.0,3.889,3.631,2224.9154285695404,2996.34,7739.91,0.258,-0.000899281,1315.5199999999768,0.4514388489208633
1493.56,434.1428571436554,3.888,3.576,2786.375,3608.38,8810.55,0.3119999999999998,-0.000899281,1496.193999999988,0.4433453237410072
1435.64,397.80000000074506,3.92,3.588,2618.219000000506,3428.22,8000.22,0.3319999999999998,-0.000899281,1436.7279999999766,0.4478417266187049
1500.3,431.6571428570896,3.895,3.566,2762.3590000011027,3608.36,8421.77,0.3290000000000002,-0.000899281,1504.235999999977,0.4478417266187049
1594.76,473.1428571436554,3.915,3.555,3074.320000000298,3932.32,8220.89,0.3599999999999999,-0.000899281,1601.384,0.4523381294964029
1490.53,382.5,3.862,3.609,2657.927999999374,3536.33,8301.45,0.2530000000000001,-0.000899281,1495.7819999999767,0.4478417266187049
1485.02,386.0999999996274,3.858,3.605,2636.359999999404,3500.36,8348.89,0.2530000000000001,-0.000899281,1491.1839999999768,0.447841727
1550.27,414.0,3.862,3.583,2866.7439999990165,3752.34,8476.41,0.2789999999999999,-0.000899281,1555.362,0.4478417266187049
1560.0,464.0,3.913,3.558,3002.3120000008494,3860.31,8252.31,0.355,-0.000899281,1569.5999999999767,0.4451438848920864
1555.52,458.80000000074506,3.912,3.557,2942.344000000506,3788.34,8293.19,0.355,-0.000899281,1558.174,0.447841727
1553.77,457.2857142854482,3.912,3.556,2936.344000000506,3788.34,8241.53,0.3559999999999998,-0.000899281,1556.73,0.4469424460431654
1498.47,431.5714285708964,3.895,3.567,2756.3909999988973,3608.39,8406.19,0.3279999999999998,-0.000899281,1502.2759999999766,0.4469424460431654
1428.0,396.6857142858207,3.919,3.588,2612.343999998644,3428.34,8000.34,0.3309999999999999,-0.000899281,1434.3279999999766,0.4469424460431654
1560.0,462.0,3.913,3.558,2996.4529999997467,3860.45,8305.95,0.355,-0.000899281,1567.1999999999766,0.4442446043165468
1560.0,456.8571428563446,3.899,3.561,2972.25,3824.25,8432.25,0.3380000000000001,-0.000899281,1555.682,0.4703237410071942
1547.84,414.30000000074506,3.862,3.582,2859.449999999255,3716.25,8431.94,0.2800000000000002,-0.000899281,1552.806,0.4469424460431654
1555.06,453.0,3.904,3.561,2938.7599999997765,3788.36,8138.62,0.3429999999999999,-0.000899281,1557.768,0.4469424460431654
1486.47,382.62857142835855,3.86,3.611,2648.344000000506,3536.34,8232.95,0.2489999999999996,-0.000899281,1493.1519999999769,0.4469424460431654
1474.2,383.4000000003725,3.855,3.606,2621.8499999996275,3500.25,8292.8,0.2490000000000001,-0.000899281,1486.5359999999769,0.4469424460431654
1467.05,422.1428571436554,3.884,3.594,2650.744000000879,3500.34,8640.52,0.29,-0.000899281,1472.553999999977,0.4469424460431654
1592.87,473.1428571436554,3.916,3.556,3062.320000000298,3932.32,8259.8,0.3599999999999999,-0.000899281,1598.544,0.4514388489208633
1490.05,431.1428571436554,3.889,3.577,2774.313,3608.31,8824.7,0.3119999999999998,-0.000899281,1493.5779999999884,0.4424460431654676
1420.19,392.9142857138068,3.904,3.589,2558.359,3392.36,8122.62,0.3149999999999999,-0.000899281,1422.8099999999768,0.4523381294964029
1308.89,366.0,3.889,3.63,2219.7725714296103,2996.34,7752.19,0.2589999999999999,-0.000899281,1312.7999999999768,0.4505395683453237
1496.12,430.9714285712689,3.895,3.566,2750.390000000596,3608.39,8429.22,0.3290000000000002,-0.000899281,1500.2819999999767,0.4460431654676259
1486.17,429.8571428563446,3.889,3.577,2768.3120000008494,3608.31,8827.06,0.3119999999999998,-0.000899281,1490.8899999999885,0.441546762589928
1553.55,450.0,3.904,3.559,2936.2180000022054,3788.22,8108.64,0.3449999999999997,-0.000899281,1556.356,0.4460431654676259
1463.3,419.6571428570896,3.883,3.575,2642.3279999997467,3500.33,8598.89,0.3079999999999998,-0.000899281,1469.5079999999766,0.4460431654676259
1560.0,458.0,3.899,3.561,2966.3430000003427,3824.34,8468.34,0.3380000000000001,-0.000899281,1560.0,0.4694244604316546
1589.92,471.0,3.916,3.555,3053.858000000939,3932.26,8222.01,0.3609999999999997,-0.000899281,1595.5099999999998,0.4505395683453237
1544.77,412.7142857145518,3.862,3.582,2852.3279999997467,3716.33,8431.23,0.2800000000000002,-0.000899281,1550.182,0.4460431654676259
1419.19,392.2285714298487,3.903,3.589,2552.359,3356.36,8162.53,0.314,-0.000899281,1421.3939999999766,0.4514388489208633
1472.73,383.4000000003725,3.856,3.608,2593.159000001848,3464.36,8275.36,0.2479999999999997,-0.000899281,1482.235999999977,0.4460431654676259
1565.83,460.7142857145518,3.912,3.557,2990.265000000596,3860.27,8288.27,0.355,-0.000899281,1565.9659999999767,0.4433453237410072
1428.0,397.5,3.919,3.589,2606.344000000506,3428.34,8068.31,0.33,-0.000899281,1431.9279999999767,0.4460431654676259
1485.72,382.1999999992549,3.86,3.61,2636.344000000506,3500.34,8260.98,0.25,-0.000899281,1490.5779999999768,0.4460431654676259
1309.44,367.5,3.889,3.63,2214.613714285195,2996.33,7758.19,0.2589999999999999,-0.000899281,1310.821999999977,0.4496402877697841
1552.17,458.4000000003725,3.911,3.557,2936.25,3788.25,8223.52,0.3540000000000001,-0.000899281,1555.304,0.4460431654676259
1418.28,392.2285714298487,3.903,3.589,2552.3430000003427,3356.34,8160.64,0.314,-0.000899281,1420.1339999999768,0.4505395683453237
1550.44,458.0,3.91,3.556,2930.359,3788.36,8252.28,0.3540000000000001,-0.000899281,1553.776,0.4451438848920864
1587.91,470.8571428563446,3.916,3.555,3046.729000000283,3896.33,8220.27,0.3609999999999997,-0.000899281,1592.786,0.4496402877697841
1306.97,365.5,3.888,3.63,2210.313,2996.31,7772.31,0.258,-0.000899281,1309.091999999977,0.4487410071942445
1562.89,462.4285714291036,3.913,3.558,2981.9910000003874,3824.39,8252.39,0.355,-0.000899281,1564.1439999999768,0.4424460431654676
1470.94,382.2857142854482,3.856,3.609,2585.944000000134,3464.34,8294.97,0.2469999999999999,-0.000899281,1478.139999999977,0.4451438848920864
1459.94,419.4000000003725,3.882,3.575,2636.375,3464.38,8577.44,0.3069999999999999,-0.000899281,1466.3839999999768,0.4451438848920863
1493.55,430.2857142854482,3.894,3.567,2744.2340000011027,3572.23,8434.47,0.3269999999999999,-0.000899281,1498.1259999999766,0.4451438848920863
1416.0,395.0999999996274,3.919,3.588,2590.0422857142985,3392.33,8064.19,0.3309999999999999,-0.000899281,1427.1279999999765,0.4451438848920863
1551.02,448.7142857145518,3.904,3.559,2930.3590000011027,3788.36,8099.66,0.3449999999999997,-0.000899281,1554.7379999999998,0.4451438848920863
1482.72,383.6999999992549,3.86,3.61,2636.313,3500.31,8240.25,0.25,-0.000899281,1487.8159999999768,0.4451438848920863
1483.09,428.5714285708964,3.888,3.577,2756.313,3608.31,8825.23,0.3109999999999999,-0.000899281,1488.1739999999884,0.4406474820143884
1541.86,411.4285714291036,3.861,3.583,2845.144000001252,3716.34,8402.64,0.278,-0.000899281,1547.464,0.4451438848920863
1562.97,455.5714285708964,3.898,3.56,2960.4059999994934,3824.41,8432.41,0.3380000000000001,-0.000899281,1560.594,0.4685251798561151
1548.78,450.4285714291036,3.903,3.561,2924.359999999404,3788.36,8114.41,0.3420000000000001,-0.000899281,1552.966,0.4442446043165468
1468.47,381.5999999996274,3.854,3.608,2582.2960000000894,3464.3,8279.75,0.246,-0.000899281,1474.2719999999767,0.4442446043165468
1560.0,461.1428571436554,3.912,3.559,2972.344000000506,3824.34,8288.34,0.3529999999999997,-0.000899281,1561.7439999999767,0.441546762589928
1548.64,457.0,3.909,3.557,2924.2659999988973,3788.27,8270.66,0.3519999999999998,-0.000899281,1552.108,0.4442446043165468
1585.86,468.8571428563446,3.916,3.555,3038.3590000011027,3896.36,8234.66,0.3609999999999997,-0.000899281,1590.264,0.4487410071942445
1560.0,457.0,3.897,3.561,2954.343999998644,3824.34,8432.34,0.3359999999999998,-0.000899281,1560.5939999999998,0.4676258992805754
1538.84,410.7428571432829,3.861,3.584,2834.359999999404,3716.36,8407.3,0.2770000000000001,-0.000899281,1544.716,0.4442446043165468
1304.27,365.6999999992549,3.888,3.629,2204.343999998644,2996.34,7752.64,0.2589999999999999,-0.000899281,1307.8019999999767,0.447841727
1415.14,393.30000000074506,3.903,3.589,2546.3590000011027,3356.36,8147.81,0.314,-0.000899281,1418.783999999977,0.4496402877697841
1490.95,429.0,3.894,3.566,2732.3280000016093,3572.33,8418.34,0.3280000000000003,-0.000899281,1495.8779999999765,0.4442446043165468
1458.08,418.2857142854482,3.882,3.576,2624.344000000506,3464.34,8617.5,0.306,-0.000899281,1463.505999999977,0.4442446043165468
1476.0,427.2857142854482,3.888,3.578,2750.3120000008494,3572.31,8828.92,0.31,-0.000899281,1485.7739999999883,0.4397482014388488
1416.0,392.9142857138068,3.919,3.589,2584.915428571403,3392.34,8036.34,0.33,-0.000899281,1424.7279999999766,0.4442446043165468
1478.72,380.4000000003725,3.859,3.611,2624.359999999404,3500.36,8250.5,0.2479999999999997,-0.000899281,1484.8319999999767,0.4442446043165468
1416.0,393.4285714291036,3.918,3.589,2579.788571428508,3392.36,8072.36,0.3290000000000002,-0.000899281,1420.7999999999768,0.4433453237410072
1302.88,365.6999999992549,3.888,3.629,2199.216142857448,2996.36,7767.27,0.2589999999999999,-0.000899281,1306.4899999999766,0.4469424460431654
1583.84,468.0,3.916,3.555,3032.3279999997467,3896.33,8260.97,0.3609999999999997,-0.000899281,1588.08,0.4478417266187049
1548.0,459.0,3.912,3.558,2960.2819999996573,3824.28,8288.28,0.3540000000000001,-0.000899281,1559.3439999999769,0.4406474820143884
1455.25,417.5999999996274,3.881,3.576,2618.344000000506,3464.34,8598.05,0.3049999999999997,-0.000899281,1460.7239999999767,0.4433453237410072
1404.0,390.9000000003725,3.904,3.59,2534.3430000003427,3356.34,8195.48,0.314,-0.000899281,1415.3599999999765,0.4487410071942445
1475.78,426.4285714291036,3.885,3.577,2744.344000000506,3572.34,8820.83,0.3079999999999998,-0.000899281,1482.2179999999885,0.4388489208633093
1546.77,456.0,3.908,3.557,2917.160000000149,3752.36,8239.97,0.351,-0.000899281,1550.3580000000002,0.4433453237410072
1488.67,428.6999999992549,3.894,3.567,2726.359999999404,3572.36,8410.47,0.3269999999999999,-0.000899281,1493.5519999999767,0.4433453237410072
1465.69,380.9142857138068,3.854,3.608,2576.344000000506,3428.34,8263.55,0.246,-0.000899281,1470.4059999999768,0.4433453237410072
1546.66,447.4285714291036,3.903,3.56,2912.3280000016093,3752.33,8113.47,0.3429999999999999,-0.000899281,1551.014,0.4433453237410072
1474.97,380.5714285708964,3.858,3.611,2612.234999999404,3500.23,8231.27,0.2469999999999999,-0.000899281,1481.7199999999766,0.4433453237410072
1536.44,411.8571428563446,3.861,3.584,2828.3430000003427,3680.34,8380.41,0.2770000000000001,-0.000899281,1541.95,0.4433453237410072
1548.0,456.0,3.898,3.562,2945.912999998778,3788.31,8396.31,0.3360000000000003,-0.000899281,1558.194,0.4667266187050359
1446.59,415.5428571,3.88,3.577,2612.359,3464.36,8556.98,0.3029999999999999,-0.000899281,1456.6319999999766,0.4424460431654676
1580.97,469.0,3.915,3.555,3026.3279999997467,3896.33,8236.14,0.3599999999999999,-0.000899281,1585.7,0.4469424460431654
1301.53,364.5,3.888,3.63,2198.3289999999106,2996.33,7747.91,0.258,-0.000899281,1305.0179999999768,0.4460431654676259
1451.52,418.2857142854482,3.877,3.579,2714.313,3536.31,8792.31,0.2979999999999996,-0.000899281,1474.5119999999883,0.4379496402877698
1530.59,409.2857142854482,3.859,3.584,2816.313,3680.31,8365.28,0.2749999999999999,-0.000899281,1538.4999999999998,0.4424460431654676
1548.0,453.0,3.898,3.563,2936.281000001356,3788.28,8468.28,0.3349999999999999,-0.000899281,1555.794,0.4658273381294964
1544.86,448.0,3.903,3.562,2906.2340000011027,3752.23,8119.75,0.3410000000000002,-0.000899281,1548.974,0.4424460431654676
1544.86,455.0,3.908,3.557,2912.3590000011027,3752.36,8186.11,0.351,-0.000899281,1548.576,0.4424460431654676
1467.86,379.1999999992549,3.856,3.611,2600.3120000008494,3464.31,8242.33,0.2449999999999996,-0.000899281,1477.9979999999766,0.4424460431654676
1404.61,389.4857142847032,3.901,3.591,2523.2481428571045,3356.39,8145.34,0.3099999999999996,-0.000899281,1412.2439999999767,0.447841727
1416.0,391.5428571,3.918,3.588,2570.3279999997467,3392.33,8072.33,0.33,-0.000899281,1418.399999999977,0.4424460431654676
1548.0,456.8571428563446,3.911,3.558,2954.25,3824.25,8252.25,0.3530000000000002,-0.000899281,1556.9439999999768,0.4397482014388489
1455.83,381.2571428567171,3.852,3.608,2564.344000000506,3428.34,8286.97,0.2439999999999997,-0.000899281,1466.7319999999768,0.4424460431654676
1486.27,426.51428571529686,3.893,3.567,2720.3120000008494,3572.31,8450.94,0.3259999999999996,-0.000899281,1491.111999999977,0.4424460431654676
1452.5,391.1569999996573,3.855,3.782,2352.359,3297.0,8634.59,0.073,-0.000899281,1462.6859999999767,0.441546762589928
1459.0,434.40599999949336,3.882,3.752,2492.3590000011027,3430.02,8776.94,0.1300000000000003,-0.000899281,1483.687999999977,0.441546762589928
1528.81,462.0159999988973,3.9,3.857,2758.0159999988973,3696.0,8568.0,0.0429999999999997,-0.000899281,1549.5399999999768,0.4388489208633094
1503.47,456.0,3.89,3.743,2688.3279999997467,3633.0,8522.23,0.1470000000000002,-0.000899281,1538.836,0.441546762589928
1464.19,389.9845000002533,3.86,3.898,2401.375,3353.0,8533.38,-0.038,-0.000899281,1473.6919999999768,0.441546762589928
1440.33,416.5714285708964,3.871,3.586,2630.375,3464.38,8771.36,0.2850000000000001,-0.000899281,1465.3439999999882,0.4370503597122302
1498.5,418.7965000011027,3.845,3.756,2555.3279999997467,3521.0,8776.67,0.089,-0.000899281,1529.246,0.441546762589928
1427.78,426.0159999988973,3.871,3.894,2331.0,3283.0,9085.98,-0.023,-0.000899281,1449.5279999999766,0.441546762589928
1548.0,451.7142857145518,3.897,3.562,2930.219000000506,3788.22,8396.22,0.3349999999999999,-0.000899281,1553.3939999999998,0.4649280575539568
1578.52,466.2857142854482,3.915,3.555,3017.8189999982715,3896.22,8203.36,0.3599999999999999,-0.000899281,1583.42,0.4460431654676259
1391.22,395.985,3.899,3.778,2303.3279999997467,3199.02,8561.34,0.121,-0.000899281,1406.649999999977,0.4469424460431654
1299.23,364.0,3.888,3.63,2192.3279999997467,2996.33,7787.47,0.258,-0.000899281,1302.9759999999767,0.4451438848920864
1396.8,396.0,3.914,3.886,2352.0,3255.0,8420.98,0.028,-0.000899281,1412.159999999977,0.441546762589928
1503.53,448.8129999991506,3.883,3.861,2695.3279999997467,3647.33,8510.41,0.0219999999999997,-0.000899281,1538.9699999999998,0.441546762589928
1470.03,384.0,3.852,3.894,2369.912999998778,3320.31,8490.97,-0.042,-0.000899281,1462.5039999999767,0.4406474820143884
1404.0,392.0999999996274,3.912,3.883,2333.912999998778,3212.31,8324.31,0.0289999999999999,-0.000899281,1409.7599999999768,0.4406474820143884
1442.41,433.2030000016093,3.872,3.892,2400.984,3324.98,9105.95,-0.02,-0.000899281,1457.2079999999885,0.4361510791366906
1548.0,451.7142857145518,3.896,3.562,2924.3430000003427,3788.34,8432.34,0.3340000000000001,-0.000899281,1550.4,0.4640287769784173
1478.22,381.5999999996274,3.855,3.892,2413.112999999896,3356.31,8440.12,-0.037,-0.000899281,1472.7919999999767,0.4406474820143884
1476.94,425.82857142947614,3.883,3.879,2444.375,3356.38,8687.16,0.004,-0.000899281,1480.3659999999768,0.4406474820143884
1518.34,445.2591428551823,3.893,3.866,2600.344000000506,3536.34,8391.94,0.027,-0.000899281,1532.416,0.4406474820143884
1519.91,442.2857142854482,3.886,3.869,2607.5119999982417,3536.31,8289.22,0.0169999999999999,-0.000899281,1532.748,0.4406474820143884
1410.22,391.88571428507566,3.898,3.886,2294.375,3176.38,8436.72,0.012,-0.000899281,1405.0379999999766,0.4460431654676259
1519.5,409.0285714287311,3.848,3.885,2506.7750000003725,3464.38,8633.09,-0.037,-0.000899281,1524.774,0.4406474820143884
1449.38,416.5714285708964,3.874,3.891,2333.943,3248.34,8857.78,-0.017,-0.000899281,1447.4159999999767,0.4406474820143884
1576.45,465.0,3.915,3.555,3008.484,3860.48,8251.23,0.3599999999999999,-0.000899281,1581.128,0.4451438848920863
1536.0,454.7142857145518,3.899,3.859,2708.375,3608.38,8432.38,0.04,-0.000899281,1544.1619999999766,0.4379496402877698
1279.45,372.0,3.88,3.79,1981.5,2856.0,8132.89,0.09,-0.000899281,1297.4719999999766,0.4442446043165468
1573.47,465.7142857145518,3.914,3.556,3002.3289999999106,3860.33,8229.86,0.3580000000000001,-0.000899281,1578.65,0.4442446043165468
1548.0,450.80000000074506,3.897,3.562,2917.1120000015944,3752.31,8432.31,0.3349999999999999,-0.000899281,1548.0,0.4631294964028777
1548.0,457.7142857145518,3.907,3.565,2912.344000000506,3752.34,8288.34,0.3420000000000001,-0.000899281,1541.7619999999763,0.4370503597122302
1485.31,425.1428571436554,3.89,3.571,2684.343999998644,3536.34,8455.5,0.3189999999999999,-0.000899281,1479.2379999999766,0.4397482014388488
1416.0,394.1999999992549,3.917,3.593,2552.375,3356.38,8158.47,0.3239999999999998,-0.000899281,1409.7599999999768,0.4397482014388488
1454.16,416.9142857138068,3.879,3.579,2600.313,3428.31,8665.09,0.2999999999999998,-0.000899281,1446.6319999999766,0.4397482014388488
1475.47,428.5714285708964,3.88,3.88,2450.344000000506,3356.34,9080.34,0.0,-0.000899281,1457.1019999999885,0.4352517985611511
1287.19,363.0,3.879,3.907,1952.3440000005064,2816.34,7951.16,-0.028,-0.000899281,1294.0559999999768,0.4433453237410072
1411.88,392.4000000003725,3.902,3.593,2522.219000000506,3356.22,8202.12,0.3090000000000001,-0.000899281,1404.3859999999763,0.4451438848920864
1530.62,409.7142857145518,3.855,3.59,2773.111999999732,3644.31,8420.47,0.2650000000000001,-0.000899281,1523.13,0.4397482014388488
1532.84,443.5714285708964,3.893,3.57,2810.375,3680.38,8178.88,0.3229999999999999,-0.000899281,1529.56,0.4397482014388488
1477.88,380.0999999996274,3.856,3.611,2614.7750000003725,3500.38,8289.25,0.2449999999999996,-0.000899281,1472.6239999999766,0.4397482014388488
1533.62,451.0,3.9,3.568,2816.375,3680.38,8261.25,0.3319999999999998,-0.000899281,1529.4119999999998,0.4397482014388489
1469.19,382.5,3.854,3.608,2585.9749999996275,3464.38,8345.84,0.246,-0.000899281,1462.6479999999767,0.4397482014388489
1538.84,450.0,3.905,3.563,2876.343999998644,3716.34,8212.66,0.3419999999999996,-0.000899281,1527.8259999999998,0.4388489208633094
1416.0,394.1999999992549,3.918,3.59,2570.343999998644,3392.34,8108.34,0.3280000000000003,-0.000899281,1409.7599999999768,0.4388489208633093
1411.03,390.0,3.902,3.59,2528.344000000506,3356.34,8130.0,0.3120000000000003,-0.000899281,1405.791999999977,0.4442446043165468
1464.0,425.5714285708964,3.882,3.58,2714.2809999994934,3536.28,8946.59,0.302,-0.000899281,1454.7459999999885,0.4343525179856115
1570.94,465.4285714291036,3.914,3.556,2990.375,3860.38,8180.38,0.3580000000000001,-0.000899281,1576.0700000000002,0.4433453237410072
1532.78,409.2857142854482,3.858,3.586,2804.25,3680.25,8372.38,0.2720000000000002,-0.000899281,1522.398,0.4388489208633093
1548.0,450.4285714291036,3.896,3.562,2912.343999998644,3752.34,8432.34,0.3340000000000001,-0.000899281,1548.0,0.4622302158273381
1487.31,426.51428571529686,3.892,3.568,2708.25,3536.25,8428.28,0.3239999999999998,-0.000899281,1478.9659999999767,0.4388489208633093
1454.25,418.5,3.879,3.577,2612.375,3464.38,8625.69,0.302,-0.000899281,1446.4319999999766,0.4388489208633093
1548.0,458.5714285708964,3.91,3.562,2945.9749999996275,3788.38,8288.38,0.3480000000000003,-0.000899281,1541.7619999999763,0.4361510791366907
1283.31,360.9000000003725,3.88,3.633,2147.803571429104,2924.38,7816.19,0.2469999999999999,-0.000899281,1290.1419999999766,0.4424460431654676
1478.22,379.88571428507566,3.856,3.61,2612.344000000506,3500.34,8260.41,0.246,-0.000899281,1473.273999999977,0.4388489208633093
1542.12,446.5714285708964,3.899,3.566,2864.313,3716.31,8100.94,0.3330000000000002,-0.000899281,1528.6519999999998,0.4388489208633093
1466.91,381.0,3.855,3.608,2578.712000001222,3464.31,8329.0,0.2469999999999999,-0.000899281,1462.8919999999766,0.4388489208633094
1293.84,364.5,3.883,3.634,2144.25,2924.25,7746.97,0.2490000000000001,-0.000899281,1288.6039999999768,0.441546762589928
1548.0,458.0,3.91,3.56,2954.3120000008494,3788.31,8301.75,0.3500000000000001,-0.000899281,1541.7619999999763,0.4352517985611511
1532.34,409.2857142854482,3.859,3.586,2812.6569999996573,3682.66,8385.03,0.2730000000000001,-0.000899281,1522.748,0.4379496402877698
1536.0,448.0,3.897,3.563,2906.313,3752.31,8468.31,0.3339999999999996,-0.000899281,1545.6,0.4613309352517986
1569.22,463.0,3.913,3.556,2984.281000001356,3860.28,8227.67,0.3569999999999997,-0.000899281,1573.72,0.4424460431654676
1467.47,423.7714285701513,3.883,3.58,2696.375,3536.38,8899.75,0.3029999999999999,-0.000899281,1457.9359999999883,0.4334532374100719
1544.47,446.7428571432829,3.902,3.562,2896.6559999994934,3754.66,8108.5,0.3400000000000003,-0.000899281,1528.574,0.4379496402877698
1537.94,451.2857142854482,3.906,3.562,2894.4059999994934,3752.41,8160.0,0.3440000000000003,-0.000899281,1526.4419999999998,0.4379496402877698
1477.62,382.2857142854482,3.856,3.61,2612.3430000003427,3500.34,8232.03,0.246,-0.000899281,1475.2259999999765,0.4379496402877698
1409.56,390.0,3.902,3.59,2522.313,3356.31,8169.5,0.3120000000000003,-0.000899281,1406.7819999999767,0.4433453237410072
1416.0,394.62857142835855,3.918,3.59,2570.468999998644,3392.47,8072.47,0.3280000000000003,-0.000899281,1409.7599999999768,0.4379496402877698
1486.19,426.30000000074506,3.893,3.567,2714.3120000008494,3572.31,8434.19,0.3259999999999996,-0.000899281,1478.9499999999766,0.4379496402877698
1452.16,416.6999999992549,3.881,3.576,2612.344000000506,3464.34,8613.56,0.3049999999999997,-0.000899281,1447.5459999999769,0.4379496402877698
1464.44,379.88571428507566,3.855,3.607,2571.574999999255,3428.38,8318.75,0.2479999999999997,-0.000899281,1464.6139999999768,0.4379496402877698
1527.88,463.219,3.895,3.743,2772.3909999988973,3717.0,8520.67,0.1520000000000001,-0.000899281,1563.592,0.441546762589928
1531.16,409.2857142854482,3.859,3.586,2809.175000000745,3680.38,8399.09,0.2730000000000001,-0.000899281,1529.28,0.4370503597122302
1449.78,415.7142857145518,3.88,3.577,2606.344000000506,3428.34,8591.19,0.3029999999999999,-0.000899281,1451.9459999999767,0.4370503597122302
1536.84,451.2857142854482,3.907,3.561,2894.344000000506,3752.34,8180.34,0.3460000000000001,-0.000899281,1533.116,0.4370503597122302
1536.0,450.0,3.896,3.563,2900.344000000506,3752.34,8396.34,0.3329999999999997,-0.000899281,1543.2,0.4604316546762589
1466.12,422.0571428555995,3.884,3.581,2684.375,3500.38,8822.75,0.3029999999999999,-0.000899281,1463.0939999999885,0.4325539568345323
1292.69,364.5,3.884,3.631,2174.343999998644,2960.34,7734.66,0.2530000000000001,-0.000899281,1287.2959999999766,0.4406474820143884
1543.72,445.6062000002712,3.902,3.561,2900.218999998644,3752.22,8101.62,0.3410000000000002,-0.000899281,1536.612,0.4370503597122302
1416.0,393.30000000074506,3.917,3.589,2564.344000000506,3392.34,8072.34,0.3279999999999998,-0.000899281,1413.5999999999767,0.4370503597122302
1475.66,381.0,3.857,3.61,2607.574999999255,3464.38,8259.91,0.2470000000000003,-0.000899281,1477.5199999999768,0.4370503597122302
1407.12,389.0999999996274,3.902,3.59,2516.375,3320.38,8110.88,0.3120000000000003,-0.000899281,1409.9619999999768,0.4424460431654676
1548.0,458.5714285708964,3.91,3.559,2948.344000000506,3788.34,8252.34,0.351,-0.000899281,1545.5999999999767,0.4343525179856115
1460.59,379.1999999992549,3.854,3.609,2564.313,3428.31,8307.84,0.2450000000000001,-0.000899281,1466.2319999999768,0.4370503597122302
1483.94,424.7142857145518,3.893,3.567,2708.343999998644,3536.34,8425.09,0.3259999999999996,-0.000899281,1483.937999999977,0.4370503597122302
1403.16,388.1999999992549,3.901,3.59,2510.375,3320.38,8122.47,0.3109999999999999,-0.000899281,1408.5499999999768,0.441546762589928
1541.69,446.1428571436554,3.902,3.562,2895.513000000268,3752.31,8093.44,0.3400000000000003,-0.000899281,1540.9679999999998,0.4361510791366906
1536.0,449.0,3.896,3.562,2894.3430000003427,3752.34,8432.34,0.3340000000000001,-0.000899281,1540.8,0.4595323741007194
1473.0,378.5999999996274,3.858,3.61,2600.344000000506,3464.34,8278.22,0.2480000000000002,-0.000899281,1476.4759999999767,0.4361510791366906
1404.0,390.8571428563446,3.917,3.588,2558.3120000008494,3356.31,8036.31,0.3289999999999997,-0.000899281,1413.5999999999767,0.4361510791366906
1447.34,414.4285714291036,3.88,3.577,2600.375,3428.38,8597.62,0.3029999999999999,-0.000899281,1451.5379999999768,0.4361510791366906
1290.5,362.5,3.884,3.632,2173.454857144505,2960.31,7699.75,0.2519999999999998,-0.000899281,1289.505999999977,0.4397482014388489
1528.78,408.0,3.858,3.585,2801.944000000134,3680.34,8379.19,0.2730000000000001,-0.000899281,1531.136,0.4361510791366906
1548.0,457.2857142854482,3.91,3.559,2942.219000000506,3788.22,8252.22,0.351,-0.000899281,1548.0,0.4334532374100719
1458.56,378.5328857135028,3.854,3.608,2549.943,3428.34,8306.09,0.246,-0.000899281,1463.937999999977,0.4361510791366907
1481.69,423.4285714291036,3.892,3.568,2702.344000000506,3536.34,8412.0,0.3239999999999998,-0.000899281,1484.8879999999767,0.4361510791366906
1544.66,457.0,3.897,3.861,2679.574999999255,3608.38,8349.81,0.036,-0.000899281,1557.234,0.4406474820143884
1534.59,448.2857142854482,3.907,3.56,2888.3120000008494,3752.31,8172.12,0.347,-0.000899281,1536.366,0.4361510791366907
1452.0,422.4000000003725,3.882,3.581,2684.344000000506,3500.34,8860.81,0.3010000000000001,-0.000899281,1465.0119999999883,0.4316546762589928
1452.0,420.0,3.882,3.582,2666.344000000506,3500.34,8837.97,0.3000000000000002,-0.000899281,1460.3179999999884,0.4307553956834532
1540.22,446.1428571436554,3.902,3.561,2888.344000000506,3752.34,8115.81,0.3410000000000002,-0.000899281,1542.444,0.4352517985611511
1444.59,412.5,3.88,3.577,2590.0582857150584,3428.34,8570.53,0.3029999999999999,-0.000899281,1449.6239999999768,0.4352517985611511
1532.91,448.2857142854482,3.907,3.561,2882.3120000008494,3716.31,8176.78,0.3460000000000001,-0.000899281,1536.224,0.4352517985611511
1479.31,425.1428571436554,3.892,3.567,2696.2809999994934,3536.28,8416.44,0.3249999999999997,-0.000899281,1483.687999999977,0.4352517985611511
1468.44,377.6999999992549,3.857,3.61,2593.143999999389,3464.34,8252.09,0.2470000000000003,-0.000899281,1474.5879999999763,0.4352517985611511
1404.03,390.6170499995351,3.916,3.591,2546.343999998644,3356.34,8036.34,0.3249999999999997,-0.000899281,1411.2059999999767,0.4352517985611511
1454.19,378.9000000003725,3.854,3.609,2542.743000000716,3392.34,8234.09,0.2450000000000001,-0.000899281,1460.937999999977,0.4352517985611511
1526.16,408.0,3.858,3.585,2794.712000001222,3644.31,8355.34,0.2730000000000001,-0.000899281,1530.244,0.4352517985611511
1401.22,387.30000000074506,3.902,3.591,2502.5977142862976,3320.31,8138.84,0.3109999999999999,-0.000899281,1406.4179999999767,0.4406474820143884
1536.0,447.7714285701513,3.895,3.562,2888.3430000003427,3752.34,8432.34,0.3330000000000002,-0.000899281,1538.4,0.4586330935251799
1288.44,360.5,3.884,3.632,2168.3120000008494,2960.31,7696.53,0.2519999999999998,-0.000899281,1289.755999999977,0.4388489208633094
1561.56,461.1428571436554,3.906,3.567,2900.344000000506,3752.34,8209.66,0.3389999999999999,-0.000899281,1554.852,0.4397482014388488
1548.0,456.0,3.909,3.559,2936.344000000506,3788.34,8288.34,0.3499999999999996,-0.000899281,1548.0,0.4325539568345323
1523.62,407.3142857141793,3.858,3.585,2787.5129999984056,3644.31,8383.69,0.2730000000000001,-0.000899281,1528.412,0.4343525179856115
1536.0,454.7142857145518,3.909,3.561,2924.3120000008494,3788.31,8216.31,0.3479999999999998,-0.000899281,1545.5999999999767,0.4316546762589928
1465.62,376.80000000074506,3.857,3.612,2578.7439999990165,3464.34,8246.31,0.2450000000000001,-0.000899281,1472.0679999999766,0.4343525179856115
1404.0,389.6999999992549,3.915,3.59,2538.660714285448,3356.38,8036.38,0.3250000000000002,-0.000899281,1408.8059999999766,0.4343525179856115
1452.09,378.0,3.853,3.609,2528.219000000506,3392.22,8261.0,0.2440000000000002,-0.000899281,1457.9739999999767,0.4343525179856115
1476.66,423.0,3.891,3.567,2690.344000000506,3536.34,8408.56,0.3239999999999998,-0.000899281,1481.5579999999768,0.4343525179856115
1286.09,360.5,3.885,3.631,2156.4069999996573,2960.41,7714.84,0.254,-0.000899281,1290.3119999999767,0.4379496402877698
1397.88,386.4000000003725,3.901,3.591,2498.3120000008494,3320.31,8122.38,0.3099999999999996,-0.000899281,1403.7879999999766,0.4397482014388489
1536.0,448.2857142854482,3.895,3.563,2881.137800000608,3716.31,8396.31,0.3319999999999998,-0.000899281,1536.0,0.4577338129496402
1442.53,413.1428571436554,3.879,3.577,2582.2809999994934,3428.28,8607.12,0.302,-0.000899281,1447.2799999999768,0.4343525179856115
1538.31,444.8571428563446,3.902,3.561,2881.050000000745,3752.25,8128.09,0.3410000000000002,-0.000899281,1541.682,0.4343525179856115
1567.19,461.5714285708964,3.91,3.56,2960.3120000008494,3824.31,8231.78,0.3500000000000001,-0.000899281,1554.102,0.4388489208633093
1531.0,447.0,3.907,3.56,2876.313,3716.31,8181.22,0.347,-0.000899281,1534.656,0.4343525179856115
1455.94,417.5999999996274,3.882,3.582,2660.3120000008494,3500.31,8792.31,0.3000000000000002,-0.000899281,1458.7059999999883,0.4298561151079136
1536.0,447.08571428619325,3.894,3.564,2876.333333333954,3716.31,8396.31,0.33,-0.000899281,1536.0,0.4568345323741007
1529.09,447.0,3.906,3.562,2864.438,3716.44,8186.81,0.3440000000000003,-0.000899281,1532.886,0.4334532374100719
1395.38,385.5,3.9,3.592,2486.2809999994934,3284.28,8145.72,0.3079999999999998,-0.000899281,1400.9519999999768,0.4388489208633094
1453.56,420.0,3.881,3.582,2651.772571427748,3464.34,8751.0,0.2989999999999999,-0.000899281,1455.9239999999884,0.428956834532374
1285.81,359.69999999925494,3.885,3.632,2147.7725714296103,2924.34,7699.78,0.2529999999999996,-0.000899281,1288.7059999999767,0.4370503597122302
1536.25,444.8571428563446,3.902,3.561,2876.3130000010133,3716.31,8107.75,0.3410000000000002,-0.000899281,1540.038,0.4334532374100719
1566.88,462.8571428563446,3.912,3.558,2974.744000000879,3824.34,8223.72,0.3540000000000001,-0.000899281,1553.634,0.4379496402877698
1440.06,411.8571428563446,3.879,3.578,2576.3430000003427,3428.34,8588.19,0.3010000000000001,-0.000899281,1444.8599999999765,0.4334532374100719
1462.06,376.11428571492434,3.856,3.612,2570.375,3428.38,8228.84,0.2439999999999997,-0.000899281,1468.9559999999767,0.4334532374100719
1404.0,388.80000000074506,3.915,3.59,2522.25,3320.25,8000.25,0.3250000000000002,-0.000899281,1406.4059999999768,0.4334532374100719
1474.03,421.5,3.891,3.568,2678.343999998644,3536.34,8385.72,0.3229999999999999,-0.000899281,1479.1259999999768,0.4334532374100719
1520.59,406.1999999992549,3.857,3.586,2780.3130000010133,3644.31,8380.28,0.2710000000000003,-0.000899281,1526.062,0.4334532374100719
1448.38,377.0999999996274,3.852,3.61,2522.375,3392.38,8251.38,0.242,-0.000899281,1454.7619999999763,0.4334532374100719
1536.0,453.4285714291036,3.908,3.56,2918.4680000003427,3752.47,8216.47,0.3479999999999998,-0.000899281,1543.1999999999766,0.4307553956834532
1392.0,387.0,3.914,3.591,2512.9464285708964,3320.38,7928.38,0.3229999999999999,-0.000899281,1401.6059999999766,0.4325539568345323
1282.41,359.3333333339542,3.885,3.632,2144.375,2924.38,7699.38,0.2529999999999996,-0.000899281,1286.649999999977,0.4361510791366907
1536.0,453.0,3.908,3.561,2906.4059999994934,3752.41,8216.41,0.347,-0.000899281,1540.7999999999768,0.4298561151079136
1451.69,417.4285714291036,3.881,3.582,2642.375,3464.41,8751.03,0.2989999999999999,-0.000899281,1453.0379999999884,0.4280575539568345
1518.41,405.4285714291036,3.858,3.586,2773.1120000015944,3644.31,8355.72,0.2720000000000002,-0.000899281,1523.512,0.4325539568345323
1564.19,461.0,3.911,3.557,2972.3120000008494,3824.31,8162.56,0.3540000000000001,-0.000899281,1560.8960000000002,0.4370503597122302
1527.53,448.11428571492434,3.907,3.561,2858.25,3716.25,8174.62,0.3460000000000001,-0.000899281,1531.024,0.4325539568345323
1471.81,421.3714285716415,3.891,3.569,2672.343999998644,3500.34,8412.22,0.322,-0.000899281,1476.6999999999766,0.4325539568345323
1393.94,384.5999999996274,3.9,3.592,2480.2819999996573,3284.28,8123.41,0.3079999999999998,-0.000899281,1398.3159999999766,0.4379496402877698
1536.0,447.0,3.894,3.563,2870.3120000008494,3716.31,8432.31,0.3309999999999999,-0.000899281,1536.0,0.4559352517985611
1438.09,410.6999999992549,3.879,3.578,2569.4868571422994,3392.34,8577.31,0.3010000000000001,-0.000899281,1442.5219999999767,0.4325539568345323
1534.19,443.5714285708964,3.901,3.563,2870.4069999996573,3716.41,8085.88,0.3379999999999996,-0.000899281,1538.132,0.4325539568345323
1459.38,375.4285714291036,3.856,3.612,2557.175000000745,3428.38,8208.41,0.2439999999999997,-0.000899281,1465.6999999999766,0.4325539568345323
1446.47,378.1714285705239,3.852,3.612,2513.912000000477,3392.31,8245.38,0.2399999999999997,-0.000899281,1451.937999999977,0.4325539568345323
1440.0,416.1428571436554,3.881,3.583,2636.4059999994934,3464.41,8774.0,0.2979999999999996,-0.000899281,1450.6379999999886,0.427158273
1392.0,386.0999999996274,3.913,3.591,2498.406000001356,3320.41,7928.41,0.3219999999999996,-0.000899281,1399.2059999999767,0.4316546762589928
1436.66,410.5714285708964,3.878,3.578,2564.3430000003427,3392.34,8598.12,0.3000000000000002,-0.000899281,1440.3859999999763,0.4316546762589928
1535.31,447.0,3.894,3.563,2864.25,3716.25,8432.25,0.3309999999999999,-0.000899281,1535.862,0.4550359712230215
1441.94,376.1999999992549,3.852,3.61,2510.344000000506,3356.34,8230.41,0.242,-0.000899281,1448.6139999999766,0.4316546762589928
1516.22,405.9428571444005,3.857,3.587,2765.9749999996275,3644.38,8342.91,0.27,-0.000899281,1521.0,0.4316546762589928
1280.53,358.80000000074506,3.885,3.632,2132.344000000506,2924.34,7714.38,0.2529999999999996,-0.000899281,1284.6559999999768,0.4352517985611511
1455.75,374.7428571432829,3.855,3.612,2546.375,3428.38,8177.72,0.2429999999999998,-0.000899281,1462.2499999999768,0.4316546762589928
1536.0,450.8881428577006,3.908,3.561,2900.3430000003427,3752.34,8216.34,0.347,-0.000899281,1538.399999999977,0.4289568345323741
1392.09,384.3552571441978,3.899,3.592,2474.375,3284.38,8127.47,0.3069999999999999,-0.000899281,1396.101999999977,0.4370503597122302
1464.0,420.6857142858207,3.891,3.568,2666.4680000003427,3500.47,8423.84,0.3229999999999999,-0.000899281,1473.1619999999766,0.4316546762589928
1525.47,446.0,3.907,3.562,2852.3430000003427,3716.34,8126.19,0.3450000000000002,-0.000899281,1529.2,0.4316546762589928
1532.59,444.6857142858207,3.901,3.562,2864.3430000003427,3716.34,8094.16,0.3389999999999999,-0.000899281,1536.312,0.4316546762589928
1561.19,461.5714285708964,3.912,3.558,2966.344000000506,3824.34,8170.94,0.3540000000000001,-0.000899281,1564.202,0.4361510791366906
1532.0,442.2857142854482,3.9,3.562,2858.2809999994934,3716.28,8120.56,0.3380000000000001,-0.000899281,1534.668,0.4307553956834532
1392.0,385.1999999992549,3.913,3.592,2492.3430000003427,3320.34,7964.34,0.3209999999999997,-0.000899281,1396.7999999999768,0.4307553956834532
1524.0,445.7142857145518,3.893,3.564,2858.343999998644,3716.34,8432.34,0.3289999999999997,-0.000899281,1533.462,0.4541366906474821
1515.16,404.1428571436554,3.857,3.587,2756.343999998644,3608.34,8369.22,0.27,-0.000899281,1518.8,0.4307553956834532
1279.22,358.6666666660458,3.885,3.632,2127.201142856851,2924.34,7737.44,0.2529999999999996,-0.000899281,1282.8119999999767,0.4343525179856115
1454.75,373.1999999992549,3.855,3.613,2535.574999999255,3392.38,8175.53,0.242,-0.000899281,1459.5119999999768,0.4307553956834532
1524.0,449.5999999996274,3.907,3.563,2888.375,3752.38,8252.38,0.3439999999999998,-0.000899281,1533.5999999999767,0.4280575539568345
1390.09,385.1999999992549,3.899,3.593,2468.344000000506,3284.34,8110.0,0.306,-0.000899281,1393.8759999999768,0.4361510791366907
1468.22,420.0,3.89,3.571,2660.406000001356,3500.41,8435.78,0.3189999999999999,-0.000899281,1470.9439999999768,0.4307553956834532
1440.0,417.2571428567171,3.88,3.583,2630.313,3464.31,8720.31,0.2969999999999997,-0.000899281,1448.2379999999885,0.4262589928057553
1524.56,447.4285714291036,3.906,3.561,2845.143999999389,3680.34,8163.59,0.3450000000000002,-0.000899281,1527.53,0.4307553956834532
1439.44,375.08571428619325,3.852,3.613,2498.344000000506,3356.34,8215.19,0.2389999999999998,-0.000899281,1445.6639999999766,0.4307553956834532
1435.16,409.80000000074506,3.878,3.578,2558.2180000003427,3392.22,8595.5,0.3000000000000002,-0.000899281,1438.4999999999768,0.4307553956834532
1558.16,460.0,3.911,3.558,2960.344000000506,3824.34,8188.59,0.3530000000000002,-0.000899281,1563.5220000000002,0.4352517985611511
1452.84,374.6999999992549,3.854,3.612,2534.344000000506,3392.34,8211.97,0.242,-0.000899281,1456.955999999977,0.4298561151079136
1388.78,385.1999999992549,3.899,3.592,2462.375,3284.38,8129.62,0.3069999999999999,-0.000899281,1392.0559999999766,0.4352517985611511
1513.62,404.4000000003725,3.856,3.587,2751.5439999997616,3608.34,8372.97,0.2689999999999997,-0.000899281,1516.8,0.4298561151079136
1277.44,359.0,3.884,3.632,2126.344000000506,2888.34,7732.88,0.2519999999999998,-0.000899281,1281.0819999999767,0.4334532374100719
1524.0,449.5714285708964,3.907,3.562,2882.375,3716.38,8180.38,0.3450000000000002,-0.000899281,1531.1999999999766,0.427158273
1433.19,411.08571428619325,3.878,3.578,2552.3430000003427,3392.34,8584.38,0.3000000000000002,-0.000899281,1436.6319999999766,0.4298561151079136
1500.0,436.45714285597205,3.886,3.565,2837.9749999996275,3680.38,8396.38,0.3210000000000002,-0.000899281,1526.2620000000002,0.4532374100719424
1531.09,444.0,3.9,3.562,2858.349166667089,3716.34,8128.62,0.3380000000000001,-0.000899281,1533.2240000000002,0.4298561151079136
1444.53,416.5714285708964,3.88,3.583,2630.343999998644,3464.34,8758.66,0.2969999999999997,-0.000899281,1445.9559999999883,0.4253597122302158
1523.66,445.0285714287311,3.907,3.562,2834.343999998644,3680.34,8146.16,0.3450000000000002,-0.000899281,1526.062,0.4298561151079136
1380.0,384.30000000074506,3.913,3.593,2480.375,3284.38,7964.38,0.3199999999999998,-0.000899281,1391.9999999999768,0.4298561151079136
1466.34,420.0,3.89,3.57,2654.4059999994934,3500.41,8427.44,0.3200000000000003,-0.000899281,1468.8799999999767,0.4298561151079136
1555.38,459.0,3.911,3.558,2948.375,3824.38,8142.44,0.3530000000000002,-0.000899281,1561.16,0.4343525179856115
1438.53,375.08571428619325,3.852,3.612,2492.3430000003427,3356.34,8248.44,0.2399999999999997,-0.000899281,1442.9519999999768,0.4298561151079136
1529.78,441.0,3.9,3.562,2852.344000000506,3716.34,8106.09,0.3380000000000001,-0.000899281,1531.93,0.428956834532374
1274.0,357.3333333339542,3.884,3.633,2120.188,2888.19,7723.97,0.2509999999999999,-0.000899281,1278.7199999999768,0.4325539568345323
1511.81,402.8571428563446,3.856,3.587,2744.4370000008494,3608.44,8359.66,0.2689999999999997,-0.000899281,1515.044,0.428956834532374
1438.28,374.4000000003725,3.851,3.611,2486.188,3356.19,8235.59,0.2399999999999997,-0.000899281,1440.9319999999766,0.4289568345323741
1387.62,382.80000000074506,3.899,3.592,2456.343999998644,3284.34,8145.16,0.3069999999999999,-0.000899281,1390.5039999999767,0.4343525179856115
1452.12,372.30000000074506,3.854,3.613,2528.313,3392.31,8190.97,0.2410000000000001,-0.000899281,1454.9679999999769,0.428956834532374
1380.0,382.9714285712689,3.912,3.592,2474.343999998644,3284.34,7928.34,0.3199999999999998,-0.000899281,1387.1999999999766,0.428956834532374
1431.59,409.2857142854482,3.878,3.579,2546.3430000003427,3392.34,8612.81,0.2989999999999999,-0.000899281,1434.937999999977,0.428956834532374
1524.0,448.2857142854482,3.907,3.562,2876.3430000003427,3716.34,8216.34,0.3450000000000002,-0.000899281,1528.7999999999768,0.4262589928057554
1464.5,419.0999999996274,3.89,3.57,2648.3430000003427,3500.34,8395.75,0.3200000000000003,-0.000899281,1466.9739999999767,0.428956834532374
1552.56,457.7142857145518,3.911,3.559,2938.869000000879,3788.47,8156.38,0.3519999999999998,-0.000899281,1558.2959999999998,0.4334532374100719
1441.66,415.2857142854482,3.879,3.584,2624.344000000506,3464.34,8743.72,0.2949999999999999,-0.000899281,1443.5759999999884,0.4244604316546763
1522.78,445.0541714280844,3.907,3.563,2834.375,3680.38,8166.0,0.3439999999999998,-0.000899281,1524.8,0.4289568345323741
1462.84,416.9142857138068,3.889,3.569,2642.3386666681617,3464.31,8412.31,0.3199999999999998,-0.000899281,1465.1799999999766,0.4280575539568345
1521.62,444.4285714291036,3.907,3.562,2828.344000000506,3680.34,8157.06,0.3450000000000002,-0.000899281,1523.618,0.4280575539568345
1512.0,439.7142857145518,3.887,3.909,1981.0880000013856,2888.29,8072.29,-0.022,-0.001798561,1521.462,0.4521582733812949
1270.78,356.09999999962747,3.884,3.633,2114.313,2888.31,7721.75,0.2509999999999999,-0.000899281,1276.3939999999768,0.4316546762589928
1528.34,442.7142857145518,3.899,3.562,2852.375,3716.38,8126.38,0.3370000000000002,-0.000899281,1530.7599999999998,0.4280575539568345
1440.69,414.0,3.878,3.585,2615.740571429953,3428.31,8776.62,0.2930000000000001,-0.000899281,1441.3759999999884,0.4235611510791367
1450.56,373.80000000074506,3.854,3.613,2528.344000000506,3392.34,8201.62,0.2410000000000001,-0.000899281,1453.2039999999763,0.4280575539568345
1524.03,448.2857142854482,3.907,3.563,2866.744000000879,3716.34,8180.34,0.3439999999999998,-0.000899281,1526.4059999999768,0.4253597122302158
1549.56,454.7142857145518,3.911,3.559,2930.375,3788.38,8136.09,0.3519999999999998,-0.000899281,1555.37,0.4325539568345323
1428.0,408.0,3.878,3.579,2540.3120000008494,3392.31,8557.78,0.2989999999999999,-0.000899281,1432.9199999999769,0.4280575539568345
1510.44,404.5714285708964,3.857,3.587,2744.1869999989867,3608.19,8373.12,0.27,-0.000899281,1513.45,0.4280575539568345
1386.03,383.6571428570896,3.899,3.593,2456.3120000008494,3248.31,8125.12,0.306,-0.000899281,1388.9219999999768,0.4334532374100719
1380.0,383.4000000003725,3.912,3.595,2466.535714285448,3284.25,7928.25,0.3169999999999997,-0.000899281,1384.7999999999768,0.4280575539568345
1435.69,374.4000000003725,3.852,3.611,2486.3483333345503,3356.34,8241.38,0.2409999999999996,-0.000899281,1438.7759999999766,0.4280575539568345
1269.59,356.0,3.883,3.634,2106.5977142862976,2888.31,7734.88,0.2490000000000001,-0.000899281,1274.2059999999767,0.4307553956834532
1524.0,440.1428571436554,3.892,3.569,2804.351999999956,3644.35,8540.35,0.3229999999999999,-0.000899281,1519.062,0.4510791366906474
1440.88,412.80000000074506,3.878,3.584,2612.3430000003427,3428.34,8746.5,0.294,-0.000899281,1441.5519999999883,0.4226618705035971
1380.0,382.5,3.911,3.595,2461.454857144505,3284.31,7928.31,0.3159999999999998,-0.000899281,1382.399999999977,0.427158273
1524.0,447.0,3.907,3.564,2858.343999998644,3716.34,8180.34,0.3429999999999999,-0.000899281,1524.005999999977,0.4244604316546763
1426.72,408.0,3.878,3.58,2533.3618571422994,3356.22,8614.12,0.298,-0.000899281,1430.9319999999766,0.427158273
1450.66,373.80000000074506,3.853,3.614,2521.0810000002384,3392.28,8198.59,0.2390000000000003,-0.000899281,1452.1859999999765,0.427158273
1525.97,440.0,3.899,3.563,2846.3430000003427,3716.34,8036.34,0.3359999999999998,-0.000899281,1529.436,0.427158273
1507.16,403.2857142854482,3.856,3.588,2732.375,3608.38,8309.59,0.2679999999999998,-0.000899281,1511.638,0.427158273
1434.38,372.9000000003725,3.852,3.611,2477.819000000134,3320.22,8270.28,0.2409999999999996,-0.000899281,1437.263999999977,0.427158273
1460.03,416.2285714298487,3.889,3.57,2636.2809999994934,3464.28,8386.12,0.3189999999999999,-0.000899281,1464.3859999999763,0.427158273
1383.09,381.9000000003725,3.898,3.592,2450.344000000506,3248.34,8157.56,0.306,-0.000899281,1387.1219999999769,0.4325539568345323
1547.47,456.4285714291036,3.91,3.56,2918.4059999994934,3788.41,8161.53,0.3500000000000001,-0.000899281,1552.6259999999995,0.4316546762589928
1520.25,444.4285714291036,3.907,3.562,2822.3120000008494,3680.31,8165.66,0.3450000000000002,-0.000899281,1522.574,0.427158273
1518.78,443.1428571436554,3.906,3.563,2822.313,3680.31,8165.5,0.3429999999999999,-0.000899281,1521.418,0.4262589928057554
1505.91,401.6999999992549,3.856,3.588,2726.219000000506,3572.22,8373.31,0.2679999999999998,-0.000899281,1509.788,0.4262589928057553
1423.56,406.7142857145518,3.877,3.58,2524.5620000008494,3358.56,8564.22,0.2969999999999997,-0.000899281,1428.611999999977,0.4262589928057553
1454.72,373.1999999992549,3.855,3.614,2521.112999999896,3392.31,8203.66,0.2410000000000001,-0.000899281,1452.1799999999766,0.4262589928057553
1523.69,438.4285714291036,3.899,3.562,2840.375,3680.38,8098.41,0.3370000000000002,-0.000899281,1527.774,0.4262589928057553
1512.0,445.7142857145518,3.906,3.563,2852.344000000506,3716.31,8180.31,0.3429999999999999,-0.000899281,1521.6059999999768,0.4235611510791367
1524.0,441.4285714291036,3.893,3.567,2822.2579999994487,3680.26,8468.26,0.3259999999999996,-0.000899281,1516.8,0.45
1267.16,355.3333333339542,3.883,3.633,2101.5498571433127,2888.41,7725.31,0.25,-0.000899281,1271.793999999977,0.4298561151079136
1380.0,380.5,3.912,3.595,2450.343999998644,3248.34,7892.34,0.3169999999999997,-0.000899281,1380.0,0.4262589928057553
1545.34,453.40642857179046,3.91,3.56,2912.4680000003427,3788.47,8151.09,0.3500000000000001,-0.000899281,1550.062,0.4307553956834532
1382.97,382.9714285712689,3.899,3.593,2438.2819999996573,3248.28,8108.28,0.306,-0.000899281,1385.697999999977,0.4316546762589928
1458.16,416.1428571436554,3.888,3.57,2630.313,3464.31,8400.06,0.318,-0.000899281,1462.3739999999766,0.4262589928057553
1435.16,373.80000000074506,3.853,3.612,2474.3430000003427,3320.34,8251.16,0.2410000000000001,-0.000899281,1436.4079999999767,0.4262589928057554
1440.25,414.0,3.878,3.583,2606.344000000506,3428.34,8791.5,0.2949999999999999,-0.000899281,1441.6019999999885,0.4217625899280575
32.97,37.5,3.131,3.601,91.08636361546814,8.0,8.41,-0.47,-0.000899281,1022.8999999999768,0.4289568345323741
1456.34,414.8571428563446,3.888,3.57,2624.344000000506,3464.34,8398.66,0.318,-0.000899281,1460.3739999999766,0.4253597122302158
1439.69,414.0,3.879,3.585,2600.313,3428.31,8792.31,0.294,-0.000899281,1440.6339999999884,0.4208633093525179
1422.22,406.1999999992549,3.877,3.581,2516.344000000506,3356.34,8573.38,0.2959999999999998,-0.000899281,1426.4179999999767,0.4253597122302158
1454.25,375.5999999996274,3.855,3.612,2534.375,3392.38,8267.53,0.2429999999999998,-0.000899281,1452.4619999999766,0.4253597122302158
1503.72,400.80000000074506,3.855,3.588,2720.375,3572.38,8363.66,0.2669999999999999,-0.000899281,1507.808,0.4253597122302158
1512.0,445.0285714287311,3.906,3.563,2840.343999998644,3680.34,8180.34,0.3429999999999999,-0.000899281,1519.205999999977,0.4226618705035971
1512.0,438.4285714291036,3.893,3.567,2823.552999999374,3680.35,8432.35,0.3259999999999996,-0.000899281,1514.4,0.4489208633093525
1517.06,443.6571428570896,3.906,3.563,2816.4059999994934,3680.41,8178.72,0.3429999999999999,-0.000899281,1520.098,0.4253597122302158
1543.88,454.0,3.91,3.56,2906.2180000003427,3752.22,8158.66,0.3500000000000001,-0.000899281,1547.762,0.4298561151079136
1521.78,439.5428571,3.899,3.563,2834.344000000506,3680.34,8110.53,0.3359999999999998,-0.000899281,1525.912,0.4253597122302158
1380.0,381.9000000003725,3.913,3.594,2444.25,3248.25,7928.25,0.3189999999999999,-0.000899281,1380.0,0.4253597122302158
1433.19,372.9000000003725,3.853,3.611,2474.344000000506,3320.34,8221.69,0.242,-0.000899281,1435.339999999977,0.4253597122302158
1383.5,381.9000000003725,3.899,3.593,2438.2819999996573,3248.28,8101.88,0.306,-0.000899281,1384.6419999999766,0.4307553956834532
1501.53,400.5240000002086,3.855,3.588,2708.25,3572.25,8327.53,0.2669999999999999,-0.000899281,1505.752,0.4244604316546763
1382.31,381.0,3.898,3.593,2438.375,3248.38,8109.5,0.3050000000000001,-0.000899281,1383.5799999999767,0.4298561151079136
1265.5,354.30000000074506,3.883,3.634,2198.375,2996.38,7851.5,0.2490000000000001,-0.000899281,1021.1999999999769,0.4280575539568345
1450.59,372.30000000074506,3.855,3.612,2528.375,3392.38,8244.72,0.2429999999999998,-0.000899281,1452.1559999999768,0.4244604316546763
1515.78,441.8571428563446,3.906,3.563,2810.218999998644,3644.22,8204.19,0.3429999999999999,-0.000899281,1518.698,0.4244604316546763
1519.22,438.8571428563446,3.898,3.563,2828.219000000506,3680.22,8084.41,0.3349999999999999,-0.000899281,1523.8,0.4244604316546763
1542.94,454.0,3.91,3.561,2895.4189999997616,3752.22,8175.72,0.3490000000000002,-0.000899281,1545.8380000000002,0.428956834532374
1437.22,412.80000000074506,3.879,3.583,2600.343999998644,3428.34,8798.5,0.2959999999999998,-0.000899281,1439.7459999999885,0.4199640287769784
1512.0,439.5428571,3.892,3.567,2816.3509999979287,3680.35,8468.32,0.3249999999999997,-0.000899281,1516.8,0.4478417266187049
1420.5,405.4285714291036,3.876,3.581,2510.344000000506,3356.34,8569.97,0.2949999999999999,-0.000899281,1424.1999999999766,0.4244604316546763
1512.0,444.4197142850608,3.906,3.564,2834.3120000008494,3680.31,8180.31,0.3420000000000001,-0.000899281,1516.8059999999768,0.4217625899280575
1430.41,372.0,3.852,3.612,2468.313,3320.31,8260.66,0.2399999999999997,-0.000899281,1433.7659999999769,0.4244604316546763
1380.0,382.5,3.912,3.593,2456.3120000008494,3284.31,7928.31,0.3189999999999999,-0.000899281,1380.0,0.4244604316546763
1454.19,416.5942857135087,3.887,3.571,2618.3430000003427,3464.34,8374.25,0.3159999999999998,-0.000899281,1458.3119999999767,0.4244604316546763
1514.34,441.8571428563446,3.905,3.562,2804.2180000003427,3644.22,8195.62,0.3429999999999999,-0.000899281,1517.242,0.4235611510791367
1380.81,379.88571428507566,3.898,3.593,2438.343999998644,3248.34,8130.31,0.3050000000000001,-0.000899281,1382.5359999999766,0.4289568345323741
1453.06,414.1714285705239,3.887,3.572,2612.375,3464.38,8394.84,0.3149999999999999,-0.000899281,1456.3559999999766,0.4235611510791367
1262.31,354.5,3.881,3.635,2090.343999998644,2852.34,7672.72,0.246,-0.000899281,1019.5059999999768,0.427158273
1368.0,381.5999999996274,3.912,3.592,2451.2011428549886,3248.34,7928.34,0.3199999999999998,-0.000899281,1377.5999999999767,0.4235611510791367
1512.0,440.0,3.892,3.57,2810.351000001654,3644.35,8468.35,0.322,-0.000899281,1516.8,0.4469424460431654
1512.0,444.3428571429104,3.906,3.564,2828.219000000506,3680.22,8216.22,0.3420000000000001,-0.000899281,1514.399999999977,0.4208633093525179
1419.5,405.30000000074506,3.876,3.581,2504.313,3320.31,8608.66,0.2949999999999999,-0.000899281,1422.4999999999768,0.4235611510791367
1432.78,411.9000000003725,3.879,3.585,2588.375,3428.38,8832.38,0.294,-0.000899281,1438.1639999999884,0.4190647482014388
1425.88,372.0,3.85,3.612,2462.25,3320.25,8229.38,0.238,-0.000899281,1431.803999999977,0.4235611510791367
1516.84,436.45714285597205,3.898,3.564,2816.343999998644,3680.34,8041.19,0.3340000000000001,-0.000899281,1521.5,0.4235611510791367
1441.22,370.0,3.853,3.612,2521.143999999389,3392.34,8185.38,0.2410000000000001,-0.000899281,1450.2879999999768,0.4235611510791367
1540.66,452.1428571436554,3.91,3.561,2888.219000000506,3752.22,8134.34,0.3490000000000002,-0.000899281,1544.058,0.4280575539568345
1500.56,400.11428571492434,3.854,3.589,2708.4059999994934,3572.38,8368.81,0.2650000000000001,-0.000899281,1503.776,0.4235611510791367
1377.16,380.6999999992549,3.897,3.593,2432.344000000506,3248.34,8146.75,0.3039999999999998,-0.000899281,1381.3499999999767,0.4280575539568345
1515.47,437.5714285708964,3.898,3.565,2816.375,3680.38,8045.16,0.3330000000000002,-0.000899281,1519.4,0.4226618705035971
1259.53,354.0,3.881,3.634,2080.8534285705537,2852.28,7644.47,0.2469999999999999,-0.000899281,1017.4939999999768,0.4262589928057554
1513.62,441.2571428567171,3.905,3.562,2804.344000000506,3644.34,8210.38,0.3429999999999999,-0.000899281,1515.916,0.4226618705035971
1512.0,439.2857142854482,3.89,3.568,2804.3313333336264,3644.35,8396.35,0.322,-0.000899281,1514.4,0.4460431654676259
1417.5,403.5428571,3.876,3.582,2504.344000000506,3320.34,8574.25,0.294,-0.000899281,1420.6559999999768,0.4226618705035971
1438.97,369.5999999996274,3.854,3.615,2498.2809999994934,3356.28,8173.19,0.2389999999999998,-0.000899281,1447.9499999999766,0.4226618705035971
1539.12,453.2571428567171,3.91,3.561,2882.375,3752.38,8146.0,0.3490000000000002,-0.000899281,1542.388,0.427158273
1499.0,399.0,3.854,3.589,2701.144000001252,3572.34,8356.78,0.2650000000000001,-0.000899281,1502.144,0.4226618705035971
1417.56,408.0,3.873,3.585,2570.375,3392.38,8828.38,0.2880000000000002,-0.000899281,1433.4999999999884,0.4181654676258993
1512.0,443.1428571436554,3.905,3.565,2822.25,3680.25,8216.25,0.3399999999999998,-0.000899281,1512.0,0.4199640287769784
1421.38,370.9714285712689,3.849,3.613,2448.9870000015944,3284.19,8189.16,0.2360000000000002,-0.000899281,1429.2039999999768,0.4226618705035971
1368.0,380.0,3.912,3.594,2440.884428570047,3248.31,7928.31,0.318,-0.000899281,1375.1999999999766,0.4226618705035971
1451.47,413.4857142847032,3.887,3.572,2606.3120000008494,3428.31,8375.72,0.3149999999999999,-0.000899281,1454.6439999999768,0.4226618705035971
1368.0,379.1999999992549,3.912,3.596,2420.375,3212.38,7964.38,0.3159999999999998,-0.000899281,1372.7999999999768,0.4217625899280575
1512.0,442.80000000074506,3.905,3.565,2816.3430000003427,3680.34,8144.34,0.3399999999999998,-0.000899281,1512.0,0.4190647482014388
1416.09,369.0,3.848,3.613,2438.375,3284.38,8209.66,0.2349999999999998,-0.000899281,1425.389999999977,0.4217625899280575
1373.44,379.5428571,3.895,3.595,2420.343999998644,3212.34,8099.88,0.2999999999999998,-0.000899281,1379.4439999999768,0.427158273
1449.69,412.5,3.886,3.572,2600.344000000506,3428.34,8381.44,0.314,-0.000899281,1452.9499999999766,0.4217625899280575
1400.09,400.7142857145518,3.867,3.589,2516.3120000008494,3320.31,8804.06,0.278,-0.000899281,1425.4679999999885,0.4172661870503596
1437.12,369.5,3.853,3.615,2492.1870000008494,3356.19,8196.34,0.238,-0.000899281,1444.4299999999766,0.4217625899280575
1537.06,452.5714285708964,3.909,3.561,2876.344000000506,3752.34,8139.88,0.3479999999999998,-0.000899281,1540.732,0.4262589928057553
1496.84,399.4285714291036,3.854,3.589,2693.9749999996275,3536.38,8377.06,0.2650000000000001,-0.000899281,1500.33,0.4217625899280575
1512.06,440.5714285708964,3.905,3.564,2798.313,3644.31,8186.16,0.3409999999999997,-0.000899281,1514.572,0.4217625899280575
1412.38,402.1714285705239,3.875,3.581,2497.5178571436554,3320.38,8573.69,0.294,-0.000899281,1418.4199999999769,0.4217625899280575
1262.53,353.40000000037253,3.883,3.635,2072.25,2852.25,7658.69,0.2480000000000002,-0.000899281,1016.5679999999768,0.4253597122302158
1514.41,437.5714285708964,3.897,3.564,2809.111999999732,3644.31,8062.88,0.3329999999999997,-0.000899281,1517.544,0.4217625899280575
1512.0,438.8571428563446,3.892,3.569,2798.351999999956,3644.35,8432.35,0.3229999999999999,-0.000899281,1512.0,0.4451438848920863
1513.31,436.0,3.897,3.565,2804.375,3644.41,8061.53,0.3319999999999998,-0.000899281,1515.85,0.4208633093525179
1395.97,399.08571428619325,3.867,3.583,2474.219000000506,3320.22,8528.91,0.2839999999999998,-0.000899281,1413.1699999999769,0.4208633093525179
1534.94,451.2857142854482,3.909,3.561,2870.375,3716.38,8144.38,0.3479999999999998,-0.000899281,1538.944,0.4253597122302158
1432.41,369.30000000074506,3.852,3.616,2474.219000000506,3356.22,8155.22,0.2359999999999997,-0.000899281,1440.0619999999767,0.4208633093525179
1512.0,438.8571428563446,3.892,3.568,2804.4529999997467,3644.45,8396.45,0.3239999999999998,-0.000899281,1512.0,0.4442446043165468
1260.28,353.3333333339542,3.882,3.635,2078.344000000506,2852.34,7625.84,0.2470000000000003,-0.000899281,1262.0299999999766,0.4244604316546763
1481.28,396.0,3.85,3.589,2684.3430000003427,3536.34,8324.34,0.2610000000000001,-0.000899281,1495.842,0.4208633093525179
1511.03,440.5714285708964,3.905,3.562,2798.406000001356,3644.41,8175.09,0.3429999999999999,-0.000899281,1513.366,0.4208633093525179
1367.97,379.5,3.912,3.595,2414.25,3212.25,7892.25,0.3169999999999997,-0.000899281,1370.3939999999768,0.4208633093525179
1390.25,400.80000000074506,3.862,3.593,2462.2809999994934,3284.28,8731.44,0.2690000000000001,-0.000899281,1415.5799999999883,0.4163669064748202
1444.56,409.7142857145518,3.885,3.572,2594.219000000506,3428.22,8383.22,0.3129999999999997,-0.000899281,1450.5939999999769,0.4208633093525179
1363.06,375.7714285701513,3.894,3.595,2414.25,3212.25,8097.97,0.2989999999999999,-0.000899281,1375.3559999999766,0.4262589928057554
1410.56,368.0999999996274,3.848,3.615,2413.019000001252,3284.22,8169.59,0.2329999999999996,-0.000899281,1420.8639999999766,0.4208633093525179
1500.0,441.8571428563446,3.905,3.567,2809.018999999389,3644.22,8180.22,0.3379999999999996,-0.000899281,1509.5999999999767,0.4181654676258993
1512.0,437.5714285708964,3.892,3.567,2804.1870000008494,3644.19,8396.19,0.3249999999999997,-0.000899281,1512.0,0.4433453237410072
1391.31,399.7714285701513,3.864,3.595,2432.25,3248.25,8684.25,0.2689999999999997,-0.000899281,1406.3979999999883,0.4154676258992806
1255.38,351.3333333339542,3.882,3.634,2072.343999998644,2852.34,7634.81,0.2480000000000002,-0.000899281,1260.005999999977,0.4235611510791367
1533.31,450.0,3.908,3.563,2864.375,3716.38,8153.69,0.3449999999999997,-0.000899281,1537.018,0.4244604316546763
1377.0,414.0315,3.855,3.771,2215.8120000008494,3136.0,9200.56,0.084,-0.000899281,1395.2419999999884,0.414568345323741
1437.06,409.5,3.875,3.995,606.82,1376.32,6279.01,-0.12,-0.001798561,1447.1679999999767,0.4197841726618705
1356.0,377.4000000003725,3.903,4.222,-35.71199999,116.26,4400.26,-0.319,-0.001798561,1365.5939999999769,0.4197841726618705
6179.78,440.1428571436554,4.074,4.191,-20.33600001,224.38,4652.38,-0.117,-0.001798561,2443.1559999999763,0.4170863309352518
1512.0,436.2857142854482,3.892,3.568,2801.9209999982268,3644.32,8396.32,0.3239999999999998,-0.000899281,1512.0,0.4424460431654676
1531.62,450.0,3.908,3.563,2858.25,3716.25,8144.56,0.3449999999999997,-0.000899281,1535.2099999999998,0.4235611510791367
1494.05,429.8571428563446,3.886,4.05,255.24114285595715,1016.38,5613.66,-0.164,-0.001798561,1510.816,0.4197841726618705
1257.78,362.40599999949336,3.881,3.796,1862.375,2723.03,8071.38,0.085,-0.000899281,1259.0999999999767,0.4226618705035971
1481.18,397.5,3.847,3.598,2593.1840000003576,3428.38,8209.54,0.2490000000000001,-0.002697842,1491.7720000000002,0.4196043165467625
1250.62,351.90000000037253,3.875,3.909,1856.3543333318084,2708.34,8005.0,-0.034,-0.000899281,1257.3179999999768,0.4217625899280575
1495.14,436.7142857145518,3.896,3.573,2714.1919999998063,3536.19,8010.27,0.3229999999999999,-0.002697842,1509.2379999999998,0.4196043165467625
1464.32,381.9000000003725,3.848,3.612,2594.320000000298,3464.32,8024.58,0.2359999999999997,-0.002697842,1442.8079999999768,0.4196043165467625
1356.0,376.2192000001669,3.908,3.598,2372.352000001818,3176.35,7964.35,0.31,-0.000899281,1363.1939999999768,0.418705036
1407.81,367.80000000074506,3.845,3.619,2372.3519999980927,3212.35,8078.82,0.2259999999999999,-0.002697842,1416.3439999999769,0.4196043165467625
1384.62,400.80000000074506,3.854,3.903,2180.375,3068.38,9145.12,-0.049,-0.000899281,1388.6539999999882,0.4136690647482014
1355.07,374.0,3.892,3.601,2330.351999999956,3140.35,7921.41,0.2909999999999999,-0.002697842,1369.9079999999765,0.425
1500.03,437.1428571436554,3.899,3.571,2750.321,3608.32,8180.32,0.3279999999999998,-0.000899281,2440.7619999999765,0.4160071942446043
1441.57,410.1428571436554,3.881,3.576,2558.321000000462,3392.32,8346.27,0.3049999999999997,-0.000899281,1444.8699999999767,0.418705036
1529.44,449.0,3.907,3.563,2852.343999998644,3716.34,8095.56,0.3439999999999998,-0.000899281,1533.274,0.4226618705035971
1429.89,411.0,3.874,3.581,2552.351999999956,3356.35,8250.37,0.2930000000000001,-0.002697842,1415.0479999999766,0.4196043165467625
1508.67,436.11428571492434,3.893,3.571,2744.191999997944,3608.19,8146.05,0.3219999999999996,-0.000899281,1509.182,0.418705036
1512.0,436.2857142854482,3.891,3.569,2792.320000000298,3644.32,8432.32,0.322,-0.000899281,1512.0,0.441546762589928
1500.0,438.51428571529686,3.901,3.57,2774.353000001982,3608.35,8216.35,0.3309999999999999,-0.000899281,2438.3619999999764,0.4149280575539568
1405.31,367.0,3.845,3.617,2384.352999998257,3248.35,8093.6,0.2280000000000002,-0.000899281,1412.2299999999766,0.4183453237410072
1356.0,375.30000000074506,3.908,3.598,2378.2230000011623,3176.22,7928.22,0.31,-0.000899281,1360.793999999977,0.4176258992805756
1486.75,395.5714285708964,3.851,3.594,2643.5529999975115,3500.35,8306.78,0.2570000000000001,-0.000899281,1489.01,0.4183453237410072
1382.88,399.08571428619325,3.856,3.598,2415.2321428563446,3212.38,8828.38,0.258,-0.000899281,1385.2119999999884,0.4127697841726618
1509.76,433.7142857145518,3.895,3.568,2792.1939999982715,3644.19,8060.61,0.3269999999999999,-0.000899281,1508.0400000000002,0.4176258992805756
1425.22,408.0,3.875,3.581,2540.383999999613,3356.38,8441.6,0.294,-0.000899281,1416.1919999999768,0.4183453237410072
1500.0,438.0,3.891,3.569,2792.351999999956,3644.35,8396.35,0.322,-0.000899281,1509.6,0.4406474820143884
1499.39,435.8571428563446,3.899,3.568,2750.351999999956,3608.35,8106.72,0.3309999999999999,-0.000899281,1506.248,0.4183453237410072
1528.25,447.4285714291036,3.907,3.563,2846.344000000506,3716.34,8137.16,0.3439999999999998,-0.000899281,1531.512,0.4217625899280575
1459.01,378.5714285708964,3.85,3.614,2578.719999998808,3428.32,8117.12,0.2360000000000002,-0.000899281,1446.3659999999768,0.4183453237410072
1442.62,411.4285714291036,3.883,3.574,2576.2560000009835,3392.26,8359.74,0.3090000000000001,-0.000899281,1443.0999999999767,0.4176258992805756
1353.22,372.0,3.892,3.598,2353.462857143953,3140.32,8009.5,0.294,-0.000899281,1364.389999999977,0.4237410071942446
1234.37,346.0,3.874,3.96,892.8914285693318,1628.32,6666.34,-0.086,-0.001798561,1251.6859999999767,0.4206834532374101
1499.84,437.1428571436554,3.901,3.567,2762.2230000011623,3608.22,8113.6,0.3339999999999996,-0.000899281,1503.492,0.4170863309352517
1455.26,376.1999999992549,3.849,3.613,2564.320000000298,3428.32,8157.7,0.2360000000000002,-0.000899281,1449.6239999999766,0.4170863309352517
1500.0,435.0,3.891,3.569,2786.3280000016093,3644.33,8396.33,0.322,-0.000899281,1507.2,0.4397482014388488
1421.06,406.7142857145518,3.875,3.581,2528.2560000009835,3356.26,8493.25,0.294,-0.000899281,1416.9039999999768,0.4170863309352517
1525.56,446.1428571436554,3.907,3.563,2840.343999998644,3716.34,8118.78,0.3439999999999998,-0.000899281,1529.636,0.4208633093525179
1381.75,397.80000000074506,3.856,3.599,2408.25,3212.25,8795.38,0.2569999999999997,-0.000899281,1383.5119999999883,0.4118705035971223
1507.2,433.7142857145518,3.896,3.566,2798.3829999994487,3644.38,8128.67,0.33,-0.000899281,1506.5980000000002,0.416546762589928
1350.11,373.5,3.892,3.599,2348.3509999997914,3140.35,7993.47,0.2929999999999997,-0.000899281,1358.9799999999766,0.4224820143884892
1441.95,409.0285714287311,3.883,3.574,2576.3829999994487,3392.38,8383.52,0.3090000000000001,-0.000899281,1441.5519999999767,0.416546762589928
1344.0,374.4000000003725,3.908,3.598,2372.354000000283,3176.35,7928.35,0.31,-0.000899281,1355.9939999999767,0.416546762589928
1487.26,395.6571428570896,3.852,3.592,2660.320000000298,3500.32,8358.98,0.2599999999999998,-0.000899281,1486.6619999999998,0.4170863309352517
1402.72,366.9000000003725,3.845,3.617,2384.320000000298,3248.32,8151.74,0.2280000000000002,-0.000899281,1408.4979999999766,0.4170863309352517
1500.0,438.51428571529686,3.902,3.569,2780.478000000119,3608.48,8180.48,0.3330000000000002,-0.000899281,2435.961999999977,0.4138489208633094
1399.46,366.5,3.845,3.617,2377.153999999165,3212.35,8146.34,0.2280000000000002,-0.000899281,1405.1719999999766,0.4158273381294964
1233.92,346.1333333346993,3.877,3.639,1993.4618571437893,2744.32,7646.94,0.238,-0.000899281,1246.4139999999766,0.4196043165467625
1347.75,372.60700000077486,3.892,3.599,2342.353000001982,3140.35,7997.63,0.2929999999999997,-0.000899281,1353.8419999999765,0.4212230215827338
1374.88,395.3142857141793,3.854,3.598,2408.313,3212.31,8756.31,0.2560000000000002,-0.000899281,1380.2259999999883,0.4109712230215827
1503.93,431.3142857141793,3.896,3.567,2787.519999999553,3644.32,8098.4,0.3289999999999997,-0.000899281,1504.7220000000002,0.4154676258992806
1449.92,375.30000000074506,3.85,3.613,2552.353000000119,3428.35,8174.62,0.2370000000000001,-0.000899281,1452.1839999999768,0.4158273381294964
1486.3,394.80000000074506,3.853,3.592,2660.351999999956,3500.35,8381.25,0.2610000000000001,-0.000899281,1484.554,0.4158273381294964
1500.0,438.4285714291036,3.902,3.568,2774.3829999994487,3608.38,8180.38,0.3340000000000001,-0.000899281,2435.961999999977,0.4127697841726618
1439.49,409.5,3.883,3.574,2576.3820000011474,3392.38,8335.52,0.3090000000000001,-0.000899281,1440.5379999999766,0.4154676258992806
1500.0,435.0,3.891,3.569,2780.3590000011027,3644.36,8432.36,0.322,-0.000899281,1504.8,0.4388489208633093
1418.02,405.4285714291036,3.875,3.582,2516.3849999997765,3356.38,8529.85,0.2930000000000001,-0.000899281,1418.0319999999767,0.4158273381294964
1344.0,374.4000000003725,3.907,3.599,2366.321000000462,3176.32,7964.32,0.3079999999999998,-0.000899281,1351.1999999999766,0.4154676258992806
1499.3,437.1428571436554,3.901,3.567,2762.317999998108,3608.32,8154.59,0.3339999999999996,-0.000899281,1500.94,0.4158273381294964
1503.04,431.3142857141793,3.896,3.568,2780.352000001818,3608.35,8059.3,0.3279999999999998,-0.000899281,1506.52,0.414568345323741
1370.19,393.9428571444005,3.853,3.6,2384.25,3176.25,8775.5,0.2530000000000001,-0.000899281,1378.8639999999882,0.4100719424460431
1232.93,345.30000000074506,3.877,3.639,1994.350999999792,2744.35,7660.96,0.238,-0.000899281,1241.9239999999768,0.4185251798561151
1488.0,437.82857142947614,3.902,3.568,2768.320000000298,3608.32,8144.32,0.3340000000000001,-0.000899281,1497.6059999999766,0.4118705035971223
1497.82,435.8571428563446,3.901,3.586,2756.3159999996424,3608.32,8127.64,0.3149999999999999,-0.000899281,1498.298,0.414568345323741
1437.28,408.3428571429104,3.883,3.575,2570.3519999980927,3392.35,8367.59,0.3079999999999998,-0.000899281,1440.5819999999767,0.414568345323741
1484.38,395.6571428570896,3.853,3.592,2657.9519999995828,3500.35,8414.34,0.2610000000000001,-0.000899281,1485.174,0.414568345323741
1345.98,370.1999999992549,3.891,3.6,2332.794428570196,3140.22,8038.24,0.2909999999999999,-0.000899281,1350.4259999999767,0.4199640287769784
1500.0,433.7142857145518,3.891,3.57,2774.313,3608.34,8360.31,0.3210000000000002,-0.000899281,1502.4,0.4379496402877698
1344.0,373.5,3.906,3.598,2363.7485714294016,3176.32,7964.32,0.3080000000000003,-0.000899281,1348.7999999999768,0.414568345323741
1415.78,402.9000000003725,3.874,3.582,2510.320000000298,3320.32,8572.86,0.2920000000000002,-0.000899281,1421.9939999999767,0.414568345323741
1435.01,372.30000000074506,3.846,3.616,2528.320000000298,3392.32,8178.08,0.2299999999999999,-0.000899281,1452.7039999999768,0.414568345323741
1397.02,366.0,3.845,3.619,2369.982999999076,3212.38,8135.3,0.2259999999999999,-0.000899281,1402.4639999999767,0.414568345323741
1501.76,430.7142857145518,3.895,3.568,2774.2259999979287,3608.23,8052.23,0.3269999999999999,-0.000899281,1505.138,0.4136690647482014
1481.51,394.9714285712689,3.852,3.592,2650.752000000328,3500.35,8365.76,0.2599999999999998,-0.000899281,1485.24,0.4136690647482014
1496.83,435.8571428563446,3.9,3.567,2756.3829999994487,3608.38,8164.96,0.3329999999999997,-0.000899281,1498.636,0.4136690647482014
1367.62,393.8571428563446,3.852,3.601,2366.313,3176.31,8753.25,0.2509999999999999,-0.000899281,1375.4639999999883,0.4091726618705036
1488.0,437.1428571436554,3.902,3.569,2762.351999999956,3608.35,8144.35,0.3330000000000002,-0.000899281,1495.1999999999766,0.4109712230215827
1394.43,365.0999999996274,3.844,3.619,2362.911999998614,3212.51,8124.8,0.2249999999999996,-0.000899281,1399.7879999999766,0.4136690647482014
1344.0,373.7142857145518,3.906,3.599,2360.3820000011474,3176.38,7964.38,0.3069999999999999,-0.000899281,1346.399999999977,0.4136690647482014
1413.25,401.1428571436554,3.874,3.583,2498.3519999980927,3320.35,8546.43,0.2909999999999999,-0.000899281,1418.6659999999767,0.4136690647482014
1435.46,407.13885714299977,3.883,3.576,2558.252999998629,3392.25,8347.84,0.3069999999999999,-0.000899281,1439.3599999999767,0.4136690647482014
1500.0,433.7142857145518,3.891,3.57,2773.152800001204,3608.33,8396.36,0.3210000000000002,-0.000899281,1500.0,0.4370503597122302
1232.58,346.0,3.876,3.64,1988.351000001654,2744.35,7619.55,0.2359999999999997,-0.000899281,1236.8839999999768,0.4174460431654676
1429.98,372.0,3.845,3.617,2470.751999998465,3320.35,8220.67,0.2280000000000002,-0.000899281,1445.8359999999768,0.4136690647482014
1503.58,437.0,3.9,3.576,2726.351999999956,3572.35,7927.39,0.3239999999999998,-0.002697842,1523.69,0.4196043165467625
1343.04,369.30000000074506,3.891,3.601,2324.321000000462,3140.32,7985.5,0.29,-0.000899281,1348.0199999999766,0.4190647482014388
1509.15,438.0169999990612,3.904,3.572,2780.352000001818,3608.35,8022.75,0.3319999999999998,-0.000899281,1519.196,0.4183453237410072
1437.34,408.3428571429104,3.884,3.575,2552.25,3392.25,8350.62,0.3089999999999997,-0.000899281,1438.303999999977,0.4127697841726618
1494.53,434.5714285708964,3.899,3.567,2750.3509999997914,3608.35,8136.13,0.3319999999999998,-0.000899281,1497.664,0.4127697841726618
1344.0,373.0,3.906,3.598,2358.605714285746,3176.32,7928.32,0.3080000000000003,-0.000899281,1344.0,0.4127697841726618
1340.99,370.0,3.89,3.601,2318.321000000462,3104.32,8026.95,0.2890000000000001,-0.000899281,1345.5739999999766,0.4181654676258993
1393.88,364.1999999992549,3.844,3.619,2354.351999999956,3212.35,8138.53,0.2249999999999996,-0.000899281,1397.5019999999768,0.4127697841726618
1367.25,393.8571428563446,3.853,3.602,2360.375,3176.38,8767.31,0.2510000000000003,-0.000899281,1372.3379999999884,0.408273381294964
1410.95,402.8571428563446,3.875,3.583,2492.383000001312,3320.38,8559.52,0.2919999999999998,-0.000899281,1415.8119999999767,0.4127697841726618
1500.0,432.4285714291036,3.89,3.571,2765.912999998778,3608.31,8396.31,0.3189999999999999,-0.000899281,1500.0,0.4361510791366906
1488.0,434.7428571432829,3.901,3.569,2756.316000001505,3608.32,8144.32,0.3319999999999998,-0.000899281,1492.7999999999768,0.4100719424460431
1230.5,344.6666666660458,3.876,3.639,1988.320000000298,2744.32,7615.59,0.2370000000000001,-0.000899281,1232.8599999999765,0.4163669064748202
1424.73,370.1999999992549,3.843,3.618,2456.3829999994487,3320.38,8168.23,0.2250000000000001,-0.000899281,1438.9799999999766,0.4127697841726618
1501.31,430.7142857145518,3.896,3.568,2768.3240000009537,3608.32,8066.46,0.3279999999999998,-0.000899281,1503.448,0.4127697841726618
1479.27,393.0,3.852,3.592,2648.351000001654,3500.36,8381.21,0.2599999999999998,-0.000899281,1483.744,0.4127697841726618
1498.37,437.1428571436554,3.902,3.569,2744.25,3608.25,8125.73,0.3330000000000002,-0.000899281,1497.37,0.4118705035971223
1366.44,393.0,3.853,3.601,2360.375,3176.38,8776.25,0.2520000000000002,-0.000899281,1369.2759999999885,0.4073741007194244
1404.0,400.5,3.874,3.583,2486.351999999956,3320.35,8558.27,0.2909999999999999,-0.000899281,1412.399999999977,0.4118705035971223
1344.0,374.0999999996274,3.906,3.598,2354.351999999956,3140.35,7964.35,0.3080000000000003,-0.000899281,1344.0,0.4118705035971223
1338.2,369.5,3.89,3.601,2312.351000001654,3104.35,7992.0,0.2890000000000001,-0.000899281,1343.1919999999768,0.4172661870503598
1481.53,394.80000000074506,3.854,3.593,2642.3829999994487,3500.38,8387.33,0.2610000000000001,-0.000899281,1482.598,0.4118705035971223
1429.31,370.5,3.846,3.619,2441.982000000775,3284.38,8178.69,0.2269999999999998,-0.000899281,1433.7899999999768,0.4118705035971223
1510.05,439.21979999914765,3.904,3.57,2792.320000000298,3644.32,8061.76,0.3340000000000001,-0.000899281,1515.318,0.4170863309352517
1393.05,364.1999999992549,3.844,3.619,2348.3829999994487,3212.38,8137.8,0.2249999999999996,-0.000899281,1395.5679999999768,0.4118705035971223
1500.0,432.3428571429104,3.89,3.572,2756.313,3608.31,8396.31,0.318,-0.000899281,1500.0,0.4352517985611511
1503.39,430.2857142854482,3.898,3.568,2765.951000001281,3608.35,8035.1,0.33,-0.000899281,1502.686,0.4118705035971223
1488.0,435.4285714291036,3.903,3.569,2756.320000000298,3608.32,8144.32,0.3340000000000001,-0.000899281,1490.399999999977,0.4091726618705036
1438.69,408.5999999996274,3.885,3.574,2564.321000000462,3392.32,8390.52,0.3109999999999999,-0.000899281,1437.6519999999769,0.4118705035971223
1228.7,345.0,3.875,3.639,1983.1771428566424,2744.32,7640.32,0.2360000000000002,-0.000899281,1231.725999999977,0.4154676258992805
1365.25,393.2571428567171,3.853,3.602,2358.5977142862976,3176.31,8760.19,0.2510000000000003,-0.000899281,1367.3499999999883,0.4064748201438849
1508.93,438.0,3.903,3.569,2798.322999998927,3644.32,8044.45,0.3340000000000001,-0.000899281,1511.4540000000002,0.4158273381294964
1497.98,437.1428571436554,3.902,3.566,2756.320000000298,3608.32,8131.62,0.3360000000000003,-0.000899281,1497.1059999999998,0.4109712230215827
1500.0,431.1428571436554,3.889,3.57,2756.3120000008494,3608.31,8432.31,0.3189999999999999,-0.000899281,1500.0,0.4343525179856115
1391.37,363.0,3.844,3.618,2348.3519999980927,3176.35,8145.21,0.2259999999999999,-0.000899281,1393.9499999999766,0.4109712230215827
1480.19,393.8571428563446,3.854,3.592,2648.351999999956,3500.35,8379.49,0.262,-0.000899281,1481.376,0.4109712230215827
1436.93,408.0,3.885,3.574,2564.3519999980927,3392.35,8363.91,0.3109999999999999,-0.000899281,1437.139999999977,0.4109712230215827
1226.02,343.3333333339542,3.875,3.64,1978.0342857148496,2744.32,7651.88,0.2349999999999998,-0.000899281,1230.1459999999768,0.414568345323741
1337.59,369.0,3.89,3.602,2306.3519999980927,3104.35,7998.66,0.2880000000000002,-0.000899281,1341.159999999977,0.4163669064748202
1344.0,371.6999999992549,3.906,3.598,2348.3829999994487,3140.38,8000.38,0.3080000000000003,-0.000899281,1344.0,0.4109712230215827
1503.84,432.6857142858207,3.898,3.567,2773.120000001043,3608.32,8095.75,0.3309999999999999,-0.000899281,1502.668,0.4109712230215827
1488.0,435.4285714291036,3.903,3.569,2762.351999999956,3608.35,8144.35,0.3340000000000001,-0.000899281,1488.0,0.408273381294964
1416.0,369.0,3.844,3.618,2462.3829999994487,3320.38,8147.84,0.2259999999999999,-0.000899281,1427.005999999977,0.4109712230215827
1406.23,399.0,3.874,3.584,2480.414999999106,3284.41,8559.55,0.29,-0.000899281,1410.0419999999767,0.4109712230215827
1435.2,407.6999999992549,3.884,3.574,2558.320000000298,3392.32,8356.06,0.31,-0.000899281,1436.723999999977,0.4100719424460431
1363.75,391.5,3.852,3.602,2353.5178571436554,3140.38,8776.0,0.25,-0.000899281,1366.0619999999883,0.4055755395683453
1222.08,344.0,3.874,3.641,1972.860428571701,2744.29,7624.9,0.2330000000000001,-0.000899281,1227.9759999999767,0.4136690647482014
1496.48,434.1428571436554,3.902,3.566,2756.351999999956,3608.35,8114.3,0.3360000000000003,-0.000899281,1496.838,0.4100719424460431
1488.0,437.1428571436554,3.903,3.568,2756.320000000298,3608.32,8180.32,0.3349999999999999,-0.000899281,1488.0,0.4073741007194244
1477.95,393.9000000003725,3.854,3.592,2643.4570000004023,3500.26,8382.34,0.262,-0.000899281,1480.09,0.4100719424460431
1507.11,436.7142857145518,3.904,3.57,2798.321000000462,3644.32,8051.81,0.3340000000000001,-0.000899281,1507.764,0.414568345323741
1335.3,367.88571428507566,3.889,3.603,2300.320000000298,3104.32,8028.0,0.2859999999999996,-0.000899281,1339.0239999999767,0.4154676258992806
1345.57,370.80000000074506,3.906,3.599,2337.933285713196,3140.22,8000.22,0.3069999999999999,-0.000899281,1344.3139999999769,0.4100719424460431
1500.0,432.8571428563446,3.889,3.57,2750.3120000008494,3608.31,8432.31,0.3189999999999999,-0.000899281,1500.0,0.4334532374100719
1502.85,430.2857142854482,3.898,3.567,2768.320000000298,3608.32,8095.84,0.3309999999999999,-0.000899281,1502.63,0.4100719424460431
1388.8,361.80000000074506,3.844,3.618,2341.151000002399,3176.35,8170.3,0.2259999999999999,-0.000899281,1392.3059999999766,0.4100719424460431
1419.88,369.0,3.845,3.62,2427.519999999553,3284.32,8161.76,0.2250000000000001,-0.000899281,1423.9799999999766,0.4100719424460431
1404.39,399.31560000032187,3.873,3.584,2471.673286,3284.23,8572.52,0.2890000000000001,-0.000899281,1407.763999999977,0.4100719424460431
1488.0,434.1428571436554,3.902,3.569,2750.25,3608.25,8144.25,0.3330000000000002,-0.000899281,1488.0,0.4064748201438848
1428.52,368.8571428563446,3.849,3.62,2427.519999999553,3284.32,8148.8,0.2290000000000001,-0.000899281,1423.687999999977,0.4091726618705036
1332.0,369.9000000003725,3.904,3.602,2330.351999999956,3140.35,7964.35,0.302,-0.000899281,1341.9139999999766,0.4091726618705036
1488.0,431.0,3.889,3.572,2744.3120000008494,3572.31,8432.31,0.3169999999999997,-0.000899281,1497.6,0.4325539568345323
1476.29,393.0,3.852,3.592,2636.351999999956,3500.35,8378.98,0.2599999999999998,-0.000899281,1479.0459999999998,0.4091726618705036
1334.2,368.0999999996274,3.888,3.602,2294.351999999956,3104.35,7994.59,0.286,-0.000899281,1337.255999999977,0.414568345323741
1505.15,435.4285714291036,3.903,3.572,2792.4809999987483,3644.48,8077.15,0.3309999999999999,-0.000899281,1508.078,0.4136690647482014
1433.8,405.9428571444005,3.883,3.575,2552.3509999997914,3392.35,8373.21,0.3079999999999998,-0.000899281,1436.3919999999766,0.4091726618705036
1362.06,391.5,3.853,3.602,2348.375,3140.38,8747.94,0.2510000000000003,-0.000899281,1364.9499999999884,0.4046762589928058
1501.34,432.0,3.897,3.566,2768.3509999997914,3608.35,8071.01,0.3309999999999999,-0.000899281,1502.5459999999998,0.4091726618705036
1385.89,360.9000000003725,3.843,3.62,2330.2579999994487,3176.26,8138.72,0.2229999999999998,-0.000899281,1390.5979999999768,0.4091726618705036
1401.91,398.4000000003725,3.873,3.584,2466.6377142854035,3284.35,8551.32,0.2890000000000001,-0.000899281,1405.495999999977,0.4091726618705036
1494.59,434.0571428555995,3.902,3.566,2750.3829999994487,3608.38,8144.26,0.3360000000000003,-0.000899281,1496.39,0.4091726618705036
1219.05,343.3333333339542,3.874,3.64,1962.5437142848969,2708.26,7604.26,0.2339999999999999,-0.000899281,1225.2699999999768,0.4127697841726618
1432.93,406.80000000074506,3.884,3.575,2552.321,3392.32,8348.09,0.3089999999999997,-0.000899281,1435.5099999999768,0.408273381294964
1359.62,390.5999999996274,3.852,3.602,2342.313,3140.31,8778.19,0.25,-0.000899281,1363.4239999999886,0.4037769784172662
1474.91,391.88571428507566,3.853,3.593,2630.3509999997914,3500.35,8380.09,0.2600000000000002,-0.000899281,1478.174,0.408273381294964
1384.45,360.0,3.843,3.62,2324.3509999997914,3176.35,8125.38,0.2229999999999998,-0.000899281,1388.7119999999768,0.408273381294964
1501.15,432.0,3.897,3.567,2765.919999999925,3608.32,8110.3,0.3299999999999996,-0.000899281,1502.514,0.408273381294964
1217.51,342.6666666660458,3.873,3.642,1957.4628571439528,2708.32,7581.21,0.2310000000000003,-0.000899281,1222.6719999999768,0.4118705035971223
1492.25,434.0571428555995,3.902,3.567,2744.321,3572.32,8088.87,0.3349999999999999,-0.000899281,1495.934,0.408273381294964
1428.93,368.8571428563446,3.849,3.619,2456.351999999956,3320.35,8133.31,0.2299999999999999,-0.000899281,1424.5279999999768,0.408273381294964
1502.2,434.7428571432829,3.902,3.571,2786.320000000298,3644.32,8057.57,0.3309999999999999,-0.000899281,1506.688,0.4127697841726618
1476.0,425.5714285708964,3.883,3.571,2738.3430000003427,3572.34,8396.34,0.3119999999999998,-0.000899281,1492.8,0.4316546762589928
1332.0,369.0,3.905,3.6,2322.574714286253,3104.29,7928.29,0.3049999999999997,-0.000899281,1339.5139999999767,0.408273381294964
1488.0,435.8571428563446,3.902,3.569,2744.219000000506,3572.22,8180.22,0.3330000000000002,-0.000899281,1488.0,0.4055755395683453
1400.67,397.5,3.872,3.585,2456.351000001654,3284.35,8537.83,0.2869999999999999,-0.000899281,1403.4399999999769,0.408273381294964
1333.82,368.0,3.889,3.603,2288.3829999994487,3104.38,8007.49,0.2859999999999996,-0.000899281,1335.821999999977,0.4136690647482014
1358.0,391.2857142854482,3.852,3.602,2336.375,3140.38,8751.56,0.25,-0.000899281,1361.7359999999885,0.4028776978417266
1473.54,391.1999999992549,3.852,3.594,2624.351000001654,3464.35,8347.01,0.258,-0.000899281,1476.576,0.4073741007194244
1214.66,341.0,3.873,3.642,1952.320000000298,2708.32,7594.14,0.2310000000000003,-0.000899281,1219.8639999999766,0.4109712230215827
1384.0,361.3333333339542,3.842,3.62,2318.351999999956,3176.35,8155.91,0.2219999999999999,-0.000899281,1386.9019999999769,0.4073741007194244
1501.08,433.0285714287311,3.896,3.567,2762.3829999994487,3608.38,8075.11,0.3289999999999997,-0.000899281,1502.052,0.4073741007194244
1426.66,367.5,3.849,3.617,2456.25,3320.25,8175.1,0.2320000000000002,-0.000899281,1423.9979999999766,0.4073741007194244
1398.46,396.5999999996274,3.872,3.585,2456.351999999956,3284.35,8532.77,0.2869999999999999,-0.000899281,1402.331999999977,0.4073741007194244
1487.99,434.04914285615087,3.902,3.569,2738.226999999956,3572.23,8144.23,0.3330000000000002,-0.000899281,1487.9979999999766,0.4046762589928058
1333.54,368.0999999996274,3.889,3.602,2286.636714,3068.35,7983.94,0.2869999999999999,-0.000899281,1334.8899999999765,0.4127697841726618
1503.13,435.4285714291036,3.904,3.57,2780.321000000462,3608.32,8037.16,0.3340000000000001,-0.000899281,1505.304,0.4118705035971223
1431.97,405.0,3.883,3.574,2546.320000000298,3392.32,8378.23,0.3090000000000001,-0.000899281,1434.165999999977,0.4073741007194244
1459.22,436.81200000084937,3.873,3.882,2450.0159999988973,3395.02,8757.0,-0.009,-0.000899281,1484.6439999999998,0.4307553956834532
1492.55,432.3428571429104,3.903,3.568,2744.3519999980927,3572.35,8146.4,0.3349999999999999,-0.000899281,1494.77,0.4073741007194244
1332.0,370.2857142854482,3.904,3.601,2318.320000000298,3104.32,7892.32,0.3029999999999999,-0.000899281,1337.1139999999766,0.4073741007194244
1382.33,359.5,3.842,3.621,2318.320000000298,3176.32,8141.18,0.221,-0.000899281,1385.0939999999769,0.4064748201438848
1396.38,396.4285714291036,3.871,3.586,2446.0582857150584,3248.34,8552.16,0.2850000000000001,-0.000899281,1400.361999999977,0.4064748201438849
1476.0,429.0,3.879,3.879,2449.050000000745,3356.25,8576.25,0.0,-0.000899281,1479.8439999999998,0.4298561151079136
1471.61,390.51428571529686,3.851,3.593,2621.9599999990314,3464.36,8328.86,0.258,-0.000899281,1474.86,0.4064748201438849
1430.72,405.2571428567171,3.884,3.576,2546.3279999997467,3356.33,8365.98,0.3079999999999998,-0.000899281,1432.9239999999768,0.4064748201438848
1211.65,340.0,3.873,3.642,1940.3519999999555,2708.35,7565.98,0.2310000000000003,-0.000899281,1216.9899999999766,0.4100719424460431
1491.75,432.3614571429789,3.903,3.567,2738.219000000506,3572.22,8126.44,0.3359999999999998,-0.000899281,1493.524,0.4064748201438848
1425.89,366.5714285708964,3.848,3.619,2456.2579999994487,3320.26,8143.16,0.2289999999999996,-0.000899281,1425.9759999999767,0.4064748201438849
1332.0,368.0999999996274,3.904,3.601,2312.351999999956,3104.35,7928.35,0.3029999999999999,-0.000899281,1334.7139999999767,0.4064748201438848
1476.0,433.3714285716415,3.902,3.569,2738.484999999404,3572.48,8108.48,0.3330000000000002,-0.000899281,1485.5979999999768,0.4037769784172662
1499.69,432.8571428563446,3.894,3.566,2768.3430000003427,3608.34,8036.0,0.3280000000000003,-0.000899281,1501.2220000000002,0.4064748201438848
1357.0,389.4857142847032,3.852,3.602,2330.3120000008494,3140.31,8766.69,0.25,-0.000899281,1360.0859999999884,0.401978417
1502.17,433.7142857145518,3.905,3.569,2780.320000000298,3644.32,8071.81,0.3359999999999998,-0.000899281,1503.952,0.4109712230215827
1333.17,368.0999999996274,3.889,3.603,2282.351999999956,3068.35,8037.5,0.2859999999999996,-0.000899281,1334.005999999977,0.4118705035971223
1354.94,390.0,3.852,3.602,2327.740571429953,3140.31,8748.12,0.25,-0.000899281,1358.3239999999882,0.4010791366906474
1496.16,428.5714285708964,3.894,3.566,2762.265000000596,3608.27,8046.56,0.3280000000000003,-0.000899281,1499.884,0.4055755395683453
1380.06,360.26666666567326,3.842,3.622,2312.3909999988973,3140.39,8125.89,0.2200000000000002,-0.000899281,1383.3459999999766,0.4055755395683453
1476.0,427.2857142854482,3.881,3.578,2696.3430000003427,3536.34,8432.34,0.3029999999999999,-0.000899281,1475.044,0.428956834532374
1389.7,394.9714285712689,3.869,3.585,2440.915428571403,3248.34,8540.06,0.2840000000000002,-0.000899281,1397.4239999999768,0.4055755395683453
1330.27,366.5,3.889,3.603,2281.501857144758,3068.36,8034.14,0.2859999999999996,-0.000899281,1332.9999999999768,0.4109712230215827
1469.64,391.5,3.85,3.593,2618.343999998644,3464.34,8324.83,0.2570000000000001,-0.000899281,1473.198,0.4055755395683453
1332.0,366.5,3.904,3.602,2306.3120000008494,3104.31,7928.31,0.302,-0.000899281,1332.0,0.4055755395683453
1475.97,433.2891428563744,3.901,3.57,2732.3279999997467,3572.36,8144.33,0.3309999999999999,-0.000899281,1483.1919999999768,0.4028776978417266
1488.0,433.7142857145518,3.905,3.571,2780.351999999956,3608.35,8028.67,0.3339999999999996,-0.000899281,1500.13,0.4100719424460431
1491.39,432.3428571429104,3.903,3.567,2738.1870000008494,3572.19,8159.05,0.3359999999999998,-0.000899281,1492.506,0.4055755395683453
1426.31,367.88571428507566,3.848,3.618,2456.359999999404,3320.36,8116.36,0.2299999999999999,-0.000899281,1427.2619999999763,0.4055755395683453
1210.15,340.0,3.873,3.642,1931.749571427703,2708.32,7572.7,0.2310000000000003,-0.000899281,1214.6039999999768,0.4091726618705036
1429.41,403.5,3.883,3.575,2540.3279999997467,3356.33,8383.3,0.3079999999999998,-0.000899281,1431.7659999999769,0.4055755395683453
1378.75,360.5999999996274,3.842,3.622,2305.019000001252,3140.22,8120.8,0.2200000000000002,-0.000899281,1381.9179999999767,0.4046762589928058
1426.36,366.5999999996274,3.848,3.618,2456.359,3320.36,8191.91,0.2299999999999999,-0.000899281,1426.8299999999767,0.4046762589928058
1484.56,426.1714285705239,3.882,3.578,2690.313,3536.31,8432.31,0.3040000000000002,-0.000899281,1474.356,0.4280575539568345
1320.0,367.1999999992549,3.904,3.604,2300.25,3104.25,7892.25,0.2999999999999998,-0.000899281,1329.5999999999767,0.4046762589928058
1467.81,390.9000000003725,3.85,3.594,2612.359,3464.36,8321.67,0.2560000000000002,-0.000899281,1471.502,0.4046762589928058
1328.83,366.0,3.889,3.603,2271.2321428563446,3068.38,8056.06,0.2859999999999996,-0.000899281,1331.9259999999767,0.4100719424460431
1371.3,389.6999999992549,3.862,3.588,2414.266,3212.27,8538.38,0.274,-0.000899281,1391.3019999999767,0.4046762589928058
1353.44,388.80000000074506,3.851,3.603,2322.473714284599,3140.19,8760.38,0.2479999999999997,-0.000899281,1356.5999999999883,0.4001798561151079
1210.91,339.0,3.873,3.643,1926.6377142854035,2672.35,7561.88,0.2300000000000004,-0.000899281,1212.9759999999767,0.408273381294964
1498.43,433.7142857145518,3.904,3.57,2768.3829999994487,3608.38,8064.0,0.3340000000000001,-0.000899281,1498.786,0.4091726618705036
1491.27,425.5714285708964,3.894,3.567,2756.265000000596,3608.27,8024.42,0.3269999999999999,-0.000899281,1497.87,0.4046762589928058
1427.69,404.5714285708964,3.883,3.575,2534.3279999997467,3356.33,8348.97,0.3079999999999998,-0.000899281,1430.543999999977,0.4046762589928058
1488.0,432.3428571429104,3.903,3.567,2732.3430000003427,3572.34,8148.58,0.3359999999999998,-0.000899281,1491.188,0.4046762589928058
1476.0,432.6857142858207,3.901,3.57,2722.759000001475,3572.36,8180.36,0.3309999999999999,-0.000899281,1480.7919999999767,0.401978417
1352.0,388.5,3.851,3.603,2312.375,3104.38,8755.88,0.2479999999999997,-0.000899281,1355.0759999999889,0.3992805755395683
1483.47,426.1714285705239,3.882,3.577,2696.25,3536.25,8432.25,0.3050000000000001,-0.000899281,1475.85,0.427158273
1327.2,366.30000000074506,3.888,3.603,2270.3120000008494,3068.31,8039.17,0.2849999999999997,-0.000899281,1330.601999999977,0.4091726618705036
1320.0,366.0154999997467,3.904,3.603,2294.3120000008494,3104.31,7856.31,0.3009999999999997,-0.000899281,1327.1999999999766,0.4037769784172662
1497.47,435.4285714291036,3.905,3.57,2765.857999999076,3608.26,8021.63,0.3349999999999999,-0.000899281,1497.84,0.408273381294964
1211.2,340.6666666660458,3.873,3.642,1928.3519999999555,2672.35,7607.2,0.2310000000000003,-0.000899281,1211.7139999999767,0.4073741007194244
1360.7,386.6999999992549,3.858,3.592,2358.598714284599,3176.31,8491.22,0.266,-0.000899281,1383.3079999999768,0.4037769784172662
1466.25,390.0,3.85,3.594,2600.343999998644,3464.34,8320.67,0.2560000000000002,-0.000899281,1469.77,0.4037769784172662
1476.0,432.0,3.9,3.57,2715.5120000001043,3572.31,8108.31,0.33,-0.000899281,1478.3919999999766,0.4010791366906475
1426.17,403.88571428507566,3.883,3.577,2534.219000000506,3356.22,8344.94,0.306,-0.000899281,1429.1919999999768,0.4037769784172662
1423.97,366.5,3.848,3.617,2450.2809999994934,3320.28,8139.7,0.2309999999999998,-0.000899281,1425.8379999999763,0.4037769784172662
1489.78,432.8571428563446,3.903,3.567,2732.344000000506,3572.34,8148.28,0.3359999999999998,-0.000899281,1490.694,0.4037769784172662
1377.56,359.0,3.842,3.621,2305.191000001505,3140.39,8091.48,0.221,-0.000899281,1380.5399999999768,0.4037769784172662
1488.11,427.2857142854482,3.894,3.569,2744.3120000008494,3572.31,7990.66,0.3250000000000002,-0.000899281,1495.262,0.4037769784172662
1487.3,425.4857142847032,3.894,3.57,2738.359999999404,3572.36,8034.34,0.3240000000000003,-0.000899281,1492.506,0.4028776978417266
1354.98,385.5,3.854,3.596,2324.3120000008494,3140.31,8552.22,0.258,-0.000899281,1374.611999999977,0.4028776978417266
1476.0,432.0,3.901,3.57,2708.3279999997467,3536.33,8108.33,0.3309999999999999,-0.000899281,1475.9939999999765,0.4001798561151079
1489.14,432.8571428563446,3.902,3.568,2732.3279999997467,3572.33,8182.66,0.3340000000000001,-0.000899281,1490.0120000000002,0.4028776978417266
1211.58,340.6666666660458,3.874,3.642,1928.359999999404,2672.36,7622.81,0.2320000000000002,-0.000899281,1211.0979999999768,0.4064748201438848
1424.22,401.6999999992549,3.882,3.576,2528.3120000008494,3356.31,8349.28,0.306,-0.000899281,1427.6419999999766,0.4028776978417266
1421.38,364.80000000074506,3.847,3.618,2444.3289999999106,3320.33,8176.89,0.2290000000000001,-0.000899281,1424.7819999999767,0.4028776978417266
1497.44,433.0285714287311,3.905,3.571,2762.351999999956,3608.35,8054.95,0.3339999999999996,-0.000899281,1496.702,0.4073741007194244
1320.0,367.3333333339542,3.904,3.602,2294.3279999997467,3068.33,7892.33,0.302,-0.000899281,1324.7999999999768,0.4028776978417266
1325.53,365.5,3.888,3.603,2264.313,3068.31,7995.22,0.2849999999999997,-0.000899281,1328.9999999999768,0.408273381294964
1380.41,359.5,3.842,3.621,2300.188,3140.19,8141.05,0.221,-0.000899281,1379.8219999999767,0.4028776978417266
1476.0,425.4857142847032,3.882,3.577,2690.343999998644,3536.34,8432.34,0.3050000000000001,-0.000899281,1479.206,0.4262589928057553
1465.38,390.0,3.849,3.595,2600.266,3464.27,8350.05,0.254,-0.000899281,1468.138,0.4028776978417266
1350.81,387.9000000003725,3.85,3.604,2312.375,3104.38,8756.38,0.246,-0.000899281,1353.6379999999886,0.3983812949640287
1210.72,340.6666666660458,3.874,3.642,1928.359,2672.36,7605.8,0.2320000000000002,-0.000899281,1210.9119999999768,0.4055755395683453
1420.0,364.80000000074506,3.847,3.619,2438.3590000011027,3284.36,8215.36,0.2279999999999997,-0.000899281,1423.6039999999766,0.401978417
1464.09,388.45714285597205,3.849,3.595,2594.3279999997467,3464.33,8319.66,0.254,-0.000899281,1466.634,0.401978417
1326.39,364.80000000074506,3.889,3.605,2264.3430000003427,3068.34,7987.58,0.2839999999999998,-0.000899281,1327.6439999999766,0.4073741007194244
1422.91,402.0,3.882,3.577,2522.4529999997467,3356.45,8324.34,0.3050000000000001,-0.000899281,1426.0799999999767,0.401978417
1382.16,359.5,3.842,3.62,2312.3430000003427,3140.34,8181.5,0.2219999999999999,-0.000899281,1379.7879999999766,0.4019784172661871
1349.0,387.0,3.851,3.603,2306.313,3104.31,8728.94,0.2479999999999997,-0.000899281,1352.0379999999884,0.3974820143884892
1476.0,429.5999999996274,3.901,3.571,2702.219000000506,3536.22,8108.22,0.3299999999999996,-0.000899281,1475.9939999999765,0.3992805755395683
1476.0,425.5714285708964,3.883,3.577,2690.344000000506,3536.34,8396.34,0.306,-0.000899281,1479.206,0.4253597122302158
1320.0,367.1999999992549,3.904,3.602,2300.390000000596,3104.39,7856.42,0.302,-0.000899281,1322.399999999977,0.401978417
1362.17,387.5999999996274,3.858,3.596,2312.3279999997467,3104.33,8513.77,0.262,-0.000899281,1367.7699999999768,0.401978417
1488.3,433.5,3.902,3.568,2726.313,3572.31,8189.25,0.3340000000000001,-0.000899281,1489.322,0.4019784172661871
1485.38,424.3017142843455,3.893,3.57,2732.3130000010133,3572.31,7985.08,0.3229999999999999,-0.000899281,1489.644,0.401978417
1496.64,432.4363214280456,3.905,3.57,2756.3519999980927,3608.35,8051.81,0.3349999999999999,-0.000899281,1495.596,0.4064748201438849
1487.66,433.3714285716415,3.902,3.567,2726.359999999404,3572.36,8205.16,0.3349999999999999,-0.000899281,1488.576,0.4010791366906475
1383.14,359.5,3.843,3.619,2318.3590000011027,3140.36,8159.48,0.2239999999999997,-0.000899281,1380.4039999999768,0.4010791366906475
1484.28,424.2857142854482,3.894,3.571,2720.3279999997467,3572.33,7986.75,0.3229999999999999,-0.000899281,1487.268,0.4010791366906475
1353.8,386.4000000003725,3.856,3.595,2330.4220000002533,3140.42,8518.81,0.2609999999999997,-0.000899281,1360.589999999977,0.4010791366906474
1462.59,389.0999999996274,3.849,3.595,2593.143000001088,3428.34,8330.2,0.254,-0.000899281,1465.224,0.4010791366906474
1326.38,364.80000000074506,3.889,3.604,2264.3646666668355,3068.34,8002.05,0.2849999999999997,-0.000899281,1326.8659999999768,0.4064748201438848
1476.0,430.7142857145518,3.901,3.57,2702.344000000506,3536.34,8144.34,0.3309999999999999,-0.000899281,1476.0,0.3983812949640287
1421.25,402.30000000074506,3.881,3.579,2522.344000000506,3356.34,8359.97,0.3019999999999996,-0.000899281,1424.447999999977,0.4010791366906475
1416.84,365.4000000003725,3.846,3.62,2432.313,3284.31,8191.45,0.2259999999999999,-0.000899281,1421.7099999999768,0.4010791366906474
1210.98,338.6666666660458,3.874,3.643,1926.645714284852,2672.36,7637.55,0.2310000000000003,-0.000899281,1211.0779999999766,0.4046762589928058
1346.69,386.0999999996274,3.85,3.603,2300.313,3104.31,8784.0,0.2469999999999999,-0.000899281,1350.3879999999886,0.3965827338129496
1495.84,434.1428571436554,3.905,3.57,2751.543999997899,3608.34,8048.0,0.3349999999999999,-0.000899281,1497.164,0.4055755395683453
1476.0,426.0,3.881,3.577,2684.188,3536.19,8396.19,0.3039999999999998,-0.000899281,1479.206,0.4244604316546763
1320.0,367.1999999992549,3.904,3.602,2302.089285714552,3104.38,7892.38,0.302,-0.000899281,1320.0,0.4010791366906475
1343.5,385.1999999992549,3.849,3.604,2294.188,3104.19,8739.44,0.2450000000000001,-0.000899281,1348.3999999999885,0.39568345323741
1486.14,433.2857142854482,3.901,3.567,2726.3279999997467,3572.33,8159.27,0.3339999999999996,-0.000899281,1488.2040000000002,0.4001798561151079
1476.0,428.9142857138068,3.9,3.571,2696.354333333671,3536.34,8144.34,0.3289999999999997,-0.000899281,1476.0,0.3974820143884892
1320.0,364.80000000074506,3.904,3.603,2302.089285714552,3104.38,7856.38,0.3009999999999997,-0.000899281,1320.0,0.4001798561151079
1324.58,365.3333333339542,3.889,3.603,2264.3279999997467,3068.33,7988.3,0.2859999999999996,-0.000899281,1326.0159999999769,0.4055755395683453
1460.86,390.1714285705239,3.849,3.596,2588.3280000016093,3428.33,8324.25,0.2530000000000001,-0.000899281,1463.834,0.4001798561151079
1210.59,340.0,3.874,3.642,1926.644714284688,2672.36,7653.92,0.2320000000000002,-0.000899281,1211.0139999999767,0.4037769784172662
1419.2,400.11428571492434,3.881,3.577,2516.313,3356.31,8308.56,0.3039999999999998,-0.000899281,1422.7499999999768,0.4001798561151079
1494.75,431.1428571436554,3.904,3.57,2750.3279999997467,3608.33,8056.81,0.3340000000000001,-0.000899281,1496.428,0.4046762589928058
1415.77,365.0,3.846,3.619,2420.313,3284.31,8158.23,0.2269999999999998,-0.000899281,1419.591999999977,0.4001798561151079
1483.08,425.4857142847032,3.894,3.571,2720.3430000003427,3572.34,7982.84,0.3229999999999999,-0.000899281,1485.63,0.4001798561151079
1358.81,385.80000000074506,3.857,3.597,2300.3590000011027,3104.36,8546.2,0.2600000000000002,-0.000899281,1358.091999999977,0.4001798561151079
1476.0,423.7714285701513,3.882,3.577,2678.313,3500.31,8396.31,0.3050000000000001,-0.000899281,1477.494,0.4235611510791367
1383.3,361.5,3.843,3.619,2318.3279999997467,3176.33,8166.91,0.2239999999999997,-0.000899281,1381.3139999999769,0.4001798561151079
1320.0,365.5,3.903,3.602,2294.359999999404,3068.36,7820.36,0.3010000000000001,-0.000899281,1320.0,0.3992805755395683
1464.0,429.4285714291036,3.9,3.572,2690.2340000011027,3536.23,8144.23,0.3279999999999998,-0.000899281,1473.5999999999767,0.3965827338129496
1415.48,364.5,3.846,3.619,2420.3430000003427,3284.34,8167.27,0.2269999999999998,-0.000899281,1417.8939999999768,0.3992805755395683
1375.84,358.19999999925494,3.842,3.619,2312.3590000011027,3140.36,8212.06,0.2229999999999998,-0.000899281,1380.9699999999768,0.3992805755395683
1368.8,387.30000000074506,3.862,3.595,2324.359,3140.36,8477.48,0.2669999999999999,-0.000899281,1359.7119999999768,0.3992805755395683
1484.94,432.0,3.9,3.568,2720.3590000011027,3572.36,8167.62,0.3319999999999998,-0.000899281,1487.236,0.3992805755395683
1481.78,424.2857142854482,3.895,3.571,2714.313,3536.31,8022.48,0.3239999999999998,-0.000899281,1484.364,0.3992805755395683
1413.77,398.0999999996274,3.88,3.577,2510.2659999988973,3320.27,8319.69,0.3029999999999999,-0.000899281,1420.2699999999768,0.3992805755395683
1492.98,431.6571428570896,3.904,3.571,2744.344000000506,3608.34,8050.5,0.3329999999999997,-0.000899281,1495.53,0.4037769784172662
1456.7,388.5,3.848,3.595,2578.6500000003725,3428.25,8271.36,0.2529999999999996,-0.000899281,1461.924,0.3992805755395683
1321.73,365.0,3.888,3.604,2258.2659999988973,3068.27,7958.25,0.2839999999999998,-0.000899281,1324.9219999999768,0.4046762589928058
1213.86,340.40000000037253,3.874,3.644,1926.5987142845988,2672.31,7628.48,0.2299999999999999,-0.000899281,1211.5459999999766,0.4028776978417266
1341.19,384.30000000074506,3.849,3.605,2282.313,3068.31,8735.94,0.2440000000000002,-0.000899281,1346.2379999999882,0.3947841726618705
1476.0,425.4857142847032,3.882,3.577,2679.5129999984056,3536.31,8396.31,0.3050000000000001,-0.000899281,1476.0,0.4226618705035971
1445.5,430.7970000002533,3.875,3.876,2485.313,3430.3,8388.92,-0.001,-0.000899281,1476.004,0.3983812949640287
1315.2,373.2035,3.901,3.9,2051.0159999988973,2940.0,8407.02,0.001,-0.000899281,1319.0399999999768,0.3983812949640287
1305.28,372.0,3.883,3.787,2030.359,2912.0,8490.2,0.096,-0.000899281,1320.8719999999769,0.4037769784172662
1371.3,368.3909999988973,3.843,3.786,2079.3280000016093,3016.98,8515.67,0.057,-0.000899281,1379.1479999999767,0.3983812949640288
1449.77,438.0005000010133,3.882,3.752,2492.3120000008494,3430.02,8470.5,0.1300000000000003,-0.000899281,1479.362,0.3983812949640288
1213.86,340.6666666660458,3.874,3.641,1940.3440000005064,2708.34,7632.89,0.2330000000000001,-0.000899281,1212.0019999999768,0.401978417
1339.81,385.3714285716415,3.848,3.605,2276.313,3068.31,8736.75,0.2429999999999998,-0.000899281,1344.0379999999884,0.3938848920863309
1449.59,435.6019999999553,3.89,3.875,2485.0,3416.0,8491.02,0.0150000000000001,-0.000899281,1468.3179999999768,0.3956834532374101
1415.55,394.7970000002533,3.831,3.767,2317.375,3276.0,8705.98,0.064,-0.000899281,1451.958,0.3983812949640287
1420.3,376.81200000084937,3.853,3.903,2233.4069999996573,3171.0,8504.67,-0.05,-0.000899281,1417.6779999999767,0.3983812949640287
1374.88,405.5940000005066,3.863,3.777,2135.359,3052.0,8978.23,0.086,-0.000899281,1363.6919999999768,0.3983812949640287
1490.75,431.5714285708964,3.903,3.571,2738.3120000008494,3572.31,8029.59,0.3319999999999998,-0.000899281,1494.1919999999998,0.4028776978417266
1476.0,424.2857142854482,3.882,3.577,2678.3120000008494,3536.31,8360.31,0.3050000000000001,-0.000899281,1476.0,0.4217625899280575
1392.84,409.2029999997467,3.871,3.765,2261.3430000003427,3178.02,8731.7,0.1059999999999998,-0.000899281,1413.9939999999767,0.3983812949640287
1476.0,424.80000000074506,3.882,3.577,2678.3120000008494,3536.31,8360.31,0.3050000000000001,-0.000899281,1476.0,0.4208633093525179
1410.5,400.5,3.872,3.892,2225.9749999996275,3140.38,8640.88,-0.02,-0.000899281,1411.5119999999768,0.3974820143884892
1320.0,366.30000000074506,3.9,3.895,2060.375,2924.38,8324.38,0.005,-0.000899281,1319.0399999999768,0.3974820143884892
190329.45,4695.007500000298,4.243,3.335,58409.98600000143,69989.99,69989.99,0.9080000000000004,-0.000899281,39239.00799999998,0.3947841726618705
1211.17,339.3333333339542,3.873,3.641,1940.3129999991504,2708.31,7632.77,0.2320000000000002,-0.000899281,1212.091999999977,0.4010791366906475
1456.38,418.62857142835855,3.877,3.881,2398.744000000879,3320.34,8250.19,-0.004,-0.000899281,1470.2040000000002,0.3974820143884892
1417.41,365.4000000003725,3.844,3.897,2261.924800001085,3212.31,8397.94,-0.053,-0.000899281,1417.159999999977,0.3974820143884892
1335.62,399.5625,3.844,3.916,2030.0,2947.0,9232.88,-0.072,-0.000899281,1341.3619999999885,0.3929856115107913
1383.69,360.5,3.842,3.908,2089.112999999896,3032.31,8488.81,-0.066,-0.000899281,1379.4539999999768,0.3974820143884892
1457.59,421.7142857145518,3.885,3.877,2420.218999998644,3320.22,8354.97,0.008,-0.000899281,1473.22,0.3974820143884892
1386.97,396.0,3.865,3.895,2168.2819999996573,3068.28,8846.09,-0.03,-0.000899281,1368.6519999999769,0.3974820143884892
1488.55,428.5714285708964,3.903,3.571,2732.3280000016093,3572.33,8036.33,0.3319999999999998,-0.000899281,1492.574,0.401978417
1425.09,382.1999999992549,3.832,3.902,2233.175000000745,3176.38,8535.72,-0.07,-0.000899281,1444.158,0.3974820143884892
1322.31,366.0,3.883,3.899,2009.928999999538,2888.33,8342.95,-0.016,-0.000899281,1320.0559999999768,0.4028776978417266
1384.06,393.0,3.866,3.589,2414.219000000506,3248.22,8612.22,0.2770000000000001,-0.000899281,1374.7039999999768,0.3965827338129496
1206.81,338.6666666660458,3.872,3.642,1936.9314285703003,2672.36,7619.78,0.2299999999999999,-0.000899281,1211.2579999999766,0.4001798561151079
1344.81,388.1999999992549,3.845,3.911,2042.375,2924.38,9095.12,-0.066,-0.000899281,1340.9859999999885,0.3920863309352518
1412.09,398.99200000055134,3.875,3.583,2486.344000000506,3320.34,8398.09,0.2919999999999998,-0.000899281,1409.6799999999766,0.3965827338129496
1468.25,419.3142857141793,3.885,3.581,2630.375,3464.38,7970.47,0.3039999999999998,-0.000899281,1466.998,0.3965827338129496
1415.97,364.5,3.844,3.62,2434.7439999990165,3284.34,8198.81,0.2239999999999997,-0.000899281,1416.985999999977,0.3965827338129496
1467.69,425.1428571436554,3.891,3.578,2624.354333333671,3464.34,8198.38,0.3130000000000001,-0.000899281,1469.226,0.3965827338129497
1464.0,423.0,3.882,3.577,2672.3430000003427,3500.34,8360.34,0.3050000000000001,-0.000899281,1473.6,0.4199640287769784
1326.56,365.5,3.886,3.606,2264.4059999994934,3068.41,8065.41,0.2800000000000002,-0.000899281,1320.091999999977,0.4019784172661871
1440.0,400.80000000074506,3.889,3.577,3844.353000001982,4672.35,10252.35,0.3119999999999998,-0.000899281,39231.807999999975,0.3938848920863309
1486.75,430.2857142854482,3.903,3.572,2726.3279999997467,3572.33,8051.05,0.3309999999999999,-0.000899281,1490.756,0.4010791366906474
1441.41,387.0,3.839,3.607,2485.144000001252,3320.34,8316.97,0.2319999999999997,-0.000899281,1439.922,0.3965827338129496
1332.0,368.0999999996274,3.903,3.605,2302.058285713196,3104.34,8036.34,0.298,-0.000899281,1321.4399999999769,0.3965827338129496
1383.53,360.5,3.843,3.621,2312.406000001356,3176.41,8241.88,0.2219999999999999,-0.000899281,1379.5319999999767,0.3965827338129497
1380.78,358.5,3.843,3.621,2312.4059999994934,3140.41,8168.47,0.2219999999999999,-0.000899281,1379.0279999999766,0.3956834532374101
1471.28,420.6857142858207,3.887,3.577,2665.175000000745,3500.38,7986.06,0.31,-0.000899281,1464.638,0.3956834532374101
1464.0,421.5,3.882,3.577,2672.2180000003427,3500.22,8396.22,0.3050000000000001,-0.000899281,1471.2,0.4190647482014388
1484.8,427.2857142854482,3.903,3.573,2720.313,3572.31,8025.56,0.33,-0.000899281,1488.766,0.4001798561151079
1443.34,386.4000000003725,3.841,3.602,2528.375,3356.38,8335.47,0.2390000000000003,-0.000899281,1436.418,0.39568345323741
1332.0,370.5,3.903,3.602,2317.454857144505,3104.31,7964.31,0.3010000000000001,-0.000899281,1323.839999999977,0.3956834532374101
32.56,40.67796610109508,3.123,3.604,87.5,8.0,8.0,-0.481,-0.000899281,1061.687999999977,0.4010791366906475
1464.0,405.2571428567171,3.906,3.608,2696.353000000119,3500.35,8180.35,0.298,-0.000899281,39229.40799999998,0.3929856115107913
1407.75,398.4000000003725,3.875,3.582,2486.3120000008494,3320.31,8344.06,0.2930000000000001,-0.000899281,1407.3899999999765,0.3956834532374101
1382.69,391.1999999992549,3.867,3.59,2404.9464285708964,3212.38,8569.75,0.2770000000000001,-0.000899281,1379.4799999999766,0.39568345323741
1470.25,426.0,3.893,3.576,2660.218999998644,3500.22,8108.22,0.3169999999999997,-0.000899281,1466.048,0.3956834532374101
1192.86,346.7970000002533,3.865,3.795,1680.2190000005066,2527.0,8111.06,0.07,-0.000899281,1207.7119999999766,0.3992805755395683
1414.41,364.0,3.843,3.62,2427.5120000001043,3284.31,8194.19,0.2229999999999998,-0.000899281,1416.7139999999767,0.39568345323741
1344.12,385.3714285716415,3.847,3.606,2294.375,3104.38,8857.88,0.2410000000000001,-0.000899281,1341.1099999999883,0.3911870503597122
1343.19,384.30000000074506,3.848,3.606,2288.3120000008494,3104.31,8763.25,0.242,-0.000899281,1341.5099999999882,0.3902877697841727
1408.47,365.0999999996274,3.843,3.62,2414.3120000008494,3284.31,8166.28,0.2229999999999998,-0.000899281,1415.3119999999767,0.3947841726618705
1470.16,421.7142857145518,3.882,3.578,2666.3430000003427,3500.34,8360.34,0.3040000000000002,-0.000899281,1470.032,0.4181654676258993
1482.98,427.1999999992549,3.903,3.573,2714.359,3572.36,8053.77,0.33,-0.000899281,1486.766,0.3992805755395683
1464.0,408.0,3.909,3.602,2750.320000000298,3572.32,8072.32,0.3069999999999999,-0.000899281,39229.40799999998,0.3920863309352518
1378.03,358.0,3.843,3.621,2305.175000000745,3140.38,8168.56,0.2219999999999999,-0.000899281,1379.4659999999767,0.3947841726618705
1332.0,369.0,3.903,3.602,2317.491285715252,3104.34,8000.34,0.3010000000000001,-0.000899281,1326.2399999999768,0.3947841726618705
1380.47,391.5,3.867,3.59,2396.3120000008494,3212.31,8562.66,0.2770000000000001,-0.000899281,1381.8139999999769,0.3947841726618705
1326.62,366.30000000074506,3.887,3.605,2384.3430000003427,3176.34,8198.09,0.282,-0.000899281,1062.6659999999767,0.4001798561151079
1443.53,384.6857142858207,3.842,3.602,2528.344000000506,3356.34,8278.31,0.2400000000000002,-0.000899281,1433.784,0.3947841726618705
1408.19,397.5,3.875,3.583,2474.375,3284.38,8319.78,0.2919999999999998,-0.000899281,1406.2739999999767,0.3947841726618705
1477.12,423.08571428619325,3.887,3.577,2672.25,3500.25,7976.94,0.31,-0.000899281,1463.706,0.3947841726618705
1467.78,425.1428571436554,3.892,3.575,2672.281000001356,3500.28,8144.28,0.3169999999999997,-0.000899281,1462.616,0.3947841726618705
1199.5,337.3333333339542,3.866,3.914,1670.359999999404,2492.36,7924.73,-0.048,-0.000899281,1204.8399999999765,0.3983812949640287
1202.81,338.6666666660458,3.868,3.645,1895.740571429953,2636.31,7725.66,0.2229999999999998,-0.000899281,1202.6299999999767,0.3974820143884892
1468.31,426.4285714291036,3.893,3.575,2666.3430000003427,3500.34,8121.62,0.3179999999999996,-0.000899281,1466.324,0.3938848920863309
1341.56,385.3714285716415,3.848,3.607,2288.375,3068.38,8744.0,0.2409999999999996,-0.000899281,1341.8599999999883,0.3893884892086331
1406.56,398.4000000003725,3.875,3.583,2474.344000000506,3284.34,8312.72,0.2919999999999998,-0.000899281,1409.0179999999768,0.3938848920863309
1326.84,365.4000000003725,3.887,3.605,2276.343999998644,3068.34,8022.81,0.282,-0.000899281,1066.9779999999766,0.3992805755395683
1440.22,430.7970000002533,3.884,3.764,2492.281000001356,3430.02,8405.56,0.1200000000000001,-0.000899281,1476.66,0.3983812949640287
1474.53,421.2857142854482,3.888,3.574,2690.343999998644,3536.34,8023.91,0.314,-0.000899281,1469.512,0.3938848920863309
1399.5,360.9000000003725,3.842,3.622,2391.574999999255,3248.38,8156.94,0.2200000000000002,-0.000899281,1411.1519999999769,0.3938848920863309
1374.94,357.5,3.842,3.621,2294.3430000003427,3140.34,8133.62,0.221,-0.000899281,1380.1939999999768,0.3938848920863309
1332.0,367.5,3.905,3.602,2317.513285715133,3104.34,7964.34,0.3029999999999999,-0.000899281,1329.5999999999767,0.3938848920863309
1464.0,420.4285714291036,3.881,3.579,2660.343999998644,3500.34,8396.34,0.3019999999999996,-0.000899281,1467.632,0.4172661870503596
1378.53,390.30000000074506,3.867,3.59,2390.3378333337605,3212.31,8566.09,0.2770000000000001,-0.000899281,1382.543999999977,0.3938848920863309
1443.31,383.4000000003725,3.843,3.602,2534.344000000506,3392.34,8321.03,0.2410000000000001,-0.000899281,1439.336,0.3938848920863309
1464.0,409.2857142854482,3.911,3.6,2756.3499999996275,3572.35,8000.35,0.3109999999999999,-0.000899281,39232.28999999998,0.3911870503597122
1376.5,389.4000000003725,3.866,3.591,2384.344000000506,3212.34,8560.56,0.2749999999999999,-0.000899281,1380.4499999999766,0.3929856115107913
1332.0,369.0,3.905,3.602,2312.25,3104.25,7964.25,0.3029999999999999,-0.000899281,1332.0,0.3929856115107913
1440.66,382.5,3.842,3.601,2534.3120000008494,3356.31,8323.16,0.2410000000000001,-0.000899281,1442.45,0.3929856115107913
1373.25,357.0,3.842,3.622,2288.343999998644,3140.34,8103.34,0.2200000000000002,-0.000899281,1378.1059999999766,0.3929856115107913
1467.06,425.82857142947614,3.893,3.594,2666.343999998644,3500.34,8101.56,0.2989999999999999,-0.000899281,1468.218,0.3929856115107913
1340.38,385.3714285716415,3.848,3.605,2282.375,3068.38,8772.31,0.2429999999999998,-0.000899281,1342.8119999999883,0.3884892086330935
1464.0,418.62857142835855,3.881,3.579,2654.313,3500.31,8360.31,0.3019999999999996,-0.000899281,1465.232,0.4163669064748202
1408.56,399.08571428619325,3.877,3.582,2468.343999998644,3284.34,8330.94,0.2949999999999999,-0.000899281,1408.6299999999767,0.3929856115107913
1391.06,361.1999999992549,3.84,3.624,2360.3120000008494,3212.31,8168.78,0.2159999999999997,-0.000899281,1405.8819999999766,0.3929856115107913
1454.5,422.0571428555995,3.885,3.879,2391.5429999995977,3320.34,8164.44,0.006,-0.000899281,1469.85,0.3974820143884892
1206.94,338.6666666660458,3.871,3.644,1911.2011428568512,2672.34,7611.19,0.2269999999999998,-0.000899281,1201.783999999977,0.3965827338129496
1327.69,365.4000000003725,3.886,3.604,2276.375,3068.38,8018.03,0.282,-0.000899281,1068.053999999977,0.3983812949640288
1464.0,409.3714285716415,3.912,3.6,2758.782999999821,3572.38,8000.38,0.3119999999999998,-0.000899281,1459.1999999999766,0.3902877697841727
1470.47,421.2857142854482,3.888,3.574,2684.344000000506,3536.34,7993.47,0.314,-0.000899281,1472.33,0.3929856115107913
1338.88,383.4000000003725,3.847,3.607,2276.313,3068.31,8781.19,0.2399999999999997,-0.000899281,1341.6259999999884,0.387589928
1374.69,389.4255999997258,3.866,3.592,2378.219000000506,3176.22,8560.25,0.274,-0.000899281,1378.5759999999768,0.3920863309352518
1370.72,356.80000000074506,3.842,3.622,2283.5129999984056,3140.31,8108.31,0.2200000000000002,-0.000899281,1375.543999999977,0.3920863309352517
1442.12,382.2857142854482,3.843,3.602,2528.343999998644,3356.34,8343.41,0.2410000000000001,-0.000899281,1442.592,0.3920863309352518
1473.34,422.0,3.889,3.576,2678.344000000506,3500.34,8016.81,0.3129999999999997,-0.000899281,1473.348,0.3920863309352518
1327.47,365.4000000003725,3.887,3.603,2281.548857143149,3068.41,8025.41,0.2839999999999998,-0.000899281,1068.235999999977,0.3974820143884892
1332.0,366.5999999996274,3.905,3.602,2312.375,3104.38,8036.38,0.3029999999999999,-0.000899281,1332.0,0.3920863309352518
1205.94,338.6666666660458,3.871,3.643,1926.651571428404,2672.34,7598.94,0.2280000000000002,-0.000899281,1201.6099999999767,0.3956834532374101
1470.88,424.1999999992549,3.896,3.574,2666.3430000003427,3500.34,8119.16,0.322,-0.000899281,1468.8560000000002,0.3920863309352517
1386.28,359.5,3.839,3.625,2336.344000000506,3176.34,8163.75,0.2139999999999999,-0.000899281,1399.9439999999763,0.3920863309352518
1404.56,396.0,3.876,3.582,2476.8834285717458,3284.31,8323.06,0.294,-0.000899281,1407.1239999999766,0.3920863309352518
1452.0,417.9428571444005,3.881,3.579,2648.188,3464.19,8324.19,0.3019999999999996,-0.000899281,1462.832,0.4154676258992806
1464.0,407.5714285708964,3.912,3.599,2750.3509999997914,3572.35,8000.35,0.3129999999999997,-0.000899281,1464.0,0.3893884892086331
1465.78,425.2185999993235,3.89,3.584,2606.313,3464.31,8108.56,0.306,-0.000899281,1465.6560000000002,0.3965827338129496
1372.44,388.5,3.866,3.592,2372.343999998644,3176.34,8554.66,0.274,-0.000899281,1376.5259999999769,0.3911870503597122
1403.31,397.5,3.875,3.583,2462.344000000506,3284.34,8368.78,0.2919999999999998,-0.000899281,1406.235999999977,0.3911870503597122
1204.84,337.5,3.871,3.643,1922.375,2672.38,7578.25,0.2280000000000002,-0.000899281,1204.005999999977,0.3947841726618705
1466.28,423.4285714291036,3.893,3.573,2672.343999998644,3500.34,8131.25,0.3199999999999998,-0.000899281,1468.062,0.3911870503597122
1452.0,417.8571428563446,3.88,3.58,2642.344000000506,3464.34,8360.34,0.2999999999999998,-0.000899281,1460.432,0.414568345323741
1385.69,359.40000000037253,3.839,3.627,2319.5439999997616,3176.34,8125.06,0.2120000000000002,-0.000899281,1394.1999999999766,0.3911870503597122
1474.34,427.1999999992549,3.895,3.581,2648.2809999994934,3500.28,8062.22,0.314,-0.000899281,1463.564,0.39568345323741
1452.0,406.9714285712689,3.912,3.599,2738.254000000656,3536.25,7964.26,0.3129999999999997,-0.000899281,1461.5999999999767,0.3884892086330935
1471.28,420.0,3.888,3.574,2684.375,3536.38,8034.44,0.314,-0.000899281,1473.348,0.3911870503597122
1368.03,356.0,3.841,3.624,2276.343999998644,3104.34,8097.22,0.217,-0.000899281,1372.9939999999767,0.3911870503597122
1324.72,365.0,3.887,3.603,2276.219000000506,3068.22,7996.88,0.2839999999999998,-0.000899281,1326.6679999999765,0.3965827338129497
1332.0,366.5,3.904,3.603,2302.0572857148945,3104.34,7964.34,0.3009999999999997,-0.000899281,1332.0,0.3911870503597122
1437.56,381.0,3.842,3.602,2528.219000000506,3356.22,8263.03,0.2400000000000002,-0.000899281,1441.436,0.3911870503597122
1452.0,406.2857142854482,3.912,3.599,2726.320000000298,3536.32,7928.32,0.3129999999999997,-0.000899281,1459.1999999999766,0.3875899280575539
1368.72,356.0,3.84,3.623,2269.050000000745,3104.25,8097.94,0.2169999999999996,-0.000899281,1371.1319999999769,0.3902877697841727
1470.44,421.2857142854482,3.888,3.575,2672.25,3500.25,8006.5,0.3129999999999997,-0.000899281,1472.012,0.3902877697841727
1385.91,360.30000000074506,3.839,3.626,2319.5439999997616,3176.34,8125.91,0.213,-0.000899281,1389.687999999977,0.3902877697841727
1465.16,423.4285714291036,3.893,3.574,2660.344000000506,3500.34,8125.72,0.3189999999999999,-0.000899281,1467.538,0.3902877697841727
1370.16,387.5999999996274,3.866,3.592,2366.219000000506,3176.22,8530.16,0.274,-0.000899281,1374.4639999999767,0.3902877697841727
1403.22,396.0,3.876,3.584,2462.375,3284.38,8294.0,0.2919999999999998,-0.000899281,1405.2419999999768,0.3902877697841727
1472.66,426.0,3.896,3.578,2672.313,3536.31,8042.94,0.318,-0.000899281,1461.5,0.3947841726618705
1296.51,366.0,3.85,4.227,-50.92266665,890.02,5248.35,-0.377,-0.001798561,1332.1039999999884,0.3865107913669064
1438.75,381.5999999996274,3.842,3.602,2516.219000000506,3356.22,8285.0,0.2400000000000002,-0.000899281,1440.48,0.3902877697841727
1322.69,364.5,3.887,3.603,2270.344000000506,3068.34,8036.5,0.2839999999999998,-0.000899281,1325.8819999999766,0.3956834532374101
1320.0,367.3333333339542,3.903,3.601,2296.915428571403,3068.34,7964.34,0.302,-0.000899281,1329.5999999999767,0.3902877697841727
1202.84,336.0,3.871,3.643,1921.517857143656,2672.38,7546.56,0.2280000000000002,-0.000899281,1204.6739999999768,0.3938848920863309
1452.0,418.5,3.88,3.58,2636.219000000506,3464.25,8396.22,0.2999999999999998,-0.000899281,1456.8,0.4136690647482014
1452.0,419.5714285708964,3.88,3.58,2636.25,3464.25,8360.25,0.2999999999999998,-0.000899281,1454.4,0.4127697841726618
1199.66,337.3333333339542,3.87,3.645,1916.2190000005064,2672.22,7554.66,0.2250000000000001,-0.000899281,1204.043999999977,0.3929856115107913
1436.94,382.5,3.842,3.601,2521.1130000017583,3356.31,8266.56,0.2410000000000001,-0.000899281,1439.206,0.3893884892086331
1474.47,425.4857142847032,3.897,3.582,2666.313,3500.31,8029.16,0.3149999999999999,-0.000899281,1468.35,0.3938848920863309
1318.46,361.0,3.875,3.629,2245.366857143119,2996.22,8285.95,0.246,-0.000899281,1327.1579999999883,0.3854316546762589
1377.59,356.5,3.838,3.626,2318.3430000003427,3176.34,8165.56,0.2120000000000002,-0.000899281,1385.3059999999766,0.3893884892086331
1428.0,396.9000000003725,3.907,3.6,2702.351999999956,3500.35,7964.35,0.3069999999999999,-0.000899281,1451.9999999999768,0.3866906474820143
1320.0,367.0,3.902,3.602,2291.740571429953,3068.31,7964.31,0.3000000000000002,-0.000899281,1327.1999999999766,0.3893884892086331
1402.91,396.0,3.876,3.583,2462.3430000003427,3284.34,8318.53,0.2929999999999997,-0.000899281,1404.5119999999763,0.3893884892086331
1471.59,421.3714285716415,3.889,3.575,2666.2809999994934,3500.28,7973.28,0.3139999999999996,-0.000899281,1471.424,0.3893884892086331
1465.78,424.11428571492434,3.894,3.574,2666.344000000506,3500.34,8065.41,0.3200000000000003,-0.000899281,1467.032,0.3893884892086331
1368.03,386.6999999992549,3.865,3.592,2360.344000000506,3176.34,8557.09,0.2730000000000001,-0.000899281,1372.3639999999768,0.3893884892086331
1318.78,363.5999999996274,3.886,3.604,2264.343999998644,3068.34,8011.59,0.282,-0.000899281,1324.2699999999768,0.3947841726618705
1366.16,355.53099999949336,3.84,3.623,2269.175000000745,3104.38,8110.22,0.2169999999999996,-0.000899281,1369.3759999999768,0.3893884892086331
1474.0,424.2857142854482,3.897,3.577,2672.281000001356,3536.28,8051.88,0.3199999999999998,-0.000899281,1472.25,0.3929856115107913
1322.72,363.30000000074506,3.879,3.622,2312.3509999997914,3068.35,8354.72,0.2570000000000001,-0.000899281,1323.3899999999885,0.3843525179856115
1320.0,364.5,3.901,3.604,2286.5977142862976,3068.31,7928.31,0.2969999999999997,-0.000899281,1324.7999999999768,0.3884892086330935
1416.0,392.2285714298487,3.906,3.604,2624.320000000298,3428.32,7964.32,0.302,-0.000899281,1442.399999999977,0.3857913669064748
1466.31,424.11428571492434,3.894,3.574,2666.375,3500.38,8115.06,0.3200000000000003,-0.000899281,1466.882,0.3884892086330935
1373.44,356.69999999925494,3.837,3.628,2288.3430000003427,3140.34,8097.31,0.209,-0.000899281,1381.7819999999767,0.3884892086330935
1471.56,421.3714285716415,3.889,3.575,2672.2809999994934,3500.28,7993.56,0.3139999999999996,-0.000899281,1471.642,0.3884892086330935
1402.31,396.0,3.876,3.583,2462.3430000003427,3284.34,8330.5,0.2929999999999997,-0.000899281,1403.2619999999763,0.3884892086330935
1434.72,380.6999999992549,3.841,3.602,2516.344000000506,3356.34,8251.16,0.2390000000000003,-0.000899281,1438.018,0.3884892086330935
1308.0,361.8666666653007,3.886,3.605,2252.344000000506,3032.34,8007.09,0.2810000000000001,-0.000899281,1320.3319999999767,0.3938848920863309
1452.0,418.9714285712689,3.879,3.58,2630.2809999994934,3464.28,8324.28,0.2989999999999999,-0.000899281,1452.0,0.4118705035971223
1198.31,336.0,3.871,3.645,1906.0582857150584,2672.34,7558.34,0.2259999999999999,-0.000899281,1202.3179999999768,0.3920863309352518
1366.12,384.30000000074506,3.865,3.592,2353.361857144162,3176.22,8567.25,0.2730000000000001,-0.000899281,1370.2879999999766,0.3884892086330935
1364.5,355.5,3.84,3.623,2258.313,3104.31,8118.09,0.2169999999999996,-0.000899281,1367.6259999999768,0.3884892086330935
1416.0,391.5428571,3.905,3.606,2588.320000000298,3392.32,7928.32,0.2989999999999999,-0.000899281,1432.7999999999768,0.3848920863309352
1320.0,361.80000000074506,3.88,3.62,2322.605714285746,3104.32,8357.21,0.2599999999999998,-0.000899281,1319.3139999999885,0.3832733812949641
1370.75,356.6666666660458,3.837,3.629,2276.313,3140.31,8109.59,0.2080000000000001,-0.000899281,1378.6759999999765,0.387589928
1320.0,364.0,3.9,3.603,2276.375,3068.38,7892.38,0.2969999999999997,-0.000899281,1322.399999999977,0.3875899280575539
1312.0,361.80000000074506,3.886,3.606,2245.454857144505,3032.31,7982.81,0.2800000000000002,-0.000899281,1317.2379999999769,0.3929856115107913
1440.0,414.9000000003725,3.876,3.58,2624.344000000506,3464.34,8360.34,0.2959999999999998,-0.000899281,1449.6,0.4109712230215827
1473.09,426.5266857147217,3.896,3.578,2672.344000000506,3500.34,8036.84,0.318,-0.000899281,1473.712,0.3920863309352518
1198.0,337.0,3.871,3.645,1900.9154285695404,2636.34,7545.28,0.2259999999999999,-0.000899281,1200.7299999999766,0.3911870503597122
1431.75,380.6999999992549,3.842,3.604,2510.25,3356.25,8238.09,0.238,-0.000899281,1435.944,0.387589928
1402.0,395.0999999996274,3.875,3.583,2456.219000000506,3284.22,8373.28,0.2919999999999998,-0.000899281,1402.7499999999768,0.3875899280575539
1362.09,353.5,3.84,3.623,2254.712999999523,3104.31,8095.56,0.2169999999999996,-0.000899281,1365.899999999977,0.3875899280575539
1364.38,385.80000000074506,3.864,3.594,2348.3120000008494,3140.31,8550.91,0.27,-0.000899281,1368.2259999999767,0.387589928
1471.69,419.6571428570896,3.89,3.574,2672.3120000008494,3500.31,8013.88,0.3160000000000003,-0.000899281,1471.312,0.3875899280575539
1466.28,424.11428571492434,3.895,3.575,2666.375,3500.38,8116.56,0.3199999999999998,-0.000899281,1465.962,0.3875899280575539
1196.53,336.6666666660458,3.871,3.644,1895.803571429104,2636.38,7517.94,0.2269999999999998,-0.000899281,1199.0679999999768,0.3902877697841727
1465.09,424.11428571492434,3.895,3.574,2666.344000000506,3500.34,8102.06,0.3210000000000002,-0.000899281,1465.724,0.3866906474820143
1320.0,365.0999999996274,3.9,3.604,2271.201142856851,3068.34,7928.34,0.2959999999999998,-0.000899281,1320.0,0.3866906474820143
1429.06,380.6999999992549,3.842,3.604,2504.344000000506,3356.34,8244.81,0.238,-0.000899281,1434.244,0.3866906474820143
1362.25,384.9000000003725,3.864,3.593,2342.343999998644,3140.34,8530.53,0.2709999999999999,-0.000899281,1366.187999999977,0.3866906474820143
1400.41,395.0999999996274,3.876,3.584,2456.344000000506,3284.34,8303.62,0.2919999999999998,-0.000899281,1402.1699999999769,0.3866906474820143
1323.71,362.5,3.88,3.619,2322.668714284897,3104.38,8407.33,0.2609999999999997,-0.000899281,1316.2799999999884,0.3821942446043165
1471.16,419.6571428570896,3.89,3.573,2672.343999998644,3500.34,8078.62,0.3170000000000001,-0.000899281,1471.288,0.3866906474820143
1472.38,423.0,3.897,3.577,2672.343999998644,3536.34,8033.84,0.3199999999999998,-0.000899281,1473.3200000000002,0.3911870503597122
1359.16,354.59999999962747,3.84,3.624,2247.5439999997616,3104.34,8103.78,0.2159999999999997,-0.000899281,1364.1259999999768,0.3866906474820143
1438.5,411.9000000003725,3.872,3.584,2576.313,3392.31,8360.31,0.2879999999999998,-0.000899281,1446.9,0.4100719424460431
1309.47,361.0,3.885,3.606,2234.3430000003427,3032.34,7981.81,0.2789999999999999,-0.000899281,1314.187999999977,0.3920863309352517
1404.0,390.0,3.906,3.607,2570.3509999997914,3392.35,7856.35,0.2989999999999999,-0.000899281,1423.1999999999766,0.3839928057553957
1369.94,357.0,3.837,3.63,2269.143000001088,3104.34,8114.19,0.2070000000000003,-0.000899281,1375.5259999999766,0.3866906474820143
1308.0,362.6999999992549,3.901,3.604,2270.3430000003427,3068.34,7928.34,0.2969999999999997,-0.000899281,1317.5999999999767,0.3857913669064748
1470.25,417.8648928571493,3.89,3.575,2672.375,3500.38,8083.38,0.3149999999999999,-0.000899281,1471.25,0.3857913669064748
1354.56,352.80000000074506,3.838,3.625,2240.375,3068.34,8090.62,0.213,-0.000899281,1361.293999999977,0.3857913669064748
1468.38,423.4285714291036,3.896,3.578,2666.375,3500.38,8018.59,0.318,-0.000899281,1472.4640000000002,0.3902877697841727
1321.38,360.9000000003725,3.88,3.618,2317.4948571436107,3104.35,8357.76,0.262,-0.000899281,1321.2539999999883,0.381294964
1400.34,394.7142857145518,3.875,3.584,2456.3430000003427,3284.34,8358.47,0.2909999999999999,-0.000899281,1401.5939999999766,0.3857913669064748
1404.0,388.45714285597205,3.905,3.607,2558.3829999994487,3356.38,7892.38,0.2979999999999996,-0.000899281,1413.5999999999767,0.3830935251798561
1368.78,355.80000000074506,3.836,3.63,2264.4059999994934,3104.41,8095.31,0.2059999999999999,-0.000899281,1372.0999999999767,0.3857913669064748
1464.19,421.7142857145518,3.894,3.575,2660.469000000506,3500.47,8109.81,0.3189999999999999,-0.000899281,1465.53,0.3857913669064748
1427.19,378.30000000074506,3.842,3.604,2498.3430000003427,3320.34,8223.97,0.238,-0.000899281,1431.932,0.3857913669064748
1420.81,423.5625,3.862,3.891,2324.0,3262.0,8673.0,-0.029,-0.000899281,1440.6619999999998,0.4091726618705036
1307.81,359.73333333432674,3.885,3.607,2228.375,2996.38,7971.44,0.2779999999999996,-0.000899281,1311.2119999999766,0.3911870503597122
1194.53,334.6666666660458,3.871,3.644,1892.9417142849416,2638.66,7525.25,0.2269999999999998,-0.000899281,1197.4059999999768,0.3893884892086331
1360.47,382.5,3.863,3.593,2336.343999998644,3140.34,8530.75,0.27,-0.000899281,1364.2499999999768,0.3857913669064748
1320.55,360.9000000003725,3.881,3.618,2307.178142854944,3068.32,8396.32,0.2629999999999999,-0.000899281,1321.6719999999882,0.3803956834532374
1398.75,394.1999999992549,3.875,3.583,2450.25,3284.25,8317.0,0.2919999999999998,-0.000899281,1400.7619999999763,0.3848920863309352
1367.25,354.40000000037253,3.836,3.63,2261.944000000134,3104.34,8121.81,0.2059999999999999,-0.000899281,1370.0319999999767,0.3848920863309352
1191.44,334.6666666660458,3.87,3.646,1885.486857144162,2636.34,7572.78,0.2240000000000002,-0.000899281,1195.7619999999763,0.3884892086330935
1469.06,421.7142857145518,3.897,3.579,2654.219000000506,3500.22,8027.91,0.3179999999999996,-0.000899281,1471.382,0.3893884892086331
189272.25,5849.984999999404,4.238,3.335,56460.0,67529.98,67529.98,0.9030000000000004,-0.000899281,39004.712,0.408273381294964
1353.16,351.90000000037253,3.838,3.625,2225.912999998778,3068.31,8088.94,0.213,-0.000899281,1358.6939999999768,0.3848920863309352
1468.97,419.5714285708964,3.89,3.573,2666.344000000506,3500.34,8065.0,0.3170000000000001,-0.000899281,1470.726,0.3848920863309352
1426.09,378.30000000074506,3.842,3.604,2492.25,3320.25,8220.12,0.238,-0.000899281,1429.762,0.3848920863309352
1355.0,382.1999999992549,3.862,3.593,2330.344000000506,3140.34,8552.66,0.2690000000000001,-0.000899281,1361.6439999999768,0.3848920863309352
1308.0,363.0,3.899,3.605,2255.6465714294463,3032.22,7928.22,0.294,-0.000899281,1315.1999999999766,0.3848920863309352
1305.41,358.5,3.884,3.607,2222.313,2996.31,7939.31,0.2769999999999997,-0.000899281,1308.5379999999768,0.3902877697841727
1404.0,387.7714285701513,3.905,3.607,2548.7974285725504,3356.23,7892.23,0.2979999999999996,-0.000899281,1408.7999999999768,0.3821942446043166
1463.34,423.0,3.894,3.574,2656.7584285717458,3500.19,8111.53,0.3200000000000003,-0.000899281,1465.042,0.3848920863309352
1343.84,379.1999999992549,3.857,3.595,2312.344000000506,3104.34,8532.59,0.262,-0.000899281,1357.187999999977,0.3839928057553957
1190.91,334.6666666660458,3.87,3.646,1875.1071428563448,2636.25,7584.22,0.2240000000000002,-0.000899281,1194.2819999999767,0.3875899280575539
1461.91,423.4285714291036,3.893,3.574,2654.3430000003427,3500.34,8075.0,0.3189999999999999,-0.000899281,1464.1619999999998,0.3839928057553957
1397.16,393.30000000074506,3.875,3.583,2450.344000000506,3248.34,8322.19,0.2919999999999998,-0.000899281,1399.7319999999768,0.3839928057553957
1316.84,360.5,3.881,3.62,2301.9722857140005,3068.26,8382.53,0.2609999999999997,-0.000899281,1320.4959999999885,0.3794964028776978
1364.19,356.0,3.836,3.63,2254.712999999523,3104.31,8087.75,0.2059999999999999,-0.000899281,1368.1819999999766,0.3839928057553957
1424.62,378.30000000074506,3.842,3.604,2485.112999999896,3320.31,8216.28,0.238,-0.000899281,1427.742,0.3839928057553957
1468.0,420.6857142858207,3.888,3.574,2666.313,3500.31,8045.91,0.314,-0.000899281,1470.014,0.3839928057553957
1467.44,421.7142857145518,3.897,3.578,2660.344000000506,3500.34,8032.88,0.3189999999999999,-0.000899281,1470.0700000000002,0.3884892086330935
1404.0,387.0,3.86,3.606,2472.224000003189,4564.54,10756.54,0.254,-0.000899281,38995.112,0.4073741007194244
1308.0,361.80000000074506,3.9,3.606,2255.803571429104,3032.38,7928.38,0.294,-0.000899281,1312.7999999999768,0.3839928057553957
1350.53,352.6666666660458,3.837,3.627,2222.375,3068.38,8028.94,0.2100000000000004,-0.000899281,1355.899999999977,0.3839928057553957
1303.09,359.3333333339542,3.884,3.608,2214.535714285448,2996.25,7962.0,0.2759999999999998,-0.000899281,1307.5559999999766,0.3893884892086331
1392.0,387.08571428619325,3.904,3.608,2534.3279999997467,3356.33,7856.33,0.2959999999999998,-0.000899281,1403.9999999999768,0.3812949640287769
1423.19,378.30000000074506,3.842,3.605,2477.8499999996275,3320.25,8205.84,0.2370000000000001,-0.000899281,1426.03,0.383093525179856
1428.0,391.88571428507566,3.876,3.616,2522.2560000009835,3320.26,8432.26,0.2599999999999998,-0.000899281,38992.712,0.4064748201438849
1190.75,333.3333333339542,3.872,3.645,1875.2011428549888,2636.34,7576.25,0.2269999999999998,-0.000899281,1192.8319999999767,0.3866906474820143
1308.0,362.5,3.9,3.605,2250.5977142862976,3032.31,7928.31,0.2949999999999999,-0.000899281,1310.399999999977,0.3830935251798561
1465.94,420.5999999996274,3.887,3.574,2666.406000001356,3500.41,8042.16,0.3130000000000001,-0.000899281,1468.864,0.3830935251798561
1465.06,420.0,3.897,3.578,2654.344000000506,3500.34,8008.81,0.3189999999999999,-0.000899281,1468.464,0.387589928
1293.18,354.0,3.874,3.618,2282.3509999997914,3068.35,8379.07,0.2560000000000002,-0.000899281,1315.1319999999882,0.3785971223021582
1395.59,393.9428571444005,3.873,3.584,2444.313,3248.31,8311.12,0.2890000000000001,-0.000899281,1398.4499999999766,0.3830935251798561
1460.28,422.1328928563744,3.893,3.574,2654.3279999997467,3500.31,8099.28,0.3189999999999999,-0.000899281,1462.962,0.3830935251798561
1364.94,354.5,3.836,3.631,2246.3430000003427,3104.34,8112.28,0.205,-0.000899281,1367.0199999999766,0.383093525179856
1392.0,386.4000000003725,3.904,3.609,2522.3590000011027,3320.36,7880.52,0.2949999999999999,-0.000899281,1399.1999999999766,0.3803956834532374
1332.94,376.1999999992549,3.852,3.598,2276.3430000003427,3068.34,8494.16,0.254,-0.000899281,1350.899999999977,0.383093525179856
1352.38,351.90000000037253,3.838,3.626,2216.3120000008494,3068.31,8051.47,0.2120000000000002,-0.000899281,1353.957999999977,0.3830935251798561
1301.75,359.09999999962747,3.884,3.608,2204.344000000506,2996.34,7969.12,0.2759999999999998,-0.000899281,1305.505999999977,0.3884892086330935
1284.54,352.0,3.872,3.624,2209.494857141748,2960.35,8411.46,0.2479999999999997,-0.000899281,1307.2979999999884,0.3776978417266187
1394.31,392.4000000003725,3.874,3.584,2438.344000000506,3248.34,8335.56,0.29,-0.000899281,1397.2299999999766,0.3821942446043166
1458.47,421.1999999992549,3.893,3.575,2648.343999998644,3464.34,8036.34,0.3179999999999996,-0.000899281,1461.638,0.3821942446043165
1363.69,353.3333333339542,3.836,3.63,2252.3646666668355,3104.34,8107.69,0.2059999999999999,-0.000899281,1365.7699999999768,0.3821942446043166
1463.72,421.5,3.897,3.579,2648.2180000003427,3500.22,8015.53,0.3179999999999996,-0.000899281,1466.732,0.3866906474820143
1299.28,358.19999999925494,3.883,3.608,2204.2180000003427,2996.22,7957.88,0.2749999999999999,-0.000899281,1303.4679999999769,0.3875899280575539
1462.78,417.9428571444005,3.886,3.575,2665.081000002101,3500.28,7994.03,0.3109999999999999,-0.000899281,1467.188,0.3821942446043166
1421.47,377.4000000003725,3.841,3.605,2468.2809999994934,3320.28,8177.84,0.2360000000000002,-0.000899281,1424.512,0.3821942446043166
1316.22,361.80000000074506,3.9,3.605,2250.629714285955,3032.34,7928.34,0.2949999999999999,-0.000899281,1309.6439999999766,0.3821942446043166
1347.22,350.5,3.836,3.626,2222.3120000008494,3068.31,8044.69,0.2099999999999999,-0.000899281,1351.5699999999767,0.3821942446043165
1328.09,375.9000000003725,3.85,3.601,2246.375,3032.38,8512.56,0.2490000000000001,-0.000899281,1344.0679999999768,0.3821942446043166
1380.0,384.5999999996274,3.903,3.609,2504.344000000506,3320.34,7856.34,0.294,-0.000899281,1394.399999999977,0.3794964028776978
1191.81,333.3333333339542,3.872,3.646,1874.2190000005064,2636.22,7634.06,0.2259999999999999,-0.000899281,1191.8879999999767,0.3857913669064748
1428.0,393.62480000033975,3.881,3.611,2582.223,3392.22,8360.22,0.2699999999999996,-0.000899281,38990.612,0.4055755395683453
1187.12,332.0,3.871,3.646,1874.3440000005064,2636.34,7607.5,0.2250000000000001,-0.000899281,1190.4059999999768,0.3848920863309352
1345.75,351.59999999962747,3.836,3.628,2210.344000000506,3068.34,8031.91,0.2079999999999997,-0.000899281,1349.8079999999768,0.381294964
1420.0,378.0,3.842,3.605,2463.5429999995977,3320.34,8187.25,0.2370000000000001,-0.000899281,1423.0739999999998,0.381294964
1457.09,420.8571428563446,3.893,3.577,2642.3430000003427,3464.34,8105.5,0.3159999999999998,-0.000899281,1460.218,0.381294964
1458.19,414.8571428563446,3.886,3.575,2660.344000000506,3500.34,7998.88,0.3109999999999999,-0.000899281,1464.7760000000003,0.3812949640287769
1428.0,393.2571428567171,3.883,3.609,2594.322000000626,3392.32,8324.32,0.274,-0.000899281,38992.05,0.4046762589928058
1462.69,421.7142857145518,3.898,3.579,2643.5120000001043,3500.31,8014.78,0.3189999999999999,-0.000899281,1465.594,0.3857913669064748
1300.22,357.8666666653007,3.883,3.608,2198.406000001356,2996.41,7932.06,0.2749999999999999,-0.000899281,1301.9499999999766,0.3866906474820143
1308.0,362.5,3.9,3.605,2250.660714285448,3032.38,7928.38,0.2949999999999999,-0.000899281,1309.6439999999766,0.3812949640287769
1328.84,376.3333333339542,3.85,3.601,2234.3120000008494,3032.31,8525.41,0.2490000000000001,-0.000899281,1337.7419999999763,0.381294964
1380.0,383.6999999992549,3.903,3.609,2486.343999998644,3284.34,7856.34,0.294,-0.000899281,1389.5999999999767,0.3785971223021583
1359.69,352.6666666660458,3.835,3.63,2246.375,3104.38,8117.47,0.205,-0.000899281,1363.9519999999768,0.381294964
1280.09,351.5,3.871,3.625,2183.749571427703,2960.32,8402.69,0.246,-0.000899281,1299.0399999999886,0.3767985611510791
1392.97,393.2394285723567,3.874,3.584,2435.772571427748,3248.34,8355.19,0.29,-0.000899281,1395.755999999977,0.3812949640287769
1308.0,363.5999999996274,3.902,3.606,2245.5178571436554,3032.38,8000.38,0.2960000000000002,-0.000899281,1309.6439999999766,0.3803956834532374
1186.44,333.3333333339542,3.87,3.647,1859.772571427748,2600.34,7601.5,0.2230000000000003,-0.000899281,1189.4059999999768,0.3839928057553957
1322.72,374.5,3.849,3.601,2234.313,3032.31,8496.19,0.2480000000000002,-0.000899281,1331.2859999999766,0.3803956834532374
1295.91,356.5,3.881,3.608,2199.138142855838,2996.28,7967.25,0.2729999999999997,-0.000899281,1300.0499999999768,0.3857913669064748
1391.19,391.5,3.873,3.586,2432.375,3248.38,8324.09,0.2870000000000003,-0.000899281,1394.2439999999767,0.3803956834532374
1277.18,349.5,3.872,3.626,2168.351000001654,2924.35,8404.42,0.246,-0.000899281,1290.3659999999884,0.3758992805755395
1455.72,420.8571428563446,3.893,3.576,2636.3430000003427,3464.34,8089.91,0.3169999999999997,-0.000899281,1458.694,0.3803956834532374
1454.97,414.8571428563446,3.885,3.577,2648.344000000506,3464.34,7979.38,0.3079999999999998,-0.000899281,1461.976,0.3803956834532374
1357.47,353.59999999962747,3.834,3.632,2233.112999999896,3068.31,8087.06,0.2019999999999999,-0.000899281,1361.995999999977,0.3803956834532374
1344.41,350.0,3.836,3.628,2216.219000000506,3068.22,8033.69,0.2079999999999997,-0.000899281,1348.0579999999768,0.3803956834532374
1419.12,376.5,3.842,3.605,2456.344000000506,3320.34,8227.31,0.2370000000000001,-0.000899281,1421.6799999999998,0.3803956834532374
1462.16,421.7142857145518,3.897,3.58,2642.25,3500.25,8003.38,0.3169999999999997,-0.000899281,1464.214,0.3848920863309352
1428.0,391.5428571,3.886,3.609,2594.320000000298,3392.32,8360.32,0.2770000000000001,-0.000899281,1423.2,0.4037769784172662
1380.0,380.4000000003725,3.903,3.609,2474.344000000506,3284.34,7820.34,0.294,-0.000899281,1384.7999999999768,0.3776978417266187
1380.0,381.5,3.903,3.61,2456.344000000506,3248.34,7820.34,0.2930000000000001,-0.000899281,1382.399999999977,0.3767985611510791
1342.41,349.5,3.835,3.627,2216.343999998644,3032.34,8009.25,0.2080000000000001,-0.000899281,1346.4339999999768,0.3794964028776978
1389.78,391.5,3.873,3.585,2426.313,3248.31,8314.38,0.2880000000000002,-0.000899281,1392.7679999999768,0.3794964028776978
1275.45,349.0,3.872,3.626,2156.3509999997914,2924.35,8412.58,0.246,-0.000899281,1282.0879999999884,0.375
1455.28,419.6571428570896,3.892,3.576,2636.313,3464.31,8099.03,0.3159999999999998,-0.000899281,1457.368,0.3794964028776978
1355.22,352.19999999925494,3.834,3.631,2228.375,3068.38,8094.97,0.2030000000000003,-0.000899281,1360.2019999999768,0.3794964028776978
1462.28,421.7142857145518,3.897,3.581,2636.313,3464.31,8019.66,0.3159999999999998,-0.000899281,1463.182,0.3839928057553957
1453.72,414.8571428563446,3.886,3.578,2642.375,3464.38,7968.97,0.3080000000000003,-0.000899281,1459.12,0.3794964028776978
1428.0,389.1428571436554,3.886,3.608,2576.289999999106,3392.29,8396.29,0.278,-0.000899281,1428.0,0.4028776978417266
1317.78,373.80000000074506,3.847,3.603,2214.598714284599,2996.31,8515.62,0.2439999999999997,-0.000899281,1326.0739999999769,0.3794964028776978
1302.44,358.5,3.882,3.61,2192.343999998644,2960.34,7961.62,0.2720000000000002,-0.000899281,1299.9199999999769,0.3848920863309352
1308.0,362.5,3.903,3.604,2258.344000000506,3032.34,8036.34,0.2989999999999999,-0.000899281,1309.6439999999766,0.3794964028776978
1186.22,332.6666666660458,3.869,3.646,1859.740571429953,2600.31,7611.84,0.2230000000000003,-0.000899281,1188.4679999999769,0.3830935251798561
1417.09,374.0999999996274,3.841,3.606,2456.375,3284.38,8144.38,0.2350000000000003,-0.000899281,1420.174,0.3794964028776978
1312.81,373.3333333339542,3.845,3.604,2199.263142855838,2996.41,8492.66,0.2410000000000001,-0.000899281,1322.0479999999766,0.3785971223021583
1340.69,349.0,3.834,3.628,2204.344000000506,3032.34,8049.28,0.2059999999999999,-0.000899281,1344.0959999999768,0.3785971223021582
1454.38,419.6571428570896,3.892,3.577,2631.201142856851,3464.34,8077.69,0.3149999999999999,-0.000899281,1456.188,0.3785971223021582
1415.5,374.0999999996274,3.842,3.606,2449.175000000745,3284.38,8191.56,0.2360000000000002,-0.000899281,1418.636,0.3785971223021583
1460.62,420.4285714291036,3.897,3.58,2630.344000000506,3464.34,8000.41,0.3169999999999997,-0.000899281,1462.294,0.383093525179856
1452.59,414.0,3.885,3.597,2630.375,3464.38,7972.66,0.2879999999999998,-0.000899281,1456.45,0.3785971223021583
1308.0,361.0,3.9,3.604,2255.7725714296103,3032.34,8000.34,0.2959999999999998,-0.000899281,1309.6439999999766,0.3785971223021583
1184.25,332.80000000074506,3.868,3.647,1859.865571429953,2600.44,7588.88,0.221,-0.000899281,1187.1679999999767,0.3821942446043166
1302.81,358.1333333346993,3.882,3.608,2209.486857144162,2996.34,7968.09,0.274,-0.000899281,1300.1319999999766,0.3839928057553957
1416.0,387.5999999996274,3.885,3.609,2570.288999998942,3392.29,8288.29,0.2759999999999998,-0.000899281,1425.6,0.401978417
1368.0,380.5714285708964,3.902,3.61,2450.313,3248.31,7856.31,0.2920000000000002,-0.000899281,1377.5999999999767,0.3758992805755395
1271.53,348.5,3.871,3.627,2147.7875714302063,2924.36,8343.37,0.2440000000000002,-0.000899281,1277.7579999999884,0.3741007194244604
1388.41,390.1714285705239,3.873,3.585,2420.25,3248.25,8305.16,0.2880000000000002,-0.000899281,1391.3319999999767,0.3785971223021583
1353.47,351.0,3.834,3.632,2222.4069999996573,3068.41,8076.5,0.2019999999999999,-0.000899281,1357.907999999977,0.3785971223021583
1368.0,379.88571428507566,3.902,3.609,2438.359999999404,3248.36,7784.36,0.2930000000000001,-0.000899281,1375.1999999999766,0.375
1266.69,348.0,3.871,3.627,2137.470857143402,2888.33,8349.92,0.2440000000000002,-0.000899281,1274.1879999999885,0.3732014388489209
1295.97,359.09999999962747,3.899,3.606,2234.344000000506,2996.34,7964.34,0.2930000000000001,-0.000899281,1305.5939999999769,0.3776978417266187
1451.0,414.0,3.886,3.579,2624.406000001356,3464.41,7952.34,0.3069999999999999,-0.000899281,1454.094,0.3776978417266187
1416.0,387.08571428619325,3.885,3.608,2558.226999999956,3356.23,8324.23,0.2769999999999997,-0.000899281,1423.2,0.4010791366906474
1453.22,417.8571428563446,3.892,3.576,2630.344000000506,3464.34,8087.12,0.3159999999999998,-0.000899281,1455.138,0.3776978417266187
1353.38,351.3333333339542,3.834,3.632,2218.7439999990165,3068.34,8082.47,0.2019999999999999,-0.000899281,1355.8459999999766,0.3776978417266187
1378.62,387.0,3.87,3.587,2414.3430000003427,3212.34,8269.06,0.2829999999999999,-0.000899281,1388.1939999999768,0.3776978417266187
1336.12,348.0,3.833,3.628,2192.3430000003427,3032.34,8053.91,0.205,-0.000899281,1341.8759999999768,0.3776978417266187
1405.22,372.0,3.838,3.606,2438.2965,3284.28,8178.53,0.2320000000000002,-0.000899281,1415.386,0.3776978417266187
1183.47,331.3333333339542,3.867,3.646,1862.375,2600.38,7567.53,0.221,-0.000899281,1185.4999999999768,0.3812949640287769
1298.34,356.40000000037253,3.881,3.608,2209.5178571436554,2996.38,7985.47,0.2729999999999997,-0.000899281,1299.9439999999763,0.3830935251798561
1459.75,418.62857142835855,3.896,3.581,2624.3430000003427,3464.34,8004.0,0.3149999999999999,-0.000899281,1461.5,0.3821942446043166
1312.41,373.3333333339542,3.844,3.605,2186.406000001356,2960.41,8485.03,0.2389999999999998,-0.000899281,1318.9119999999766,0.3776978417266187
1282.88,366.0004999991506,3.878,3.788,1960.3430000003427,2835.0,8518.41,0.09,-0.000899281,1296.4759999999767,0.3821942446043165
1457.81,419.1428571436554,3.897,3.58,2624.375,3464.38,8038.5,0.3169999999999997,-0.000899281,1460.524,0.381294964
1178.47,332.0,3.867,3.647,1856.343999998644,2600.34,7596.47,0.2200000000000002,-0.000899281,1183.7699999999768,0.3803956834532374
1334.44,358.8125,3.834,3.791,1960.3430000003427,2891.0,8493.38,0.043,-0.000899281,1339.6139999999766,0.3767985611510791
1375.25,384.0,3.823,3.776,2163.343999998644,3108.0,8653.06,0.047,-0.000899281,1406.436,0.376798561151079
1312.06,387.62450000084937,3.841,3.785,1928.875,2842.0,9007.28,0.056,-0.000899281,1315.5559999999766,0.376798561151079
1354.41,362.4065,3.839,3.918,2023.375,2954.0,8443.94,-0.079,-0.000899281,1354.7899999999768,0.376798561151079
1364.75,398.4379999991506,3.863,3.773,2156.3120000008494,3066.03,8766.59,0.09,-0.000899281,1382.5499999999768,0.3767985611510791
1293.62,365.9840000011027,3.896,3.903,1980.9690000005064,2863.0,8420.97,-0.007,-0.000899281,1302.7179999999769,0.3767985611510791
1422.62,422.375,3.871,3.881,2401.25,3332.22,8342.78,-0.01,-0.000899281,1446.98,0.3767985611510791
1392.0,380.6999999992549,3.877,3.611,2522.320000000298,3320.32,8252.32,0.2659999999999995,-0.000899281,1416.0,0.4001798561151079
1368.0,379.1999999992549,3.901,3.61,2432.234999999404,3248.23,7784.23,0.2909999999999999,-0.000899281,1372.7999999999768,0.3741007194244604
1261.7,344.0,3.87,3.628,2122.104285715148,2888.39,8372.48,0.242,-0.000899281,1270.5099999999886,0.3723021582733813
1428.0,429.625,3.879,3.761,2408.344000000506,3339.0,8395.38,0.1179999999999998,-0.000899281,1449.3200000000002,0.3767985611510791
1346.41,384.0,3.894,3.896,2205.0,3094.02,8274.02,-0.002,-0.000899281,1366.0819999999767,0.3732014388489209
1181.78,332.0,3.867,3.647,1844.2180000003427,2600.22,7568.69,0.2200000000000002,-0.000899281,1182.8379999999763,0.3794964028776978
192075.46,4890.015999998897,4.242,3.344,59340.0,70900.58,70900.58,0.8980000000000001,-0.000899281,39485.82399999998,0.3758992805755395
193453.91,175633.91200015135,4.242,3.339,59249.98399999924,70800.0,70800.0,0.903,-0.000899281,39731.89999999998,0.3758992805755395
194754.62,4210.005333332345,4.245,3.337,59219.995999999344,70647.64,70647.64,0.908,-0.000899281,40034.21999999998,0.3758992805755395
1255.91,344.0,3.87,3.629,2106.613714285195,2852.33,8355.59,0.2410000000000001,-0.000899281,1266.2559999999885,0.3714028776978417
186784.6,5689.973999999464,4.237,3.348,57029.98399999924,68327.1,68327.1,0.8890000000000002,-0.000899281,38461.231999999975,0.3758992805755395
1380.0,379.5428571,3.876,3.615,2456.288999998942,3248.29,8226.34,0.2609999999999997,-0.000899281,1406.4,0.3992805755395683
1454.94,416.1428571436554,3.897,3.581,2618.375,3464.38,7986.59,0.3159999999999998,-0.000899281,1459.08,0.3803956834532374
187781.88,174733.62700000033,4.238,3.338,55169.984,65945.83,65945.83,0.9000000000000004,-0.000899281,38714.552,0.3758992805755395
189744.57,5850.015999998897,4.235,3.341,56280.0,67354.85,67354.85,0.8940000000000001,-0.000899281,39071.526,0.3758992805755395
185952.23,341324.50200014934,4.239,3.339,55979.99799999967,66964.26,66964.26,0.8999999999999999,-0.000899281,38346.432,0.3758992805755395
191038.09,173097.79099999927,4.24,3.349,59100.004000000656,70827.33,70827.33,0.891,-0.000899281,39244.911999999975,0.381294964
188721.7,173724.6009999998,4.232,3.348,56909.984,68537.22,68537.22,0.8840000000000003,-0.000899281,38795.35199999998,0.3758992805755395
1248.0,342.6666666660458,3.869,3.63,2096.3120000008494,2852.31,8278.08,0.2390000000000003,-0.000899281,1260.7659999999885,0.3705035971223022
1462.78,397.1840000003576,3.878,3.732,3221.351999999956,4328.35,11022.62,0.1459999999999999,-0.000899281,40055.731999999975,0.375
1380.0,378.0,3.875,3.617,2438.320000000298,3248.32,8216.32,0.258,-0.000899281,1396.8,0.3983812949640287
1356.0,377.6999999992549,3.894,3.894,2168.406000001356,3032.41,8072.41,0.0,-0.000899281,1361.2819999999767,0.3723021582733813
1356.0,371.6999999992549,3.885,3.591,3808.2880000006407,4636.29,10864.29,0.2939999999999996,-0.000899281,39741.49999999998,0.375
1177.84,330.6666666660458,3.865,3.646,1856.2180000003427,2600.22,7537.44,0.2190000000000003,-0.000899281,1181.1619999999768,0.3785971223021583
1453.81,417.0,3.896,3.581,2612.344000000506,3464.34,8050.72,0.3149999999999999,-0.000899281,1457.386,0.3794964028776978
1496.03,423.4285714291036,3.891,3.611,3104.351999999956,4672.11,10433.17,0.2799999999999998,-0.000899281,39516.54799999997,0.375
1288.32,345.0,3.842,3.617,2888.3849999997765,4420.38,11796.29,0.2250000000000001,-0.000899281,38789.45999999998,0.375
1418.08,395.6571428570896,3.875,3.611,3315.061333332211,4528.35,10244.38,0.2639999999999998,-0.000899281,38339.304,0.375
1428.67,398.7428571432829,3.865,3.603,3402.3040000014007,4528.22,10330.34,0.262,-0.000899281,38709.23,0.375
1334.78,354.0,3.832,3.633,3313.487999999896,4494.59,10731.26,0.1989999999999998,-0.000899281,39055.064,0.375
1462.05,396.0,3.882,3.602,2636.320000000298,3500.32,8500.19,0.2800000000000002,-0.000899281,40077.447999999975,0.3741007194244604
1444.67,400.7142857145518,3.882,3.609,2588.320000000298,3392.32,8216.74,0.2730000000000001,-0.000899281,38707.288,0.3741007194244604
1167.41,338.40599999949336,3.86,3.796,1596.3440000005066,2436.0,8070.75,0.064,-0.000899281,1177.793999999977,0.3776978417266187
1500.77,424.52325000055134,3.9,3.578,2786.352000001818,3608.35,8559.55,0.322,-0.000899281,39548.56399999997,0.3741007194244604
1349.89,352.5,3.847,3.639,2294.223999999464,3104.22,8140.67,0.2080000000000001,-0.000899281,39041.942,0.3741007194244604
1396.83,385.5,3.891,3.604,2504.352999998257,3284.35,8541.98,0.2869999999999999,-0.001798561,39263.78999999997,0.3802158273381295
1452.91,417.2571428567171,3.896,3.581,2606.281000001356,3428.28,8034.41,0.3149999999999999,-0.000899281,1455.844,0.3785971223021583
1432.51,396.3428571429104,3.891,3.609,2579.749571429565,3392.32,8091.52,0.282,-0.000899281,38335.288,0.3741007194244604
1356.77,366.8571428563446,3.899,3.617,2404.9234285727143,3176.35,8409.44,0.282,-0.001798561,38454.629999999976,0.374820143884892
1368.0,374.4000000003725,3.895,3.617,2426.319000000134,3212.32,8324.32,0.278,-0.000899281,39753.49999999998,0.3741007194244604
1381.38,377.0999999996274,3.874,3.616,2426.321,3212.32,8216.32,0.258,-0.000899281,1389.876,0.3974820143884892
1294.4,343.80000000074506,3.856,3.644,2162.320000000298,2924.32,8681.41,0.2119999999999997,-0.000899281,38785.77799999998,0.3741007194244604
1368.0,379.1875999998301,3.9,3.614,2396.313,3212.31,7856.31,0.286,-0.000899281,1361.2819999999767,0.3714028776978417
1246.28,341.0,3.868,3.63,2080.8994285725057,2852.33,8231.75,0.238,-0.000899281,1255.7159999999883,0.3696043165467625
192511.16,6120.0,4.235,3.344,55500.004000000656,66709.95,66709.95,0.8910000000000005,-0.000899281,39443.33199999998,0.3767985611510791
1397.92,387.5999999996274,3.895,3.6,2528.3509999997914,3320.35,8408.03,0.2949999999999999,-0.000899281,39282.811999999976,0.379136690647482
1349.57,352.0,3.85,3.635,2342.223,3140.22,7995.78,0.2150000000000003,-0.000899281,39030.812,0.3732014388489208
1500.96,423.8571428563446,3.903,3.576,2801.9539999999106,3644.35,8526.3,0.3269999999999999,-0.000899281,39581.53199999998,0.3732014388489209
1451.94,415.5,3.896,3.582,2606.313,3428.31,8049.38,0.314,-0.000899281,1454.282,0.3776978417266187
1461.38,395.3142857141793,3.882,3.601,2636.351999999956,3464.35,8334.56,0.2810000000000001,-0.000899281,40099.04799999997,0.3732014388489208
1368.0,376.1999999992549,3.874,3.617,2420.351000001654,3212.35,8180.35,0.2570000000000001,-0.000899281,1380.276,0.3965827338129496
1374.88,375.7714285701513,3.897,3.613,2468.351999999956,3248.35,8144.35,0.2839999999999998,-0.000899281,39769.28199999998,0.3732014388489209
1244.56,340.5,3.867,3.631,2070.519714286551,2816.23,8286.44,0.2360000000000002,-0.000899281,1251.2899999999886,0.368705036
1368.0,380.0999999996274,3.902,3.61,2426.375,3212.38,7856.38,0.2920000000000002,-0.000899281,1361.2819999999767,0.3705035971223022
1356.32,366.5,3.901,3.615,2420.351999999956,3212.35,8197.31,0.2859999999999996,-0.000899281,38448.21199999998,0.3737410071942446
1436.48,400.80000000074506,3.895,3.603,2624.3539999984205,3428.35,7944.48,0.2919999999999998,-0.000899281,38332.384000000005,0.3732014388489209
1296.13,346.0,3.858,3.64,2186.320000000298,2960.32,8467.78,0.2179999999999999,-0.000899281,38782.52199999998,0.3732014388489208
1449.02,402.8571428563446,3.886,3.604,2636.3519999980927,3464.35,8099.55,0.282,-0.000899281,38706.448,0.3732014388489209
1438.46,399.7714285701513,3.897,3.602,2636.3509999997914,3428.35,7933.73,0.2949999999999999,-0.000899281,38335.552,0.3723021582733813
1349.28,351.30000000074506,3.851,3.636,2336.351000001654,3140.35,7937.09,0.2149999999999998,-0.000899281,39025.618,0.3723021582733813
1488.0,423.7714285701513,3.903,3.576,2798.320000000298,3644.32,8463.04,0.3269999999999999,-0.000899281,39612.24399999998,0.3723021582733813
1368.0,373.1999999992549,3.898,3.612,2471.7805714271963,3248.35,8108.35,0.286,-0.000899281,39784.15799999998,0.3723021582733813
1352.16,364.5,3.901,3.613,2420.3829999994487,3212.38,8165.6,0.2879999999999998,-0.000899281,38442.91999999998,0.3726618705035971
1368.0,378.0,3.901,3.611,2426.313,3212.31,7856.31,0.2899999999999996,-0.000899281,1361.2819999999767,0.3696043165467625
1254.46,352.0,3.86,3.638,2888.320000000298,4420.32,10778.37,0.2219999999999999,-0.000899281,39458.52999999998,0.3758992805755395
1236.0,340.0,3.866,3.631,2065.454857144505,2816.31,8216.31,0.2350000000000003,-0.000899281,1246.1499999999885,0.3678057553956834
1450.88,404.2285714298487,3.887,3.603,2648.354000000283,3464.35,8042.62,0.2839999999999998,-0.000899281,38711.024,0.3723021582733813
1460.67,395.0999999996274,3.882,3.601,2636.353000000119,3464.35,8287.55,0.2810000000000001,-0.000899281,40120.29999999997,0.3723021582733813
1413.25,422.4069999996573,3.878,3.769,2394.343999998644,3325.0,8388.0,0.1089999999999999,-0.000899281,1445.37,0.376798561151079
1293.15,344.5,3.859,3.638,2188.923428570852,2960.35,8394.11,0.221,-0.000899281,38778.739999999976,0.3723021582733813
1368.0,372.9000000003725,3.874,3.618,2408.320000000298,3212.32,8144.32,0.2560000000000002,-0.000899281,1375.476,0.39568345323741
1397.54,386.0999999996274,3.896,3.6,2528.3539999984205,3320.35,8370.53,0.2959999999999998,-0.000899281,39302.65199999998,0.3780575539568345
1450.05,403.80000000074506,3.888,3.602,2654.3829999994487,3464.38,8034.69,0.286,-0.000899281,1444.658,0.3714028776978417
1457.82,392.9142857138068,3.882,3.601,2630.351999999956,3464.35,8226.11,0.2810000000000001,-0.000899281,1460.9399999999766,0.3714028776978417
1436.42,399.7714285701513,3.897,3.601,2641.528857141733,3464.39,7874.82,0.2959999999999998,-0.000899281,1432.39,0.3714028776978417
1366.28,378.30000000074506,3.901,3.61,2414.3120000008494,3212.31,7820.31,0.2909999999999999,-0.000899281,1365.255999999977,0.368705036
189082.15,174964.38099999912,4.241,3.34,57809.98000000045,69138.08,69138.08,0.9009999999999998,-0.000899281,38970.812,0.3758992805755395
1368.0,374.5,3.899,3.612,2466.636714,3248.35,8108.35,0.2869999999999999,-0.000899281,1366.9759999999767,0.3714028776978417
1347.84,365.0999999996274,3.901,3.614,2404.8914285711944,3176.32,8082.95,0.2869999999999999,-0.000899281,38439.53799999998,0.3715827338129496
1243.08,340.0,3.866,3.631,2060.359999999404,2816.39,8266.03,0.2350000000000003,-0.000899281,1243.5839999999885,0.3669064748201439
1368.0,373.5,3.873,3.616,2396.25,3176.25,8144.25,0.2570000000000001,-0.000899281,1373.076,0.3947841726618705
1393.12,384.30000000074506,3.894,3.599,2523.2091428581625,3320.35,8297.47,0.2949999999999999,-0.000899281,39324.699999999975,0.3769784172661871
1256.55,350.5,3.87,3.648,2091.338142855093,2852.48,8088.03,0.2219999999999999,-0.000899281,39473.48399999998,0.375
1288.9,342.5,3.86,3.638,2180.3169999998063,2960.32,8353.41,0.2219999999999999,-0.000899281,1292.1799999999769,0.3714028776978417
1494.3,421.2857142854482,3.902,3.577,2787.5519999992102,3608.35,8381.05,0.3250000000000002,-0.000899281,1496.0119999999763,0.3714028776978417
1346.46,350.5,3.851,3.636,2336.320000000298,3140.32,7928.93,0.2149999999999998,-0.000899281,1345.996,0.3714028776978417
1285.47,341.69999999925494,3.859,3.638,2163.1771428566426,2924.32,8339.9,0.221,-0.000899281,1291.609999999977,0.3705035971223022
1229.47,336.0,3.864,3.631,2055.2171428557485,2816.36,8208.16,0.2330000000000001,-0.000899281,1239.8779999999883,0.3660071942446043
1368.0,373.0285714287311,3.872,3.616,2384.313,3176.31,8144.31,0.2559999999999998,-0.000899281,1370.676,0.3938848920863309
1448.35,403.80000000074506,3.888,3.601,2648.383000001312,3464.38,8023.49,0.2869999999999999,-0.000899281,1448.594,0.3705035971223021
1368.0,375.0,3.9,3.612,2461.4988571442664,3248.36,8108.36,0.2879999999999998,-0.000899281,1369.3759999999768,0.3705035971223022
1393.18,389.4000000003725,3.885,3.598,2580.3199999984354,4600.38,10252.38,0.2869999999999999,-0.000899281,38958.686,0.375
1433.25,397.3714285716415,3.897,3.601,2636.321,3428.32,7857.02,0.2959999999999998,-0.000899281,1435.424,0.3705035971223022
1451.39,390.9000000003725,3.882,3.602,2624.320000000298,3464.32,8227.33,0.2800000000000002,-0.000899281,1458.6619999999768,0.3705035971223022
1344.2,364.1999999992549,3.901,3.613,2389.4948571436107,3176.35,8092.61,0.2879999999999998,-0.000899281,1351.457999999977,0.3705035971223022
1384.93,381.0,3.895,3.6,2510.286000000313,3320.29,8231.45,0.2949999999999999,-0.000899281,1394.0679999999768,0.3758992805755395
1356.0,377.4000000003725,3.901,3.612,2402.344000000506,3212.34,7856.34,0.2889999999999997,-0.000899281,1365.255999999977,0.3678057553956834
1488.22,419.3142857141793,3.902,3.576,2774.321,3608.32,8387.91,0.326,-0.000899281,1494.4499999999766,0.3705035971223021
1340.16,348.0,3.851,3.636,2324.320000000298,3104.32,7880.93,0.2149999999999998,-0.000899281,1347.072,0.3705035971223022
1256.32,349.80000000074506,3.871,3.647,2106.572714,2852.29,7875.07,0.2240000000000002,-0.000899281,39489.17999999998,0.3741007194244604
1356.0,370.80000000074506,3.87,3.617,2378.218999998644,3176.22,8108.22,0.2530000000000001,-0.000899281,1365.6,0.3929856115107913
1280.7,340.80000000074506,3.86,3.639,2152.923428570852,2924.35,8275.49,0.221,-0.000899281,1288.8699999999767,0.3696043165467625
1381.02,380.0999999996274,3.894,3.601,2492.191000001505,3284.19,8246.59,0.2930000000000001,-0.000899281,1390.9059999999768,0.375
1483.59,418.1999999992549,3.901,3.577,2756.3519999980927,3572.35,8280.61,0.3239999999999998,-0.000899281,1491.0139999999767,0.3696043165467625
1252.32,348.90000000037253,3.87,3.648,2111.7795714307576,2852.35,7778.75,0.2219999999999999,-0.000899281,39506.161999999975,0.3732014388489209
1335.46,348.0,3.851,3.637,2306.351000001654,3104.35,7846.11,0.2139999999999999,-0.000899281,1344.186,0.3696043165467625
1446.5,402.51428571529686,3.889,3.601,2646.606714,3464.32,8030.46,0.2879999999999998,-0.000899281,1448.96,0.3696043165467625
1372.45,373.5,3.9,3.61,2451.240142855793,3248.38,8108.38,0.29,-0.000899281,1370.2659999999769,0.3696043165467625
1339.3,362.5213333312422,3.9,3.613,2374.035285713151,3140.32,8072.19,0.2869999999999999,-0.000899281,1347.9639999999767,0.3696043165467625
1356.0,375.5999999996274,3.9,3.611,2390.343999998644,3212.34,7856.34,0.2889999999999997,-0.000899281,1362.8559999999768,0.3669064748201439
1211.27,344.40650000050664,3.855,3.795,1736.327999999747,2590.02,8887.78,0.06,-0.000899281,1232.8759999999884,0.3651079136690647
1449.25,392.4000000003725,3.881,3.602,2607.4570000004023,3464.26,8217.79,0.2789999999999999,-0.000899281,1456.101999999977,0.3696043165467625
1407.39,391.1999999992549,3.9,3.618,2510.351999999956,3320.35,7949.47,0.282,-0.000899281,38949.582,0.3741007194244604
1431.77,398.5714285708964,3.898,3.602,2624.351999999956,3428.35,7872.93,0.2960000000000002,-0.000899281,1435.276,0.3696043165467625
1370.15,377.4000000003725,3.893,3.603,2476.829428570345,3248.26,8146.55,0.2899999999999996,-0.000899281,1385.351999999977,0.3741007194244604
1264.99,337.5,3.856,3.637,2138.3509999997914,2888.35,8210.27,0.2189999999999998,-0.000899281,1282.6419999999766,0.368705036
1331.65,347.3333333339542,3.851,3.638,2294.351000001654,3068.35,7834.78,0.213,-0.000899281,1340.602,0.368705036
1470.66,414.1714285705239,3.899,3.578,2744.2890000008047,3572.29,8253.54,0.3210000000000002,-0.000899281,1484.9539999999763,0.368705036
1368.0,373.5,3.901,3.61,2444.320000000298,3212.32,8108.32,0.2909999999999999,-0.000899281,1368.889999999977,0.368705036
1429.45,397.3714285716415,3.898,3.6,2618.3829999994487,3428.38,7857.41,0.298,-0.000899281,1433.87,0.368705036
1251.23,348.0,3.872,3.647,2096.3559999987483,2852.36,7761.44,0.2250000000000001,-0.000899281,1254.1759999999767,0.3723021582733813
1344.0,374.6883749999106,3.9,3.612,2378.3120000008494,3176.31,7784.31,0.2879999999999998,-0.000899281,1358.0559999999768,0.3660071942446042
1410.59,390.9000000003725,3.904,3.613,2558.3820000011474,3356.38,7853.76,0.2909999999999999,-0.000899281,38941.312,0.3732014388489208
1444.63,402.51428571529686,3.889,3.601,2636.351000001654,3464.35,8036.35,0.2879999999999998,-0.000899281,1448.082,0.368705036
1236.0,338.5,3.862,3.918,1730.3120000008494,2564.31,8720.31,-0.056,-0.000899281,1231.1639999999884,0.3642086330935252
1430.05,386.6999999992549,3.875,3.602,2600.351000001654,3428.35,8212.51,0.2730000000000001,-0.000899281,1449.8359999999768,0.368705036
1327.81,359.0,3.899,3.613,2360.320000000298,3140.32,8029.95,0.286,-0.000899281,1342.2619999999763,0.368705036
1356.0,371.5,3.87,3.617,2366.344000000506,3176.34,8108.34,0.2530000000000001,-0.000899281,1363.2,0.3920863309352518
1247.59,334.0,3.849,3.64,2084.320000000298,2852.32,8227.17,0.209,-0.000899281,1273.5299999999768,0.3678057553956834
1239.81,339.3333333339542,3.865,3.633,2042.25,2780.25,8377.22,0.2320000000000002,-0.000899281,1231.925999999988,0.3633093525179856
1304.73,354.0,3.891,3.615,2317.525857143104,3104.38,8038.37,0.2759999999999998,-0.000899281,1332.7759999999766,0.3678057553956834
1344.0,373.80000000074506,3.899,3.611,2366.375,3176.38,7784.38,0.2879999999999998,-0.000899281,1353.255999999977,0.3651079136690647
1425.76,397.0285714287311,3.883,3.601,2624.351000001654,3428.35,8047.14,0.282,-0.000899281,1443.0580000000002,0.3678057553956834
1418.11,383.6999999992549,3.871,3.606,2534.351999999956,3356.35,8171.3,0.2650000000000001,-0.000899281,1441.3239999999766,0.3678057553956834
1409.44,390.30000000074506,3.906,3.612,2569.4948571436107,3356.35,7777.79,0.294,-0.000899281,38940.55,0.3723021582733813
1310.88,343.19999999925494,3.846,3.638,2276.3820000011474,3068.38,7805.53,0.2080000000000001,-0.000899281,1332.922,0.3678057553956834
1356.0,373.3714285716415,3.87,3.617,2354.2659999988973,3140.27,8144.27,0.2530000000000001,-0.000899281,1360.8,0.3911870503597122
1413.22,390.8571428563446,3.892,3.601,2606.351000001654,3428.35,7878.2,0.2909999999999999,-0.000899281,1428.822,0.3678057553956834
1455.65,410.5714285708964,3.894,3.58,2690.320000000298,3536.32,8254.37,0.314,-0.000899281,1478.4839999999767,0.3678057553956834
1344.0,366.30000000074506,3.896,3.609,2430.6377142854035,3212.35,8144.35,0.2869999999999999,-0.000899281,1364.0899999999767,0.3678057553956834
1351.59,374.0999999996274,3.886,3.603,2430.6377142854035,3212.35,8135.16,0.2829999999999999,-0.000899281,1376.1619999999766,0.3732014388489209
1250.05,346.6666666660458,3.873,3.647,2086.035285713151,2852.32,7748.71,0.2260000000000004,-0.000899281,1253.293999999977,0.3714028776978417
1406.34,388.80000000074506,3.906,3.611,2564.2220000009984,3356.22,7750.91,0.2949999999999999,-0.000899281,1405.388,0.3714028776978417
1240.99,334.0,3.847,3.644,2036.226000001654,2780.23,8209.77,0.2029999999999998,-0.000899281,1263.947999999977,0.3669064748201439
1300.0,340.6666666660458,3.842,3.643,2204.320000000298,2996.32,7795.42,0.1990000000000003,-0.000899281,1323.63,0.3669064748201439
1405.57,391.1999999992549,3.89,3.605,2548.923428568989,3356.35,7880.16,0.2850000000000001,-0.000899281,1422.652,0.3669064748201439
1347.48,370.80000000074506,3.886,3.607,2372.351999999956,3140.35,8122.27,0.2789999999999999,-0.000899281,1367.033999999977,0.3723021582733813
1332.0,366.0,3.894,3.615,2354.320000000298,3140.32,8072.32,0.2789999999999999,-0.000899281,1356.889999999977,0.3669064748201439
1245.28,345.5,3.873,3.646,2080.922428570688,2816.35,7746.18,0.2270000000000003,-0.000899281,1251.0399999999768,0.3705035971223022
1296.93,351.0,3.89,3.619,2250.636714287102,3032.35,7968.06,0.2709999999999999,-0.000899281,1322.5939999999766,0.3669064748201439
1451.33,410.4000000003725,3.893,3.583,2642.251833334565,3464.23,8245.16,0.3099999999999996,-0.000899281,1469.889999999977,0.3669064748201439
1344.0,372.5,3.899,3.612,2354.344000000506,3140.34,7820.34,0.2869999999999999,-0.000899281,1348.7999999999768,0.3642086330935252
1237.75,338.6666666660458,3.865,3.632,2044.790428571403,2816.22,8288.0,0.2330000000000001,-0.000899281,1230.8599999999883,0.362410072
1414.37,383.1428571436554,3.87,3.608,2498.320000000298,3320.32,8137.34,0.262,-0.000899281,1432.6339999999768,0.3669064748201439
1356.0,371.5,3.87,3.636,2353.454857144505,3140.31,8115.64,0.2339999999999999,-0.000899281,1358.4,0.3902877697841727
1418.56,393.2571428567171,3.881,3.606,2558.3519999980927,3356.35,8061.82,0.2749999999999999,-0.000899281,1436.76,0.3669064748201439
1415.01,392.5714285708964,3.881,3.606,2534.321,3356.32,7983.59,0.2749999999999999,-0.000899281,1430.092,0.3660071942446043
1414.55,383.6999999992549,3.871,3.608,2486.351000001654,3320.35,8182.05,0.2629999999999999,-0.000899281,1425.2659999999769,0.3660071942446043
1356.0,372.30000000074506,3.871,3.618,2348.3279999997467,3140.33,8108.33,0.2530000000000001,-0.000899281,1356.0,0.3893884892086331
1291.81,350.40000000037253,3.889,3.62,2228.3829999994487,2996.38,7911.13,0.2689999999999997,-0.000899281,1312.1159999999768,0.3660071942446042
1234.56,337.0,3.864,3.632,2039.647571427748,2780.22,8234.34,0.2319999999999997,-0.000899281,1231.8779999999883,0.3615107913669064
1448.26,408.0,3.893,3.584,2630.321000000462,3464.32,8229.95,0.3089999999999997,-0.000899281,1461.8979999999767,0.3660071942446043
1344.0,370.0,3.898,3.612,2348.375,3140.38,7784.38,0.286,-0.000899281,1346.399999999977,0.3633093525179856
1402.72,388.80000000074506,3.907,3.612,2552.351999999956,3356.35,7755.65,0.2949999999999999,-0.000899281,1407.2959999999998,0.3705035971223022
1243.9,344.6666666660458,3.873,3.648,2066.3829999994487,2816.38,7735.59,0.2250000000000001,-0.000899281,1248.5559999999766,0.3696043165467625
1332.0,364.1999999992549,3.893,3.615,2332.892428569496,3104.32,8036.32,0.2779999999999996,-0.000899281,1349.6899999999766,0.3660071942446042
1403.43,388.80000000074506,3.891,3.607,2528.2579999994487,3320.26,7821.34,0.2839999999999998,-0.000899281,1416.688,0.3660071942446042
1297.12,339.5,3.842,3.645,2168.351999999956,2960.35,7793.02,0.197,-0.000899281,1315.022,0.3660071942446043
1344.67,371.5,3.885,3.608,2360.320000000298,3140.32,8074.09,0.2769999999999997,-0.000899281,1358.9819999999768,0.3714028776978417
1237.34,331.3333333339542,3.847,3.645,2019.2091428544368,2780.35,8174.14,0.2019999999999999,-0.000899281,1254.321999999977,0.3660071942446043
1289.16,349.5,3.888,3.621,2214.6377142854035,2960.35,7884.92,0.2669999999999999,-0.000899281,1302.0879999999763,0.3651079136690647
1320.0,360.9000000003725,3.892,3.616,2322.636714,3104.35,8000.35,0.2759999999999998,-0.000899281,1339.1999999999766,0.3651079136690647
1223.17,341.0,3.867,3.647,2065.400857143104,2816.26,7688.32,0.2200000000000002,-0.000899281,1242.7259999999767,0.368705036
1413.45,382.62857142835855,3.872,3.609,2480.226999999956,3320.23,8144.23,0.2629999999999999,-0.000899281,1418.1059999999766,0.3651079136690647
1413.51,392.5714285708964,3.881,3.607,2528.321,3320.32,8013.19,0.2739999999999996,-0.000899281,1423.494,0.3651079136690647
1401.22,388.80000000074506,3.907,3.611,2540.3560000024736,3356.36,7743.14,0.2959999999999998,-0.000899281,1406.062,0.3696043165467625
1230.69,337.3333333339542,3.864,3.633,2034.5977142862976,2780.31,8203.94,0.2309999999999998,-0.000899281,1235.7619999999883,0.3606115107913669
1344.0,369.9131749998778,3.871,3.619,2336.344000000506,3140.34,8144.34,0.2519999999999998,-0.000899281,1353.6,0.3884892086330935
1402.84,388.80000000074506,3.891,3.606,2516.3509999997914,3320.35,7854.34,0.2850000000000001,-0.000899281,1410.902,0.3651079136690647
1341.89,369.2571428567171,3.886,3.607,2354.2890000008047,3140.29,8138.98,0.2789999999999999,-0.000899281,1351.1559999999768,0.3705035971223021
1448.77,405.5999999996274,3.893,3.585,2618.351000001654,3464.35,8239.84,0.3079999999999998,-0.000899281,1454.9339999999768,0.3651079136690647
1233.92,329.5,3.847,3.645,2012.320000000298,2780.32,8108.32,0.2019999999999999,-0.000899281,1244.9659999999767,0.3651079136690647
1295.88,339.5,3.842,3.645,2156.219000000506,2960.25,7792.8,0.197,-0.000899281,1307.106,0.3651079136690647
1332.0,369.5,3.898,3.613,2336.344000000506,3140.34,7748.34,0.2850000000000001,-0.000899281,1341.5999999999767,0.362410071942446
1332.0,366.0,3.866,3.619,2324.344000000506,3104.34,8108.34,0.2469999999999999,-0.000899281,1348.8,0.387589928
1226.5,335.5,3.863,3.633,2024.343999998644,2780.34,8216.34,0.2299999999999999,-0.000899281,1233.8619999999885,0.3597122302158273
1411.97,390.5999999996274,3.882,3.607,2522.3829999994487,3320.38,8002.52,0.2749999999999999,-0.000899281,1416.962,0.3642086330935252
1402.24,388.80000000074506,3.891,3.606,2510.3909999988973,3320.39,7884.52,0.2850000000000001,-0.000899281,1405.46,0.3642086330935252
1398.69,386.4000000003725,3.907,3.611,2528.3120000008494,3320.31,7762.3,0.2959999999999998,-0.000899281,1403.682,0.368705036
1293.54,338.6666666660458,3.843,3.645,2150.320000000298,2924.32,7765.76,0.1979999999999999,-0.000899281,1299.484,0.3642086330935251
1320.0,360.9000000003725,3.893,3.616,2306.3519999980927,3068.35,8036.35,0.2769999999999997,-0.000899281,1329.5999999999767,0.3642086330935252
1208.09,337.3333333339542,3.863,3.651,1998.6057142857464,2744.32,7666.02,0.2120000000000002,-0.000899281,1234.0979999999768,0.3678057553956834
1332.0,369.0,3.898,3.614,2330.375,3140.38,7712.38,0.2840000000000002,-0.000899281,1339.1999999999766,0.3615107913669065
1232.93,328.6666666660458,3.847,3.645,2006.3209999985995,2744.32,8124.16,0.2019999999999999,-0.000899281,1238.553999999977,0.3642086330935251
1341.56,370.9714285712689,3.885,3.608,2348.320000000298,3140.32,8102.56,0.2769999999999997,-0.000899281,1345.437999999977,0.3696043165467625
1447.33,408.0,3.893,3.583,2621.919999999925,3464.32,8305.89,0.3099999999999996,-0.000899281,1450.2679999999768,0.3642086330935252
1286.37,348.59999999962747,3.888,3.62,2204.3820000011474,2960.38,7860.0,0.2679999999999998,-0.000899281,1293.7999999999768,0.3642086330935252
1411.94,381.30000000074506,3.872,3.608,2474.321,3320.32,8173.76,0.2639999999999998,-0.000899281,1414.4839999999767,0.3642086330935251
1410.47,391.88571428507566,3.881,3.607,2516.3509999997914,3320.35,8024.55,0.2739999999999996,-0.000899281,1413.904,0.3633093525179856
1322.41,377.985,3.859,3.913,2036.984000001103,2932.98,8568.0,-0.054,-0.000899281,1342.082,0.3866906474820143
1410.59,381.9428571444005,3.871,3.608,2468.359999999404,3284.36,8170.5,0.2629999999999999,-0.000899281,1412.9799999999766,0.3633093525179857
1224.25,334.0,3.863,3.634,2012.280999999493,2744.28,8227.66,0.2290000000000001,-0.000899281,1230.7499999999884,0.3588129496402877
1282.02,348.0,3.887,3.621,2192.321,2960.32,7850.65,0.266,-0.000899281,1289.2579999999766,0.3633093525179856
1203.33,337.3333333339542,3.863,3.655,1962.6057142857464,2708.32,7619.45,0.2080000000000001,-0.000899281,1224.7539999999767,0.3669064748201439
1332.0,366.9000000003725,3.898,3.613,2322.598714284599,3104.31,7748.31,0.2850000000000001,-0.000899281,1336.7999999999768,0.3606115107913669
1320.0,360.0,3.893,3.617,2294.3509999997914,3068.35,8001.62,0.2759999999999998,-0.000899281,1324.7999999999768,0.3633093525179856
1337.56,369.5,3.884,3.607,2342.351999999956,3140.35,8072.35,0.2769999999999997,-0.000899281,1342.6319999999769,0.368705036
1443.61,408.0,3.894,3.584,2614.6500000003725,3428.25,8304.25,0.31,-0.000899281,1447.8599999999765,0.3633093525179856
1380.38,382.5,3.903,3.611,2516.226999999956,3320.23,7723.14,0.2919999999999998,-0.000899281,1397.87,0.3678057553956834
1229.66,328.0,3.846,3.644,2003.779571428895,2744.35,8126.2,0.2019999999999999,-0.000899281,1234.9679999999769,0.3633093525179857
1292.48,336.6666666660458,3.843,3.645,2144.288999998942,2924.29,7748.29,0.1979999999999999,-0.000899281,1295.804,0.3633093525179857
1400.16,388.80000000074506,3.891,3.606,2504.3306666668504,3320.35,7887.87,0.2850000000000001,-0.000899281,1402.848,0.3633093525179856
1398.75,386.4000000003725,3.891,3.606,2498.484999999404,3320.48,7880.61,0.2850000000000001,-0.000899281,1401.484,0.362410071942446
1369.63,380.3805000018328,3.9,3.615,2450.320000000298,3248.32,7685.12,0.2849999999999997,-0.000899281,1390.5279999999998,0.3669064748201439
1289.34,336.80000000074506,3.842,3.646,2138.3279999997467,2924.33,7797.92,0.1960000000000001,-0.000899281,1293.672,0.362410072
1277.0,345.90000000037253,3.886,3.621,2180.3280000016093,2960.33,7847.41,0.2650000000000001,-0.000899281,1285.2719999999767,0.362410071942446
1203.07,337.3333333339542,3.863,3.655,1942.074285713956,2672.36,7609.63,0.2080000000000001,-0.000899281,1216.3119999999767,0.3660071942446042
1332.67,367.80000000074506,3.883,3.628,2330.359,3104.36,8102.81,0.2549999999999999,-0.000899281,1339.6699999999769,0.3678057553956834
1438.05,402.0077500008047,3.893,3.584,2606.344000000506,3428.34,8297.92,0.3089999999999997,-0.000899281,1445.2039999999763,0.362410071942446
1320.0,360.0,3.892,3.617,2282.359,3068.36,8000.36,0.2749999999999999,-0.000899281,1322.399999999977,0.362410071942446
1407.88,391.1999999992549,3.881,3.607,2510.344000000506,3320.34,7979.61,0.2739999999999996,-0.000899281,1411.768,0.362410071942446
1410.84,381.9000000003725,3.87,3.608,2462.344000000506,3284.34,8184.83,0.262,-0.000899281,1412.2739999999767,0.362410072
1212.0,332.6666666660458,3.861,3.634,2003.740571429953,2744.31,8187.97,0.2270000000000003,-0.000899281,1225.5999999999883,0.3579136690647482
1344.0,369.5,3.867,3.907,2048.218999998644,2924.22,8396.22,-0.04,-0.000899281,1339.682,0.3857913669064748
1225.98,328.6666666660458,3.845,3.645,1993.392857143656,2744.25,8105.53,0.2000000000000001,-0.000899281,1231.9659999999767,0.362410072
1320.0,366.8571428563446,3.896,3.614,2312.3430000003427,3104.34,7784.34,0.282,-0.000899281,1331.9999999999768,0.3597122302158273
1403.33,381.5999999996274,3.867,3.607,2462.3120000008494,3284.31,8180.03,0.2599999999999998,-0.000899281,1410.0299999999766,0.3615107913669065
1333.59,368.2285714298487,3.883,3.609,2312.234999999404,3104.23,8013.86,0.274,-0.000899281,1337.4539999999768,0.3669064748201439
1272.56,345.0,3.886,3.621,2163.170142855495,2924.31,7841.38,0.2650000000000001,-0.000899281,1281.4219999999766,0.3615107913669065
1396.58,387.9000000003725,3.891,3.605,2492.359999999404,3284.36,7874.31,0.286,-0.000899281,1400.114,0.3615107913669065
1221.44,334.0,3.862,3.635,1993.517857143656,2744.38,8227.34,0.2270000000000003,-0.000899281,1222.9759999999883,0.3570143884892086
1344.0,369.5999999996274,3.869,3.62,2324.343999998644,3104.34,8144.34,0.2490000000000001,-0.000899281,1337.282,0.3848920863309352
1406.2,388.7875999994576,3.88,3.608,2498.3430000003427,3320.34,8014.84,0.2719999999999998,-0.000899281,1410.006,0.3615107913669065
1308.0,358.19999999925494,3.89,3.617,2271.2011428549886,3032.34,7964.34,0.2730000000000001,-0.000899281,1317.5999999999767,0.3615107913669065
1286.52,335.73333333432674,3.842,3.646,2126.3280000016093,2924.33,7795.94,0.1960000000000001,-0.000899281,1291.552,0.3615107913669065
1202.37,335.3333333339542,3.862,3.656,1936.9578571412712,2672.38,7604.38,0.2059999999999999,-0.000899281,1208.005999999977,0.3651079136690647
1222.75,327.19999999925494,3.845,3.647,1983.2161428574475,2744.36,8077.16,0.1980000000000004,-0.000899281,1229.0479999999766,0.3615107913669065
1366.11,379.5,3.9,3.617,2414.321,3212.32,7691.17,0.2829999999999999,-0.000899281,1383.206,0.3660071942446043
1320.0,365.0999999996274,3.897,3.614,2300.3430000003427,3104.34,7748.34,0.2829999999999999,-0.000899281,1327.1999999999766,0.3588129496402877
1430.33,402.5999999996274,3.89,3.586,2582.219000000506,3392.22,8240.41,0.3040000000000002,-0.000899281,1441.6179999999767,0.3615107913669065
1365.63,377.08062499947846,3.9,3.616,2402.321,3212.32,7764.99,0.2839999999999998,-0.000899281,1376.0880000000002,0.3651079136690647
1393.03,385.7142857145518,3.891,3.606,2486.3590000011027,3284.36,7816.88,0.2850000000000001,-0.000899281,1398.1519999999998,0.3606115107913669
1268.95,345.59999999962747,3.885,3.622,2150.3120000008494,2924.31,7828.8,0.2629999999999999,-0.000899281,1277.3799999999767,0.3606115107913669
1201.5,336.5,3.863,3.655,1934.320000000298,2672.32,7631.16,0.2080000000000001,-0.000899281,1203.6719999999766,0.3642086330935252
1427.94,402.0,3.889,3.586,2558.359,3392.36,8229.25,0.3029999999999999,-0.000899281,1437.4519999999768,0.3606115107913669
1219.16,327.3333333339542,3.844,3.646,1976.359,2708.36,8073.86,0.1979999999999999,-0.000899281,1226.0959999999766,0.3606115107913669
1219.81,334.0,3.862,3.635,1993.4238571431488,2744.28,8144.28,0.2270000000000003,-0.000899281,1220.7999999999884,0.356115107913669
1283.47,336.0,3.841,3.646,2120.375,2888.38,7747.42,0.1950000000000002,-0.000899281,1289.0700000000002,0.3606115107913669
1310.92,357.5,3.889,3.617,2260.899428570643,3032.33,8000.33,0.2719999999999998,-0.000899281,1315.783999999977,0.3606115107913669
1329.28,367.5428571,3.881,3.608,2308.484999999404,3106.48,8120.56,0.2729999999999997,-0.000899281,1334.9319999999766,0.3660071942446043
1404.25,388.11428571492434,3.88,3.608,2492.265000000596,3284.27,8014.8,0.2719999999999998,-0.000899281,1408.154,0.3606115107913669
1400.95,379.1999999992549,3.868,3.609,2438.25,3284.25,8190.94,0.2589999999999999,-0.000899281,1407.5299999999766,0.3606115107913669
1320.0,365.6999999992549,3.895,3.615,2288.281000001356,3068.28,7748.28,0.2799999999999998,-0.000899281,1324.7999999999768,0.3579136690647482
1344.0,367.1999999992549,3.869,3.62,2318.343,3104.34,8154.97,0.2490000000000001,-0.000899281,1337.282,0.3839928057553957
1296.0,356.5,3.887,3.619,2240.3279999997467,2996.33,8000.33,0.2679999999999998,-0.000899281,1310.9839999999767,0.3597122302158273
1324.41,366.0,3.882,3.608,2294.3279999997467,3068.33,8111.36,0.274,-0.000899281,1331.5019999999768,0.3651079136690647
1391.42,384.5999999996274,3.891,3.606,2476.8994285725057,3284.33,7911.11,0.2850000000000001,-0.000899281,1395.9879999999998,0.3597122302158273
1362.88,378.1714285705239,3.899,3.616,2396.2579999994487,3212.26,7720.03,0.2829999999999999,-0.000899281,1368.926,0.3642086330935251
1217.66,332.6666666660458,3.863,3.634,1988.25,2744.25,8197.09,0.2290000000000001,-0.000899281,1219.0319999999883,0.3552158273381295
1264.86,342.0,3.885,3.622,2138.344000000506,2888.34,7828.19,0.2629999999999999,-0.000899281,1273.0779999999768,0.3597122302158273
1397.19,379.80000000074506,3.867,3.609,2427.543999997899,3248.34,8135.67,0.258,-0.000899281,1404.5799999999767,0.3597122302158273
1344.0,366.30000000074506,3.869,3.62,2312.4059999994934,3104.41,8108.41,0.2490000000000001,-0.000899281,1339.682,0.383093525179856
1401.92,389.4000000003725,3.879,3.607,2480.375,3284.38,8012.98,0.2719999999999998,-0.000899281,1406.144,0.3597122302158273
1308.0,363.9000000003725,3.894,3.615,2270.344000000506,3068.34,7748.34,0.2789999999999999,-0.000899281,1319.9999999999768,0.3570143884892086
1280.45,336.6666666660458,3.839,3.646,2108.3590000011027,2888.36,7780.36,0.193,-0.000899281,1286.452,0.3597122302158273
1199.81,336.0,3.862,3.655,1931.779571428895,2672.35,7616.93,0.2070000000000003,-0.000899281,1202.0159999999769,0.3633093525179856
1216.92,326.6666666660458,3.843,3.646,1964.3129999991504,2708.31,8096.22,0.197,-0.000899281,1222.8939999999766,0.3597122302158273
1423.88,400.11428571492434,3.888,3.587,2552.3279999997467,3392.33,8220.73,0.3009999999999997,-0.000899281,1432.7619999999763,0.3597122302158273
1320.7,365.0999999996274,3.882,3.609,2278.5620000008494,3070.56,8118.69,0.2730000000000001,-0.000899281,1328.1299999999767,0.3642086330935252
1261.77,341.5,3.885,3.623,2126.3120000008494,2888.31,7832.0,0.2619999999999995,-0.000899281,1269.0279999999766,0.3588129496402877
1296.0,355.19999999925494,3.887,3.618,2230.0582857150584,2996.34,8036.34,0.2690000000000001,-0.000899281,1306.1839999999768,0.3588129496402877
1400.58,379.1999999992549,3.869,3.61,2420.3590000011027,3248.36,8185.56,0.2590000000000003,-0.000899281,1402.5779999999768,0.3588129496402877
1276.95,334.0,3.839,3.647,2096.359999999404,2888.36,7783.53,0.1920000000000001,-0.000899281,1283.346,0.3588129496402877
1214.05,326.0,3.843,3.645,1957.501857144758,2708.36,8060.11,0.1979999999999999,-0.000899281,1219.7719999999767,0.3588129496402877
1425.38,400.7142857145518,3.888,3.587,2540.313,3356.31,8203.48,0.3009999999999997,-0.000899281,1429.1159999999768,0.3588129496402877
1192.38,333.3092222213745,3.862,3.655,1926.598714288324,2672.31,7609.17,0.2070000000000003,-0.000899281,1199.8259999999768,0.362410071942446
1316.06,361.5,3.894,3.616,2258.375,3032.38,7784.38,0.278,-0.000899281,1316.8119999999767,0.356115107913669
1332.0,365.82857142947614,3.868,3.62,2306.313000002876,3104.31,8072.31,0.2479999999999997,-0.000899281,1341.6,0.3821942446043166
1399.52,388.5,3.879,3.608,2474.3590000011027,3284.36,7998.12,0.2709999999999999,-0.000899281,1403.9540000000002,0.3588129496402877
1388.7,382.62857142835855,3.891,3.607,2468.3120000008494,3284.31,7900.64,0.2839999999999998,-0.000899281,1393.696,0.3588129496402877
1216.81,332.6666666660458,3.863,3.635,1983.1701428554952,2744.31,8247.56,0.2280000000000002,-0.000899281,1217.5439999999885,0.3543165467625899
1361.54,377.4857142847032,3.899,3.616,2390.226999999956,3176.23,7737.66,0.2829999999999999,-0.000899281,1365.158,0.3633093525179857
1215.44,332.0,3.863,3.634,1983.2011428568512,2708.34,8255.09,0.2290000000000001,-0.000899281,1218.2319999999884,0.3534172661870504
1397.64,388.5,3.878,3.608,2468.3120000008494,3284.31,7968.67,0.27,-0.000899281,1401.9060000000002,0.3579136690647481
1359.47,376.80000000074506,3.898,3.616,2384.375,3176.38,7734.75,0.282,-0.000899281,1363.1259999999995,0.362410072
1272.36,332.6666666660458,3.838,3.647,2084.344000000506,2852.34,7774.05,0.1910000000000002,-0.000899281,1279.95,0.3579136690647482
1214.16,326.0,3.843,3.646,1952.25,2708.25,8060.28,0.197,-0.000899281,1217.407999999977,0.3579136690647482
1308.0,363.0,3.894,3.616,2246.343999998644,3032.34,7712.34,0.278,-0.000899281,1314.4119999999766,0.3552158273381295
1387.73,383.6999999992549,3.891,3.607,2462.4059999994934,3248.41,7868.38,0.2839999999999998,-0.000899281,1391.492,0.3579136690647482
1296.0,355.0,3.889,3.62,2219.7875714302063,2996.36,7964.36,0.2689999999999997,-0.000899281,1301.3839999999768,0.3579136690647482
1392.0,378.9000000003725,3.867,3.608,2432.359999999404,3248.36,8195.78,0.2589999999999999,-0.000899281,1398.8099999999768,0.3579136690647482
1321.86,366.0,3.883,3.61,2270.359,3032.36,8077.22,0.2730000000000001,-0.000899281,1325.9679999999769,0.3633093525179856
1259.45,341.0666666664183,3.885,3.624,2114.25,2888.25,7780.92,0.2609999999999997,-0.000899281,1265.5179999999768,0.3579136690647482
1189.19,332.5,3.862,3.657,1906.105285713449,2636.39,7598.41,0.205,-0.000899281,1197.0499999999768,0.3615107913669065
1419.97,400.11428571492434,3.889,3.587,2554.5,3358.5,8206.34,0.3019999999999996,-0.000899281,1425.4999999999768,0.3579136690647481
1332.0,366.0,3.866,3.62,2294.375,3068.38,8072.38,0.246,-0.000899281,1339.2,0.381294964
1396.92,377.1428571436554,3.867,3.609,2414.266,3248.27,8169.42,0.258,-0.000899281,1397.5279999999768,0.3570143884892086
1386.05,383.1428571436554,3.89,3.606,2456.344000000506,3248.34,7888.34,0.2840000000000002,-0.000899281,1389.386,0.3570143884892086
1212.0,331.3333333339542,3.862,3.634,1978.0572857148943,2708.34,8244.81,0.2280000000000002,-0.000899281,1216.3439999999882,0.3525179856115107
1354.17,375.0,3.897,3.617,2378.3589999973774,3176.36,7713.56,0.2799999999999998,-0.000899281,1360.738,0.3615107913669065
1332.0,365.0999999996274,3.866,3.622,2282.218,3068.22,8072.22,0.2440000000000002,-0.000899281,1336.8,0.3803956834532374
1396.25,386.5,3.879,3.608,2462.2970000002533,3284.3,7955.88,0.2709999999999999,-0.000899281,1399.916,0.3570143884892086
1258.08,341.0,3.884,3.624,2108.3279999997467,2852.33,7793.25,0.2599999999999998,-0.000899281,1262.6219999999769,0.3570143884892086
1317.06,364.1999999992549,3.88,3.61,2270.343999998644,3032.34,8093.75,0.27,-0.000899281,1322.6619999999766,0.362410071942446
1296.0,353.40000000037253,3.887,3.618,2228.3279999997467,2996.33,7964.33,0.2690000000000001,-0.000899281,1298.9839999999767,0.3570143884892086
1416.58,397.0285714287311,3.888,3.587,2534.3430000003427,3356.34,8205.95,0.3009999999999997,-0.000899281,1422.7499999999768,0.3570143884892086
1185.47,332.0,3.861,3.656,1892.327999999747,2636.33,7646.56,0.205,-0.000899281,1193.6699999999769,0.3606115107913669
1268.52,330.6666666660458,3.838,3.647,2072.359,2852.36,7772.84,0.1910000000000002,-0.000899281,1276.35,0.3570143884892086
1213.31,326.0,3.843,3.646,1947.0761428549888,2708.22,8078.14,0.197,-0.000899281,1215.5199999999768,0.3570143884892086
1308.0,363.0,3.893,3.617,2235.2321428563446,3032.38,7748.38,0.2759999999999998,-0.000899281,1312.0119999999763,0.3543165467625899
1296.0,354.5,3.885,3.62,2204.3120000008494,2960.31,8000.31,0.2649999999999997,-0.000899281,1296.0,0.356115107913669
1184.34,332.0,3.861,3.657,1885.376857144758,2600.23,7640.12,0.2040000000000001,-0.000899281,1190.2379999999769,0.3597122302158273
1211.73,326.0,3.844,3.646,1946.327999999747,2672.33,8057.25,0.1979999999999999,-0.000899281,1214.033999999977,0.356115107913669
1265.66,330.2857142854482,3.837,3.649,2065.470857143402,2852.33,7754.56,0.1880000000000001,-0.000899281,1272.788,0.356115107913669
1317.81,364.5,3.881,3.61,2255.7875714302063,3032.36,8086.78,0.2709999999999999,-0.000899281,1320.3679999999767,0.3615107913669065
1211.56,330.6666666660458,3.861,3.635,1967.7725714296105,2708.34,8218.66,0.2260000000000004,-0.000899281,1214.6939999999884,0.3516187050359712
1394.66,376.5,3.867,3.609,2414.313,3248.31,8110.02,0.258,-0.000899281,1396.2699999999768,0.356115107913669
1417.31,399.0,3.889,3.589,2522.188,3356.19,8230.98,0.2999999999999998,-0.000899281,1420.6239999999766,0.356115107913669
1350.88,373.1999999992549,3.896,3.617,2360.313,3176.31,7700.92,0.2789999999999999,-0.000899281,1357.788,0.3606115107913669
1332.0,365.0999999996274,3.866,3.621,2276.313000002876,3068.31,8108.31,0.2450000000000001,-0.000899281,1334.4,0.3794964028776978
1395.75,386.0999999996274,3.879,3.608,2462.359999999404,3284.36,7961.55,0.2709999999999999,-0.000899281,1398.216,0.356115107913669
1384.47,382.80000000074506,3.89,3.607,2456.266,3248.27,7853.12,0.2829999999999999,-0.000899281,1387.6740000000002,0.356115107913669
1255.78,339.0,3.884,3.625,2102.3279999997467,2852.33,7760.88,0.2589999999999999,-0.000899281,1259.9879999999766,0.356115107913669
1308.0,363.0,3.895,3.617,2234.25,3032.25,7784.25,0.278,-0.000899281,1309.611999999977,0.3534172661870504
1385.59,376.1999999992549,3.865,3.609,2402.390000000596,3248.39,8201.66,0.2560000000000002,-0.000899281,1393.9499999999766,0.3552158273381295
1197.5,322.6666666660458,3.84,3.645,1940.312000000849,2672.31,8060.38,0.1949999999999998,-0.000899281,1210.149999999977,0.3552158273381295
1345.61,372.30000000074506,3.896,3.617,2348.265000000596,3140.27,7714.89,0.2789999999999999,-0.000899281,1354.334,0.3597122302158273
1410.86,396.30000000074506,3.887,3.588,2516.313,3320.31,8248.77,0.2989999999999999,-0.000899281,1418.0199999999766,0.3552158273381295
1252.52,339.3333333339542,3.884,3.623,2096.3909999988973,2852.39,7759.78,0.2609999999999997,-0.000899281,1257.5199999999766,0.3552158273381295
1309.34,361.5,3.879,3.609,2264.2809999994934,3032.28,8076.47,0.27,-0.000899281,1317.3539999999766,0.3606115107913669
1320.0,362.6999999992549,3.866,3.621,2270.343999998644,3068.34,8108.34,0.2450000000000001,-0.000899281,1329.6,0.3785971223021583
1381.95,381.9000000003725,3.889,3.607,2450.3130000010133,3248.31,7813.83,0.2819999999999996,-0.000899281,1385.7800000000002,0.3552158273381295
1391.61,385.1999999992549,3.879,3.608,2463.464999999851,3284.27,7927.97,0.2709999999999999,-0.000899281,1396.154,0.3552158273381295
1296.0,359.5,3.893,3.638,2234.406000001356,3032.41,7712.41,0.2549999999999999,-0.000899281,1307.2119999999766,0.3525179856115108
1183.06,330.0,3.861,3.657,1880.3440000023693,2600.34,7641.69,0.2040000000000001,-0.000899281,1186.8879999999767,0.3588129496402877
1261.98,330.9333333335817,3.837,3.649,2054.313,2816.31,7720.16,0.1880000000000001,-0.000899281,1269.094,0.3552158273381295
1284.0,352.5,3.886,3.62,2204.218999998644,2960.22,7928.22,0.266,-0.000899281,1293.5999999999767,0.3552158273381295
1187.44,331.3333333339542,3.862,3.657,1874.3440000005064,2600.34,7656.64,0.205,-0.000899281,1185.899999999977,0.3579136690647482
1406.0,408.0,3.886,3.767,2310.3909999988973,3212.98,8555.86,0.1190000000000002,-0.000899281,1414.1439999999766,0.3543165467625899
1320.0,362.6999999992549,3.866,3.621,2264.375,3032.38,8108.38,0.2450000000000001,-0.000899281,1327.2,0.3776978417266187
1227.97,338.4069999996573,3.823,3.798,1778.375,2667.0,8295.3,0.025,-0.000899281,1259.298,0.3543165467625899
1341.34,371.4000000003725,3.895,3.617,2336.3279999997467,3140.33,7716.0,0.278,-0.000899281,1350.294,0.3588129496402877
1370.66,396.0,3.868,3.772,2219.3590000011027,3115.02,8409.22,0.096,-0.000899281,1390.382,0.3543165467625899
1300.58,375.6019999999553,3.876,3.785,2016.3129999991504,2884.0,8547.72,0.091,-0.000899281,1313.3299999999767,0.3597122302158273
1281.62,367.2190000005066,3.886,3.907,1981.0,2856.0,8155.0,-0.021,-0.000899281,1300.3239999999766,0.3516187050359712
237031.59,175203.9299999997,4.266,3.356,59309.97699999996,71133.95,71133.95,0.91,-0.001798561,48377.47999999999,0.3505395683453237
1281.61,362.4065,3.883,3.909,1960.0,2828.0,8428.0,-0.026,-0.000899281,1290.7219999999768,0.3543165467625899
1352.84,390.0004999991506,3.875,3.898,2212.3590000011027,3108.36,8247.23,-0.023,-0.000899281,1378.6080000000002,0.3543165467625899
1179.91,330.0,3.831,3.792,1603.3289999999106,2457.03,8735.69,0.0390000000000001,-0.000899281,1203.321999999977,0.3543165467625899
1383.55,388.7969999983907,3.867,3.904,2191.273000001908,3108.27,8497.03,-0.037,-0.000899281,1390.543999999977,0.3543165467625899
1226.55,348.0,3.873,3.793,1827.327999999747,2681.03,8378.75,0.08,-0.000899281,1250.4759999999767,0.3543165467625899
1296.0,363.5,3.887,3.901,1973.974999999628,2816.38,7964.38,-0.014,-0.000899281,1297.9239999999768,0.3507194244604316
1313.97,366.30000000074506,3.877,3.902,2024.3440000005064,2888.34,8416.28,-0.025,-0.000899281,1311.7519999999763,0.3588129496402877
1335.69,368.5,3.895,3.618,2322.629714285955,3104.34,7706.41,0.2770000000000001,-0.000899281,1345.538,0.3579136690647482
1367.38,380.0999999996274,3.879,3.896,2168.3119999989867,3032.31,8094.91,-0.017,-0.000899281,1374.538,0.3534172661870504
1284.0,355.0,3.885,3.902,1958.3440000005064,2816.34,8324.34,-0.017,-0.000899281,1288.321999999977,0.3534172661870504
1181.5,327.3333333339542,3.842,3.623,2843.320000000298,4040.32,12625.98,0.2189999999999998,-0.000899281,48370.41799999999,0.3494604316546762
1320.0,361.5,3.867,3.622,2258.375,3032.38,8108.38,0.2450000000000001,-0.000899281,1324.8,0.376798561151079
1241.38,338.6666666660458,3.876,3.911,1796.3440000005066,2636.34,8221.72,-0.035,-0.000899281,1246.861999999977,0.3534172661870504
1237.66,326.6666666660458,3.825,3.926,1721.8499999996277,2600.25,8121.56,-0.101,-0.000899281,1252.358,0.3534172661870504
1204.56,324.5714285708964,3.839,3.926,1599.5129999984056,2456.31,8592.88,-0.087,-0.000899281,1201.4019999999769,0.3534172661870504
1405.19,382.2857142854482,3.867,3.896,2211.449999999255,3104.25,8408.5,-0.029,-0.000899281,1393.1819999999766,0.3534172661870504
1426.5,403.2857142854482,3.888,3.883,2324.375,3212.38,8498.44,0.005,-0.000899281,1415.4499999999766,0.3534172661870503
1181.25,332.0,3.859,3.657,1885.377857,2600.23,7617.03,0.2019999999999999,-0.000899281,1184.3119999999767,0.3570143884892086
1386.5,384.0,3.872,3.897,2204.375,3068.38,8315.84,-0.025,-0.000899281,1388.154,0.3534172661870503
1392.81,385.1999999992549,3.879,3.611,2438.343999998644,3248.34,7986.97,0.2679999999999998,-0.000899281,1387.466,0.3525179856115107
1320.0,363.1999999992549,3.867,3.623,2258.343999998644,3032.34,8108.34,0.2439999999999997,-0.000899281,1322.4,0.3758992805755395
1249.44,328.0,3.833,3.656,1970.3129999991504,2744.31,7816.84,0.177,-0.000899281,1248.542,0.3525179856115107
1333.31,367.1999999992549,3.895,3.619,2306.25,3104.25,7640.25,0.2759999999999998,-0.000899281,1341.366,0.3570143884892086
1204.53,324.0,3.842,3.648,1922.3129999991504,2672.31,8162.28,0.1939999999999999,-0.000899281,1199.6459999999763,0.3525179856115107
1252.22,340.5,3.882,3.629,2060.3120000008494,2816.31,7819.22,0.2530000000000001,-0.000899281,1245.6899999999766,0.3525179856115108
1421.56,400.5,3.888,3.587,2552.25,3356.25,8285.69,0.3009999999999997,-0.000899281,1416.4459999999767,0.3525179856115107
1296.0,354.90000000037253,3.885,3.621,2198.3430000003427,2960.34,8036.34,0.2639999999999998,-0.000899281,1288.321999999977,0.3525179856115108
1400.41,380.6999999992549,3.868,3.609,2444.344000000506,3284.34,8209.69,0.2589999999999999,-0.000899281,1393.8799999999767,0.3525179856115107
1308.0,363.5999999996274,3.892,3.62,2216.25,2996.25,7856.25,0.2719999999999998,-0.000899281,1297.9239999999768,0.3498201438848921
1182.53,326.6666666660458,3.845,3.655,1880.320000000298,2600.32,8562.34,0.1900000000000004,-0.000899281,48363.83599999999,0.3483812949640287
1177.0,330.6666666660458,3.858,3.657,1870.0262857154007,2600.31,7605.34,0.201,-0.000899281,1182.6179999999767,0.356115107913669
1315.56,364.1999999992549,3.881,3.611,2252.3120000008494,3032.31,8105.62,0.2699999999999996,-0.000899281,1311.4519999999768,0.3579136690647481
1381.34,382.5,3.887,3.613,2408.3130000010133,3212.31,7895.41,0.274,-0.000899281,1373.596,0.3525179856115108
1308.0,363.0,3.894,3.618,2228.375,3032.38,7748.38,0.2760000000000002,-0.000899281,1297.9239999999768,0.3489208633093524
1394.59,386.0999999996274,3.879,3.61,2456.3120000008494,3248.31,8019.69,0.2690000000000001,-0.000899281,1387.234,0.3516187050359712
1394.25,377.4000000003725,3.867,3.609,2427.5439999997616,3248.34,8197.81,0.258,-0.000899281,1393.7979999999766,0.3516187050359712
1415.84,397.7142857145518,3.888,3.586,2534.344000000506,3356.34,8236.16,0.302,-0.000899281,1416.1519999999766,0.3516187050359712
1382.59,382.9714285712689,3.888,3.608,2446.0582857150584,3248.34,7861.72,0.2799999999999998,-0.000899281,1373.22,0.3516187050359712
1284.0,352.5,3.886,3.62,2209.454857144505,2960.31,7964.31,0.266,-0.000899281,1285.9219999999768,0.3516187050359712
1184.7,325.3333333339542,3.848,3.654,1890.606714,2600.32,8379.55,0.1939999999999999,-0.000899281,48358.37599999999,0.3473021582733813
1330.53,367.1999999992549,3.894,3.619,2300.25,3104.25,7660.74,0.2749999999999999,-0.000899281,1337.2959999999998,0.356115107913669
1202.31,322.0,3.844,3.647,1922.3440000005064,2672.34,8075.56,0.197,-0.000899281,1197.7619999999768,0.3516187050359712
1320.0,362.5714285708964,3.867,3.622,2252.2809999976307,3032.28,8144.28,0.2450000000000001,-0.000899281,1320.0,0.375
1314.88,363.0,3.881,3.611,2258.3430000003427,3032.34,8102.03,0.2699999999999996,-0.000899281,1310.8659999999768,0.3570143884892086
1252.78,339.0,3.884,3.625,2091.0761428549886,2852.22,7831.84,0.2589999999999999,-0.000899281,1245.0899999999767,0.3516187050359712
1174.05,340.7970000002533,3.852,3.794,1620.8285000026226,2443.0,8062.56,0.058,-0.000899281,1180.5599999999763,0.3552158273381295
1254.97,328.5,3.836,3.653,2012.25,2780.25,7725.91,0.1829999999999998,-0.000899281,1246.404,0.3516187050359712
1249.19,338.5,3.883,3.624,2091.201142856851,2852.34,7853.56,0.2589999999999999,-0.000899281,1244.4239999999768,0.3507194244604316
1313.5,363.0,3.882,3.61,2258.344000000506,3032.34,8122.56,0.2720000000000002,-0.000899281,1311.697999999977,0.356115107913669
1177.91,330.0,3.856,3.92,1628.2819999996573,2456.28,7988.34,-0.064,-0.000899281,1179.5299999999768,0.3543165467625899
1328.45,367.1999999992549,3.895,3.62,2291.819571431726,3068.39,7649.83,0.2749999999999999,-0.000899281,1333.864,0.3552158273381295
1393.22,386.10542500019073,3.879,3.608,2456.313,3248.31,8012.0,0.2709999999999999,-0.000899281,1387.556,0.3507194244604316
1256.78,329.3333333339542,3.836,3.652,2024.343999998644,2816.34,7747.97,0.1839999999999997,-0.000899281,1245.364,0.3507194244604316
1308.0,363.0,3.893,3.617,2240.25,3032.25,7748.25,0.2759999999999998,-0.000899281,1300.3239999999766,0.348021583
1188.22,325.3333333339542,3.85,3.652,1895.7485714294016,2636.32,8336.61,0.1979999999999999,-0.000899281,48353.70799999999,0.3462230215827338
1200.03,322.0,3.844,3.648,1916.3440000005064,2672.34,8058.53,0.1959999999999997,-0.000899281,1198.2679999999766,0.3507194244604316
1389.75,375.4285714291036,3.867,3.61,2408.375,3248.38,8143.91,0.2570000000000001,-0.000899281,1394.6299999999767,0.3507194244604316
1284.0,352.5,3.887,3.621,2198.344000000506,2960.34,7928.34,0.266,-0.000899281,1285.9219999999768,0.3507194244604316
1412.5,396.5999999996274,3.889,3.589,2516.313,3320.31,8204.5,0.2999999999999998,-0.000899281,1416.4799999999766,0.3507194244604316
1381.5,381.0,3.888,3.607,2450.375,3248.38,7830.47,0.2809999999999997,-0.000899281,1373.13,0.3507194244604316
1320.0,361.80000000074506,3.867,3.622,2246.311999997124,3032.31,8108.31,0.2450000000000001,-0.000899281,1320.0,0.3741007194244604
1308.0,362.0999999996274,3.894,3.62,2234.25,3032.25,7748.25,0.274,-0.000899281,1305.5999999999767,0.3471223021582734
1320.0,360.6857142858207,3.867,3.622,2234.313000002876,3032.31,8151.91,0.2450000000000001,-0.000899281,1320.0,0.3732014388489208
1196.78,321.3333333339542,3.844,3.648,1910.312000000849,2636.31,8035.59,0.1959999999999997,-0.000899281,1201.6419999999766,0.3498201438848921
1314.38,363.30000000074506,3.881,3.612,2252.3120000008494,3032.31,8082.31,0.2689999999999997,-0.000899281,1314.457999999977,0.3552158273381295
1392.03,385.1999999992549,3.879,3.608,2451.2321428563446,3248.38,7976.31,0.2709999999999999,-0.000899281,1391.83,0.3498201438848921
1408.97,396.3428571429104,3.888,3.588,2498.375,3320.38,8180.0,0.2999999999999998,-0.000899281,1417.0739999999766,0.3498201438848921
1378.66,382.5,3.888,3.607,2444.3120000008494,3248.31,7816.66,0.2809999999999997,-0.000899281,1378.294,0.3498201438848921
1254.62,328.5,3.837,3.651,2024.343999998644,2816.34,7742.12,0.1860000000000004,-0.000899281,1250.694,0.3498201438848921
1295.42,372.0,3.881,3.794,2051.391,2940.0,8048.64,0.087,-0.000899281,1324.6799999999998,0.3543165467625899
1188.0,326.0,3.853,3.651,1906.0652857143432,2636.35,8237.54,0.2020000000000004,-0.000899281,1184.9899999999884,0.3453237410071942
1246.25,338.6666666660458,3.883,3.624,2080.915428571403,2852.34,7795.47,0.2589999999999999,-0.000899281,1248.3639999999766,0.3498201438848921
1173.88,330.0,3.856,3.659,1859.7415714282545,2600.31,7749.31,0.197,-0.000899281,1176.8179999999768,0.3534172661870504
1385.0,375.5999999977648,3.867,3.611,2396.3430000003427,3212.34,8089.47,0.2559999999999998,-0.000899281,1394.9199999999769,0.3498201438848921
1284.0,352.0,3.887,3.621,2183.740571429953,2960.31,7928.31,0.266,-0.000899281,1286.399999999977,0.3498201438848921
1296.0,360.0,3.893,3.619,2222.375,2996.38,7784.38,0.2739999999999996,-0.000899281,1305.5999999999767,0.3462230215827338
1194.08,326.0571428555995,3.852,3.649,1926.636714,2672.35,8161.89,0.2029999999999998,-0.000899281,1187.5059999999885,0.3444244604316547
1404.94,395.6571428570896,3.888,3.589,2486.3120000008494,3320.31,8162.59,0.2989999999999999,-0.000899281,1412.7619999999763,0.3489208633093525
1284.0,350.5258333347738,3.887,3.621,2173.486857144162,2924.34,7856.34,0.266,-0.000899281,1286.399999999977,0.3489208633093524
1309.06,362.5,3.879,3.61,2252.3120000008494,3032.31,8066.62,0.2690000000000001,-0.000899281,1313.4759999999767,0.3543165467625899
1242.25,337.0,3.882,3.624,2072.313,2816.31,7816.31,0.258,-0.000899281,1248.5379999999768,0.3489208633093524
1389.84,384.8571428563446,3.879,3.608,2450.3120000008494,3248.31,7989.38,0.2709999999999999,-0.000899281,1392.498,0.3489208633093525
1376.59,380.0,3.887,3.608,2438.344000000506,3248.34,7784.34,0.2789999999999999,-0.000899281,1380.136,0.3489208633093524
1252.19,326.6666666660458,3.837,3.651,2014.089285714552,2780.38,7727.12,0.1860000000000004,-0.000899281,1253.6,0.3489208633093525
1308.0,359.09999999962747,3.866,3.622,2222.2190000023693,2996.22,8144.22,0.2440000000000002,-0.000899281,1317.6,0.3723021582733813
1164.0,327.77142857015133,3.857,3.659,1854.5677142851048,2564.28,7650.78,0.1980000000000004,-0.000899281,1173.3679999999767,0.3525179856115108
1192.12,319.8095238097012,3.843,3.648,1898.2190000005064,2636.22,8026.75,0.1949999999999998,-0.000899281,1199.1539999999768,0.3489208633093525
1305.53,363.5,3.884,3.902,2000.375,2852.38,7894.44,-0.018,-0.000899281,1318.648,0.3534172661870504
1381.91,374.6999999992549,3.866,3.611,2378.311999997124,3212.31,8067.84,0.2549999999999999,-0.000899281,1390.2639999999767,0.3489208633093525
1191.0,319.59999999962747,3.843,3.648,1885.517857143656,2636.38,8017.94,0.1949999999999998,-0.000899281,1196.447999999977,0.3480215827338129
33.81,36.92307692207396,3.137,3.659,104.0,8.0,8.0,-0.522,-0.000899281,944.7299999999766,0.3516187050359712
32.78,41.37931034527719,3.122,3.61,80.92307692,6.0,6.0,-0.488,-0.000899281,1056.9199999999769,0.3534172661870503
1402.0,393.0,3.887,3.589,2474.218,3284.22,8184.12,0.298,-0.000899281,1408.8499999999767,0.348021583
1317.78,364.1999999992549,3.889,3.627,2214.660714285448,2996.38,7729.34,0.262,-0.000899281,1315.542,0.3525179856115107
1247.97,326.0,3.836,3.651,2006.312000000849,2780.31,7732.91,0.185,-0.000899281,1253.306,0.3480215827338129
1373.94,379.80000000074506,3.886,3.608,2432.343999998644,3212.34,7819.81,0.278,-0.000899281,1378.6560000000002,0.348021583
1296.0,355.80000000074506,3.865,3.625,2198.344000000506,2996.34,8072.34,0.2400000000000002,-0.000899281,1312.8,0.3714028776978417
1201.15,325.5,3.856,3.648,1926.6367142871024,2672.35,8177.38,0.2079999999999997,-0.000899281,1191.2299999999884,0.3435251798561151
1236.81,336.0,3.881,3.625,2060.343999998644,2816.34,7785.38,0.2559999999999998,-0.000899281,1245.4559999999767,0.348021583
1378.28,373.80000000074506,3.866,3.613,2372.311999997124,3212.31,8104.75,0.2530000000000001,-0.000899281,1385.8379999999768,0.3480215827338129
1296.0,359.40000000037253,3.891,3.619,2210.375,2996.38,7748.38,0.2719999999999998,-0.000899281,1303.1999999999766,0.3453237410071942
1388.16,384.30000000074506,3.879,3.609,2444.344000000506,3248.34,8005.12,0.27,-0.000899281,1391.568,0.348021583
1272.0,349.3333333339542,3.887,3.621,2163.201142856851,2924.34,7892.34,0.266,-0.000899281,1281.5999999999767,0.348021583
1398.81,391.88571428507566,3.887,3.59,2474.311999997124,3284.31,8181.06,0.2970000000000001,-0.000899281,1405.4439999999768,0.3471223021582733
1371.19,378.9000000003725,3.885,3.608,2420.3430000003427,3212.34,7771.28,0.2769999999999997,-0.000899281,1376.376,0.3471223021582734
1296.0,358.0,3.891,3.618,2198.188,2996.19,7748.19,0.2730000000000001,-0.000899281,1300.7999999999768,0.3444244604316547
1326.88,366.30000000074506,3.894,3.623,2252.322666667402,3032.31,7666.56,0.2709999999999999,-0.000899281,1314.812,0.3516187050359712
1174.72,328.6666666660458,3.86,3.658,1952.2190000005064,2708.22,7737.0,0.2019999999999999,-0.000899281,944.8639999999766,0.3507194244604316
1233.0,335.09999999962747,3.879,3.627,2048.344000000506,2816.34,7731.31,0.2520000000000002,-0.000899281,1241.4999999999768,0.3471223021582734
1203.93,328.0,3.857,3.646,1947.178142854944,2672.32,8182.46,0.2110000000000003,-0.000899281,1195.0759999999889,0.3426258992805756
1303.94,356.0,3.864,3.626,2180.343999998644,2960.34,8036.34,0.238,-0.000899281,1309.5880000000002,0.3705035971223022
1305.84,361.0,3.879,3.609,2342.2180000003427,3140.22,8240.06,0.27,-0.000899281,1055.111999999977,0.3525179856115107
1187.12,318.80000000074506,3.842,3.648,1880.312000000849,2636.31,7967.88,0.1939999999999999,-0.000899281,1193.409999999977,0.3471223021582734
1243.69,325.3333333339542,3.836,3.651,1994.281000001356,2780.28,7706.59,0.185,-0.000899281,1251.05,0.3471223021582734
1376.62,372.6857142858207,3.866,3.612,2360.3120000008494,3176.31,8117.28,0.254,-0.000899281,1382.3119999999767,0.3471223021582734
1386.12,382.9714285712689,3.879,3.609,2438.343999998644,3248.34,8002.22,0.27,-0.000899281,1389.874,0.3471223021582733
1272.0,349.3333333339542,3.887,3.622,2156.313,2924.31,7892.31,0.2650000000000001,-0.000899281,1279.1999999999766,0.3471223021582734
1176.44,329.3333333339542,3.86,3.658,1850.218999998644,2600.22,7594.31,0.2019999999999999,-0.000899281,944.5699999999767,0.3498201438848921
1296.0,355.5,3.864,3.628,2168.3120000008494,2960.31,8036.31,0.2359999999999997,-0.000899281,1304.788,0.3696043165467625
1284.0,357.8666666653007,3.89,3.619,2186.375,2960.38,7743.44,0.2709999999999999,-0.000899281,1295.9999999999768,0.3435251798561151
1200.0,328.0,3.856,3.646,1957.4948571436107,2708.35,8174.98,0.2099999999999999,-0.000899281,1197.4319999999884,0.3417266187050359
1375.25,372.9000000003725,3.865,3.613,2360.219000000506,3176.22,8119.75,0.2520000000000002,-0.000899281,1379.4119999999768,0.3462230215827338
1384.16,382.9714285712689,3.879,3.609,2426.3120000008494,3248.31,8008.06,0.27,-0.000899281,1388.062,0.3462230215827338
1228.19,332.80000000074506,3.879,3.627,2039.740571429953,2780.31,7696.62,0.2520000000000002,-0.000899281,1237.2999999999768,0.3462230215827338
1326.03,366.30000000074506,3.895,3.621,2276.313,3068.31,7654.62,0.274,-0.000899281,1314.328,0.3507194244604316
1398.62,393.5999999996274,3.887,3.59,2462.344000000506,3284.34,8189.84,0.2970000000000001,-0.000899281,1402.6679999999767,0.3462230215827338
1240.31,323.3333333339542,3.836,3.653,1988.3430000022047,2744.34,7740.97,0.1829999999999998,-0.000899281,1247.756,0.3462230215827338
1272.0,349.0,3.886,3.621,2147.928571429104,2924.5,7892.5,0.2650000000000001,-0.000899281,1276.7999999999768,0.3462230215827338
1186.03,319.047619,3.842,3.65,1870.0582857150584,2600.34,7964.34,0.1920000000000001,-0.000899281,1190.6099999999767,0.3462230215827338
1368.12,378.0,3.885,3.608,2414.3430000003427,3212.34,7756.72,0.2769999999999997,-0.000899281,1373.7,0.3462230215827338
1303.59,361.0,3.88,3.611,2230.0582857150584,2996.34,8129.25,0.2689999999999997,-0.000899281,1053.1299999999767,0.3516187050359712
1301.94,360.26666666567326,3.88,3.611,2219.7715714294463,2996.34,8046.25,0.2689999999999997,-0.000899281,1050.6419999999766,0.3507194244604316
1284.0,356.80000000074506,3.89,3.619,2178.5977142862976,2960.31,7712.31,0.2709999999999999,-0.000899281,1291.1999999999766,0.3426258992805756
1381.66,383.4000000003725,3.879,3.609,2420.3430000003427,3212.34,7998.69,0.27,-0.000899281,1385.988,0.3453237410071942
1177.34,329.19999999925494,3.86,3.657,1854.503714285791,2564.22,7610.84,0.2029999999999998,-0.000899281,945.2619999999768,0.3489208633093524
1225.81,331.3333333339542,3.879,3.627,2029.4548571445048,2780.31,7702.84,0.2520000000000002,-0.000899281,1233.2119999999766,0.3453237410071942
1205.19,328.0,3.856,3.644,1962.6377142854035,2708.35,8206.55,0.2119999999999997,-0.000899281,1200.8699999999883,0.3408273381294964
1398.59,393.5999999996274,3.885,3.589,2462.375,3284.38,8181.41,0.2959999999999998,-0.000899281,1400.591999999977,0.3453237410071942
1367.16,377.5,3.884,3.608,2408.322666667402,3212.31,7744.94,0.2759999999999998,-0.000899281,1371.4,0.3453237410071942
1376.0,372.0,3.864,3.612,2354.344000000506,3176.34,8139.44,0.2519999999999998,-0.000899281,1377.611999999977,0.3453237410071942
1272.0,346.5,3.885,3.622,2142.629714285955,2888.34,7892.34,0.2629999999999999,-0.000899281,1274.399999999977,0.3453237410071942
1238.97,324.40000000037253,3.836,3.653,1976.2190000005064,2744.22,7766.53,0.1829999999999998,-0.000899281,1244.626,0.3453237410071942
1184.28,317.3333333339542,3.843,3.649,1868.375,2600.38,7994.66,0.1939999999999999,-0.000899281,1188.1099999999767,0.3453237410071942
1324.25,366.30000000074506,3.896,3.622,2271.2631428577006,3068.41,7693.31,0.274,-0.000899281,1320.094,0.3498201438848921
1296.0,353.5,3.864,3.627,2162.344000000506,2960.34,8036.34,0.2370000000000001,-0.000899281,1299.988,0.368705036
1284.0,354.90000000037253,3.89,3.62,2173.5178571436554,2960.38,7712.38,0.27,-0.000899281,1288.7999999999768,0.3417266187050359
1301.28,359.09999999962747,3.88,3.611,2210.343999998644,2996.34,8126.53,0.2689999999999997,-0.000899281,1049.0859999999768,0.3498201438848921
1397.25,392.6999999992549,3.886,3.59,2462.313,3284.31,8188.38,0.2960000000000002,-0.000899281,1399.053999999977,0.3444244604316547
1222.41,331.3333333339542,3.879,3.63,2019.2001428566875,2780.34,7708.78,0.2490000000000001,-0.000899281,1229.2439999999765,0.3444244604316547
1366.06,378.8571428563446,3.885,3.608,2402.344000000506,3212.34,7744.22,0.2769999999999997,-0.000899281,1369.294,0.3444244604316547
1236.91,322.6873333323747,3.836,3.653,1970.343999998644,2744.34,7745.06,0.1829999999999998,-0.000899281,1241.5700000000002,0.3444244604316546
1321.59,365.5,3.895,3.621,2265.964285714552,3068.25,7680.44,0.274,-0.000899281,1323.306,0.3489208633093525
1176.59,328.6666666660458,3.86,3.657,1859.6475714296105,2600.22,7631.84,0.2029999999999998,-0.000899281,947.7799999999768,0.348021583
1182.84,317.3333333339542,3.843,3.648,1864.8214285708964,2600.25,7989.81,0.1949999999999998,-0.000899281,1186.2539999999767,0.3444244604316546
1205.25,330.0,3.857,3.644,1962.6677142828703,2708.38,8234.27,0.213,-0.000899281,1203.1039999999884,0.3399280575539568
1373.5,371.5,3.865,3.612,2354.344000000506,3176.34,8067.47,0.2530000000000001,-0.000899281,1375.9299999999766,0.3444244604316546
1296.0,353.69999999925494,3.863,3.627,2156.343,2924.34,8000.34,0.2360000000000002,-0.000899281,1297.5880000000002,0.3678057553956834
1380.31,381.0,3.879,3.609,2414.344000000506,3212.34,7974.84,0.27,-0.000899281,1384.082,0.3444244604316547
1260.0,346.5,3.886,3.623,2127.076142856851,2888.22,7841.09,0.2629999999999999,-0.000899281,1269.5999999999767,0.3444244604316547
1235.84,321.3333333339542,3.837,3.653,1964.218999998644,2744.22,7748.66,0.1840000000000001,-0.000899281,1239.144,0.3435251798561151
1284.0,356.0,3.89,3.619,2168.375,2960.38,7712.38,0.2709999999999999,-0.000899281,1286.399999999977,0.3408273381294964
1298.88,357.5,3.881,3.612,2209.361857144162,2996.22,8140.5,0.2689999999999997,-0.000899281,1302.3059999999768,0.3489208633093525
1182.34,316.0,3.843,3.649,1859.678571429104,2600.25,7950.47,0.1939999999999999,-0.000899281,1184.5219999999767,0.3435251798561151
1219.25,331.3333333339542,3.879,3.628,2008.9464285708964,2744.38,7672.16,0.2509999999999999,-0.000899281,1225.7319999999768,0.3435251798561151
1379.12,381.0,3.879,3.61,2414.375,3212.38,7967.16,0.2690000000000001,-0.000899281,1382.274,0.3435251798561151
1284.0,350.0,3.858,3.629,2144.344000000506,2924.34,7928.34,0.2290000000000001,-0.000899281,1295.188,0.3669064748201439
1393.56,391.80000000074506,3.886,3.589,2456.375,3284.38,8183.12,0.2970000000000001,-0.000899281,1397.3659999999768,0.3435251798561151
1364.88,378.8571428563446,3.885,3.608,2402.3119999989867,3212.31,7793.88,0.2769999999999997,-0.000899281,1367.4820000000002,0.3435251798561151
1318.31,365.0,3.895,3.621,2258.313,3032.31,7680.91,0.274,-0.000899281,1323.4119999999998,0.3480215827338129
1200.0,327.3333333339542,3.858,3.643,1962.636714,2708.35,8309.5,0.2150000000000003,-0.000899281,1202.8739999999884,0.3390287769784172
1260.0,345.3333333339542,3.886,3.623,2120.344000000506,2888.34,7906.44,0.2629999999999999,-0.000899281,1267.1999999999766,0.3435251798561151
1169.44,326.8571428563446,3.857,3.657,1856.25,2564.25,7614.53,0.2000000000000001,-0.000899281,1174.9059999999768,0.3471223021582734
1369.03,371.0999999996274,3.865,3.612,2348.282,3176.28,8077.09,0.2530000000000001,-0.000899281,1374.0799999999767,0.3435251798561151
1181.44,317.3333333339542,3.842,3.649,1859.740571429953,2600.31,7976.12,0.193,-0.000899281,1183.3859999999763,0.3426258992805755
1299.03,357.5,3.882,3.612,2199.2011428549886,2960.34,8138.25,0.27,-0.000899281,1300.9439999999768,0.348021583
1163.22,326.0,3.858,3.658,1844.3440000005064,2564.34,7578.5,0.2000000000000001,-0.000899281,1172.6059999999766,0.3462230215827338
1367.59,368.6999999992549,3.865,3.613,2336.311999997124,3176.31,8068.19,0.2520000000000002,-0.000899281,1372.2739999999767,0.3426258992805755
1219.44,331.3333333339542,3.88,3.63,2000.3129999991504,2744.31,7641.16,0.25,-0.000899281,1223.0199999999768,0.3426258992805756
1364.03,376.0,3.885,3.609,2396.344000000506,3176.34,7751.38,0.2759999999999998,-0.000899281,1366.05,0.3426258992805756
1260.0,348.0,3.854,3.631,2108.375,2888.38,7964.38,0.2230000000000003,-0.000899281,1286.4,0.3660071942446043
1284.0,354.0,3.889,3.62,2162.3120000008494,2924.31,7676.31,0.2689999999999997,-0.000899281,1284.0,0.3399280575539568
1315.72,364.5,3.895,3.623,2250.504714284092,3032.22,7652.28,0.2719999999999998,-0.000899281,1321.18,0.3471223021582734
1234.88,321.3333333339542,3.836,3.653,1958.3430000003427,2744.34,7741.91,0.1829999999999998,-0.000899281,1237.382,0.3426258992805755
1377.28,380.0999999996274,3.878,3.61,2408.219000000506,3212.22,7984.19,0.2680000000000002,-0.000899281,1380.506,0.3426258992805756
1390.62,389.82857142947614,3.885,3.59,2444.218999998644,3248.22,8155.84,0.2949999999999999,-0.000899281,1395.7279999999766,0.3426258992805756
1272.0,347.0,3.887,3.624,2116.914428571239,2888.34,7892.34,0.2629999999999999,-0.000899281,1267.1999999999766,0.3426258992805756
1200.0,326.6666666660458,3.857,3.643,1957.4948571436107,2672.35,8250.85,0.2140000000000004,-0.000899281,1202.0879999999884,0.3381294964028777
1267.19,360.0,3.849,3.924,1834.0,2716.0,8428.0,-0.075,-0.000899281,1280.638,0.3651079136690647
1365.34,370.1999999992549,3.865,3.613,2330.3440000023693,3140.34,8058.59,0.2520000000000002,-0.000899281,1370.2919999999765,0.3417266187050359
1314.34,364.0,3.894,3.622,2240.375,3032.38,7684.53,0.2720000000000002,-0.000899281,1318.842,0.3462230215827338
1218.34,330.0,3.879,3.628,1998.6297142859548,2744.34,7659.47,0.2509999999999999,-0.000899281,1221.0499999999768,0.3417266187050359
1362.38,378.0,3.885,3.608,2396.343999998644,3176.34,7754.81,0.2769999999999997,-0.000899281,1364.902,0.3417266187050359
1162.16,325.1428571436554,3.857,3.66,1828.9464285708964,2564.38,7582.72,0.197,-0.000899281,1169.7499999999768,0.3453237410071942
1375.31,379.1999999992549,3.878,3.61,2404.9464285708964,3212.38,7971.28,0.2680000000000002,-0.000899281,1378.736,0.3417266187050359
1260.0,345.3333333339542,3.887,3.623,2120.3430000003427,2888.34,7892.34,0.2639999999999998,-0.000899281,1264.7999999999768,0.3417266187050359
1272.0,354.0,3.889,3.621,2156.375,2924.38,7604.38,0.2679999999999998,-0.000899281,1281.5999999999767,0.3390287769784172
1388.19,390.9000000003725,3.885,3.591,2438.25,3248.25,8160.88,0.2939999999999996,-0.000899281,1393.6419999999766,0.3417266187050359
1200.0,326.6873333323747,3.858,3.643,1952.320000000298,2672.32,8265.25,0.2150000000000003,-0.000899281,1202.0879999999884,0.3372302158273381
1181.34,316.6666666660458,3.842,3.648,1854.6297142859548,2600.34,7969.06,0.1939999999999999,-0.000899281,1182.447999999977,0.3417266187050359
1234.94,322.6666666660458,3.836,3.653,1958.3440000005064,2744.34,7759.62,0.1829999999999998,-0.000899281,1236.3080000000002,0.3417266187050359
1296.88,357.8666666653007,3.882,3.612,2204.25,2960.25,8119.06,0.27,-0.000899281,1299.601999999977,0.3471223021582733
1217.25,330.6666666660458,3.879,3.629,1993.4548571445048,2744.31,7671.59,0.25,-0.000899281,1219.3379999999768,0.3408273381294964
1361.03,376.45714285597205,3.885,3.609,2390.343999998644,3176.34,7752.38,0.2759999999999998,-0.000899281,1363.676,0.3408273381294964
1160.62,326.0952380951494,3.857,3.661,1820.3440000005064,2528.34,7544.19,0.1960000000000001,-0.000899281,1166.4059999999768,0.3444244604316547
1296.0,352.80000000074506,3.859,3.914,1868.375,2744.38,8252.38,-0.055,-0.000899281,1280.638,0.3642086330935251
1362.94,369.0,3.864,3.614,2318.343999998644,3140.34,8051.19,0.25,-0.000899281,1367.6799999999766,0.3408273381294964
1371.94,378.51428571529686,3.877,3.61,2396.219000000506,3212.22,7977.75,0.2669999999999999,-0.000899281,1376.792,0.3408273381294964
1284.0,357.5,3.878,3.611,2198.349166667089,2960.34,8103.0,0.2669999999999999,-0.000899281,1296.013999999977,0.3462230215827338
1232.47,321.1428571436554,3.835,3.653,1957.517857143656,2708.38,7720.53,0.1819999999999999,-0.000899281,1235.0080000000005,0.3408273381294964
1272.0,353.3333333339542,3.888,3.622,2147.740571429953,2924.31,7659.69,0.266,-0.000899281,1279.1999999999766,0.3381294964028777
1198.25,326.6666666660458,3.858,3.643,1942.0422857142985,2672.33,8236.48,0.2150000000000003,-0.000899281,1200.6999999999884,0.3363309352517986
1386.03,389.1428571436554,3.884,3.591,2426.3440000023693,3248.34,8137.19,0.2929999999999997,-0.000899281,1391.1299999999767,0.3408273381294964
1310.66,362.6999999992549,3.894,3.622,2234.3430000003427,3032.34,7647.91,0.2720000000000002,-0.000899281,1316.124,0.3453237410071942
1268.31,346.5,3.886,3.622,2116.9464285708964,2888.38,7964.38,0.2640000000000002,-0.000899281,1264.0619999999767,0.3408273381294964
1178.03,316.40000000037253,3.841,3.648,1849.517857143656,2600.38,7997.25,0.193,-0.000899281,1181.197999999977,0.3408273381294964
1294.44,352.80000000074506,3.86,3.629,2152.884428570047,2924.31,8036.31,0.2309999999999998,-0.000899281,1280.326,0.3633093525179857
34.25,36.36363636,3.139,3.618,95.53609997779132,8.0,8.38,-0.479,-0.000899281,937.9379999999768,0.3435251798561151
1309.88,364.1999999992549,3.893,3.622,2222.375,3032.38,7676.38,0.2709999999999999,-0.000899281,1313.7820000000002,0.3444244604316546
1272.0,354.0,3.888,3.621,2137.5178571436554,2924.38,7640.38,0.2669999999999999,-0.000899281,1276.7999999999768,0.3372302158273381
1383.22,387.5999999996274,3.884,3.591,2414.344000000506,3248.34,8166.53,0.2929999999999997,-0.000899281,1388.3239999999766,0.3399280575539568
1177.47,316.6666666660458,3.84,3.649,1844.3129999991504,2564.31,7979.44,0.1909999999999998,-0.000899281,1180.1239999999766,0.3399280575539568
1195.36,326.0,3.858,3.644,1936.899428570643,2672.33,8261.12,0.2139999999999999,-0.000899281,1198.7219999999884,0.3354316546762589
1260.0,346.6666666660458,3.884,3.623,2111.740571429953,2852.31,7856.31,0.2609999999999997,-0.000899281,1264.0619999999767,0.3399280575539568
1228.56,320.6666666660458,3.834,3.652,1952.3430000003427,2708.34,7688.75,0.1819999999999999,-0.000899281,1233.3380000000002,0.3399280575539568
1358.88,375.5,3.885,3.609,2384.4059999994934,3176.41,7767.22,0.2759999999999998,-0.000899281,1362.24,0.3399280575539568
1213.84,329.0,3.878,3.629,1988.3430000003427,2744.34,7672.06,0.2490000000000001,-0.000899281,1217.6239999999766,0.3399280575539568
1369.69,378.9000000003725,3.876,3.613,2390.375,3176.38,7945.09,0.2629999999999999,-0.000899281,1374.668,0.3399280575539568
1285.72,354.5,3.878,3.612,2186.3430000003427,2960.34,8038.19,0.266,-0.000899281,1292.9019999999769,0.3453237410071942
1359.91,369.30000000074506,3.864,3.615,2312.343999998644,3140.34,8055.19,0.2489999999999996,-0.000899281,1364.9619999999766,0.3399280575539568
1365.12,378.1714285705239,3.874,3.612,2384.344000000506,3176.34,7920.66,0.262,-0.000899281,1371.868,0.3390287769784172
1357.62,376.1999999992549,3.885,3.609,2378.3120000008494,3176.31,7760.19,0.2759999999999998,-0.000899281,1360.788,0.3390287769784172
1224.38,319.6190476194024,3.833,3.653,1940.3129999991504,2708.31,7713.78,0.1800000000000001,-0.000899281,1231.046,0.3390287769784172
1158.94,324.6666666660458,3.857,3.658,1921.392857143656,2672.25,7742.56,0.1990000000000003,-0.000899281,935.8379999999768,0.3426258992805756
1284.0,351.73333333432674,3.86,3.629,2147.740571429953,2924.31,7964.31,0.2309999999999998,-0.000899281,1280.326,0.362410072
1210.41,328.5,3.878,3.63,1978.089285714552,2708.38,7664.88,0.2480000000000002,-0.000899281,1215.8559999999768,0.3390287769784172
1358.06,366.9000000003725,3.864,3.614,2300.344000000506,3140.34,8087.59,0.25,-0.000899281,1362.7679999999768,0.3390287769784172
1281.38,354.0,3.877,3.614,2173.6118571422994,2924.47,8041.72,0.2629999999999999,-0.000899281,1289.4019999999769,0.3444244604316547
1380.62,386.6999999992549,3.884,3.591,2408.219000000506,3212.22,8166.53,0.2929999999999997,-0.000899281,1385.735999999977,0.3390287769784172
1171.88,315.3333333339542,3.837,3.649,1839.2321428563448,2564.38,7997.41,0.1880000000000001,-0.000899281,1178.031999999977,0.3390287769784172
1259.59,342.5,3.883,3.623,2108.375,2852.38,7928.38,0.2599999999999998,-0.000899281,1263.9799999999766,0.3390287769784172
1260.0,351.5,3.887,3.623,2127.169142857194,2924.31,7604.31,0.2639999999999998,-0.000899281,1271.9999999999768,0.3363309352517986
1192.42,325.3333333339542,3.857,3.644,1922.3430000003427,2636.34,8237.75,0.213,-0.000899281,1197.2059999999883,0.3345323741007194
1308.62,363.30000000074506,3.893,3.622,2219.7725714296103,2996.34,7659.06,0.2709999999999999,-0.000899281,1311.844,0.3435251798561151
1260.0,350.0,3.885,3.622,2116.884428570047,2888.31,7604.31,0.2629999999999999,-0.000899281,1267.1999999999766,0.3354316546762589
1215.47,318.0,3.832,3.654,1928.280999999493,2708.28,7699.94,0.1779999999999999,-0.000899281,1227.1640000000002,0.3381294964028777
1305.47,362.0,3.892,3.621,2216.344000000506,2996.34,7649.38,0.2709999999999999,-0.000899281,1309.794,0.3426258992805755
1355.78,368.0,3.863,3.615,2294.25,3104.28,8078.47,0.2479999999999997,-0.000899281,1360.4059999999768,0.3381294964028777
1188.67,322.6666666660458,3.856,3.645,1911.1861428581176,2636.33,8121.38,0.2109999999999998,-0.000899281,1194.9399999999882,0.3336330935251798
1378.16,387.7714285701513,3.884,3.592,2408.3440000023693,3212.34,8171.56,0.2919999999999998,-0.000899281,1383.2439999999767,0.3381294964028777
1248.0,344.0,3.883,3.624,2091.170142855495,2852.31,7883.56,0.2589999999999999,-0.000899281,1259.1799999999766,0.3381294964028777
1169.09,314.6666666660458,3.837,3.65,1826.405999999493,2564.41,8013.5,0.1870000000000002,-0.000899281,1175.5619999999767,0.3381294964028777
1154.06,322.2857142854482,3.856,3.66,1814.3430000003427,2528.34,7515.25,0.1959999999999997,-0.000899281,934.0059999999768,0.3417266187050359
1284.0,351.0,3.86,3.63,2138.3120000008494,2924.31,7964.31,0.2299999999999999,-0.000899281,1285.126,0.3615107913669065
1204.78,325.3333333339542,3.876,3.63,1967.772571427748,2708.34,7655.94,0.246,-0.000899281,1212.9239999999768,0.3381294964028777
1279.34,353.5,3.876,3.615,2158.058285713196,2924.34,8033.06,0.2609999999999997,-0.000899281,1285.4639999999767,0.3435251798561151
1353.41,374.4000000003725,3.883,3.609,2372.2809999994934,3176.28,7784.44,0.274,-0.000899281,1358.664,0.3381294964028777
1362.69,375.30000000074506,3.872,3.612,2366.375,3176.38,7912.91,0.2599999999999998,-0.000899281,1368.95,0.3381294964028777
1185.76,323.3333333339542,3.854,3.646,1900.805428571999,2636.23,8204.94,0.2080000000000001,-0.000899281,1192.0919999999885,0.3327338129496403
1167.31,315.59999999962747,3.837,3.65,1818.660714285448,2564.38,7946.56,0.1870000000000002,-0.000899281,1172.755999999977,0.3372302158273381
1350.19,373.5,3.882,3.61,2358.629714284092,3140.34,7787.41,0.2720000000000002,-0.000899281,1356.226,0.3372302158273381
1304.75,361.3333333339542,3.892,3.622,2210.4059999994934,2996.41,7624.44,0.27,-0.000899281,1307.8759999999995,0.3417266187050359
1362.47,376.8124000001699,3.873,3.613,2360.375,3176.38,7903.25,0.2600000000000002,-0.000899281,1366.382,0.3372302158273381
1149.03,322.0,3.857,3.661,1808.3430000003427,2528.34,7496.34,0.1960000000000001,-0.000899281,931.3799999999768,0.3408273381294964
1278.75,353.4061999991536,3.876,3.615,2150.375,2924.38,8032.69,0.2609999999999997,-0.000899281,1281.8379999999763,0.3426258992805756
1346.5,364.80000000074506,3.86,3.637,2288.375,3104.38,8074.81,0.2229999999999998,-0.000899281,1356.6379999999767,0.3372302158273381
1210.88,317.82857142947614,3.831,3.656,1904.3440000005064,2672.34,7670.0,0.1749999999999998,-0.000899281,1222.352,0.3372302158273381
1248.0,343.73333333432674,3.883,3.626,2084.343999998644,2852.34,7928.34,0.2570000000000001,-0.000899281,1256.7799999999766,0.3372302158273381
1260.0,350.5,3.886,3.623,2106.598714284599,2888.31,7604.31,0.2629999999999999,-0.000899281,1264.7999999999768,0.3345323741007194
1371.12,387.0,3.881,3.593,2396.313000002876,3212.31,8161.56,0.2879999999999998,-0.000899281,1379.8299999999767,0.3372302158273381
1200.09,324.6666666660458,3.875,3.631,1952.2190000005064,2708.22,7664.59,0.2440000000000002,-0.000899281,1209.273999999977,0.3372302158273381
1284.0,349.3333333339542,3.859,3.632,2127.2321428563446,2924.38,7928.38,0.2269999999999998,-0.000899281,1288.488,0.3606115107913669
1346.5,364.80000000074506,3.861,3.618,2261.944000000134,3068.34,8036.34,0.2430000000000003,-0.000899281,1353.3499999999767,0.3363309352517986
1208.81,317.3142857141793,3.83,3.656,1890.5977142862976,2636.31,7688.94,0.1739999999999999,-0.000899281,1217.62,0.3363309352517986
1300.12,360.5999999996274,3.892,3.622,2209.454857144505,2996.31,7628.94,0.27,-0.000899281,1305.768,0.3408273381294964
1362.06,376.80000000074506,3.872,3.613,2360.344000000506,3176.34,7912.34,0.2589999999999999,-0.000899281,1364.406,0.3363309352517986
1166.91,313.59999999962747,3.837,3.65,1818.628714285791,2564.34,7958.44,0.1870000000000002,-0.000899281,1170.5319999999767,0.3363309352517986
1199.25,324.6666666660458,3.876,3.632,1942.0272857137024,2672.31,7638.28,0.2439999999999997,-0.000899281,1205.6739999999768,0.3363309352517986
1150.62,322.6666666660458,3.857,3.662,1792.9464285708964,2528.38,7486.41,0.1950000000000002,-0.000899281,929.3799999999768,0.3399280575539568
1181.64,322.0,3.854,3.645,1895.6625714302063,2636.23,8137.61,0.209,-0.000899281,1188.7699999999884,0.3318345323741007
1369.97,384.5999999996274,3.881,3.594,2378.3440000023693,3176.34,8119.34,0.2869999999999999,-0.000899281,1376.6179999999767,0.3363309352517986
1260.0,349.3333333339542,3.886,3.624,2101.3928571436554,2888.25,7604.25,0.262,-0.000899281,1262.399999999977,0.3336330935251798
1248.0,341.4879999998957,3.883,3.624,2080.915428571403,2852.34,7892.34,0.2589999999999999,-0.000899281,1252.7179999999769,0.3363309352517986
1349.34,373.0,3.882,3.611,2348.343999998644,3140.34,7766.62,0.2709999999999999,-0.000899281,1353.888,0.3363309352517986
1272.0,349.5,3.858,3.63,2120.313,2888.31,7928.31,0.2280000000000002,-0.000899281,1283.688,0.3597122302158273
1275.78,351.0,3.876,3.615,2147.803571429104,2924.38,8058.53,0.2609999999999997,-0.000899281,1280.1939999999763,0.3417266187050359
1361.81,375.30000000074506,3.873,3.612,2360.375,3176.38,7880.53,0.2610000000000001,-0.000899281,1362.83,0.3354316546762589
1272.0,348.0,3.858,3.631,2108.3120000008494,2888.31,7964.31,0.2270000000000003,-0.000899281,1279.2,0.3588129496402877
1348.69,373.0,3.882,3.61,2348.25,3140.25,7789.97,0.2720000000000002,-0.000899281,1351.85,0.3354316546762589
1198.72,324.6666666660458,3.876,3.633,1936.9464285708964,2672.38,7649.53,0.2429999999999998,-0.000899281,1202.649999999977,0.3354316546762589
1248.0,340.6666666660458,3.881,3.625,2065.455857142806,2816.31,7892.31,0.2559999999999998,-0.000899281,1250.3179999999768,0.3354316546762589
1166.5,312.952381,3.838,3.65,1817.3440000005064,2564.34,7970.69,0.1880000000000001,-0.000899281,1168.3379999999763,0.3354316546762589
1176.0,321.3333333339542,3.853,3.646,1890.5827142857013,2600.3,8141.47,0.2070000000000003,-0.000899281,1184.8979999999883,0.3309352517985611
1295.75,358.5,3.891,3.623,2198.344000000506,2996.34,7632.0,0.2679999999999998,-0.000899281,1302.9419999999998,0.3399280575539568
1262.62,347.3333333339542,3.886,3.623,2096.25,2888.25,7604.25,0.2629999999999999,-0.000899281,1260.5239999999767,0.3327338129496403
1207.31,316.0,3.831,3.657,1880.3440000005064,2636.34,7670.22,0.1739999999999999,-0.000899281,1213.37,0.3354316546762589
1366.34,385.1999999992549,3.88,3.594,2372.375,3176.38,8132.94,0.286,-0.000899281,1373.2419999999763,0.3354316546762589
1269.56,352.19999999925494,3.873,3.616,2132.313,2888.31,8040.97,0.2570000000000001,-0.000899281,1276.9619999999768,0.3408273381294964
1342.62,365.0,3.86,3.617,2258.2975000012666,3068.28,8042.81,0.2429999999999998,-0.000899281,1349.8919999999766,0.3354316546762589
1153.0,323.047619,3.858,3.662,1782.6607142854482,2492.38,7514.19,0.1960000000000001,-0.000899281,1153.1299999999767,0.3390287769784172
33.41,42.10526315867901,3.121,3.619,86.36274990811944,8.0,8.0,-0.498,-0.000899281,1084.9619999999766,0.3345323741007194
1268.91,351.0,3.873,3.617,2119.1471428554505,2890.59,8006.91,0.2560000000000002,-0.000899281,1274.4679999999769,0.3399280575539568
1358.12,375.9000000003725,3.872,3.612,2360.25,3176.25,7894.62,0.2599999999999998,-0.000899281,1361.4299999999998,0.3345323741007194
1248.0,346.80000000074506,3.885,3.625,2091.1071428563446,2852.25,7496.25,0.2599999999999998,-0.000899281,1258.1239999999766,0.3318345323741006
1272.0,348.0,3.858,3.631,2102.3120000008494,2888.31,7964.31,0.2270000000000003,-0.000899281,1276.8,0.3579136690647482
1161.91,312.80000000074506,3.836,3.65,1814.375,2564.38,7995.84,0.1859999999999999,-0.000899281,1166.3439999999766,0.3345323741007194
1292.22,358.0,3.891,3.644,2183.772571427748,2960.34,7603.47,0.2469999999999999,-0.000899281,1299.6619999999998,0.3390287769784172
1152.66,322.40000000037253,3.859,3.661,1787.709571428597,2492.28,7562.72,0.1979999999999999,-0.000899281,1151.8739999999766,0.3381294964028777
1198.81,324.952381,3.876,3.634,1936.9154285695404,2672.34,7643.25,0.242,-0.000899281,1200.3299999999767,0.3345323741007194
1349.44,372.5999999996274,3.882,3.611,2348.3130000010133,3140.31,7789.19,0.2709999999999999,-0.000899281,1350.2140000000002,0.3345323741007194
1366.44,385.1999999992549,3.88,3.596,2366.25,3176.25,8154.84,0.2839999999999998,-0.000899281,1370.4059999999768,0.3345323741007194
1247.53,342.0154999997467,3.88,3.626,2054.375,2816.38,7892.38,0.254,-0.000899281,1247.9059999999768,0.3345323741007194
1175.94,320.6666666660458,3.853,3.647,1880.3600000012664,2600.36,8131.88,0.2060000000000004,-0.000899281,1181.6019999999885,0.3300359712230216
1206.22,316.0,3.831,3.657,1875.1071428563448,2636.25,7649.38,0.1739999999999999,-0.000899281,1209.738,0.3345323741007194
1341.41,364.5,3.858,3.618,2355.5120000001043,3176.31,8181.97,0.2400000000000002,-0.000899281,1082.0879999999768,0.3336330935251798
1272.0,348.0,3.858,3.632,2096.375,2888.38,7964.38,0.2259999999999999,-0.000899281,1274.4,0.3570143884892086
1149.75,309.9047619048506,3.831,3.651,1798.0582857131958,2528.34,7922.5,0.1800000000000001,-0.000899281,1162.4759999999765,0.3336330935251798
1349.09,373.0,3.867,3.614,2342.2180000003427,3140.22,7877.81,0.2530000000000001,-0.000899281,1358.7099999999998,0.3336330935251798
1177.12,320.0,3.852,3.646,1875.169142857194,2600.31,8135.42,0.2059999999999999,-0.000899281,1179.2919999999883,0.329136691
1359.59,382.9714285712689,3.879,3.594,2348.343,3176.34,8189.97,0.2850000000000001,-0.000899281,1366.6919999999768,0.3336330935251798
1236.0,341.0,3.879,3.628,2049.964285714552,2816.25,7856.25,0.2509999999999999,-0.000899281,1245.505999999977,0.3336330935251798
1251.62,344.6666666660458,3.883,3.625,2084.3120000008494,2852.31,7604.31,0.258,-0.000899281,1256.447999999977,0.3309352517985611
1196.84,324.0,3.874,3.632,1936.7894285693765,2672.22,7609.06,0.242,-0.000899281,1198.7419999999763,0.3336330935251798
1206.0,316.0,3.83,3.657,1874.2190000005064,2636.22,7655.44,0.173,-0.000899281,1207.8439999999998,0.3336330935251798
1344.25,372.3428571429104,3.881,3.61,2348.344000000506,3140.34,7776.41,0.2709999999999999,-0.000899281,1348.382,0.3336330935251798
1289.0,356.0,3.89,3.624,2174.3430000003427,2960.34,7627.94,0.266,-0.000899281,1296.368,0.3381294964028777
1152.0,322.6666666660458,3.858,3.661,1787.7415714282542,2492.31,7592.53,0.197,-0.000899281,1151.4619999999766,0.3372302158273381
1265.75,350.40000000037253,3.872,3.617,2114.343999998644,2888.34,8023.72,0.2549999999999999,-0.000899281,1271.7499999999768,0.3390287769784172
1284.22,354.9333333335817,3.889,3.625,2156.188,2960.19,7600.59,0.2639999999999998,-0.000899281,1292.2620000000002,0.3372302158273381
1147.03,320.40000000037253,3.856,3.661,1792.959714286029,2492.41,7570.84,0.1949999999999998,-0.000899281,1151.0619999999767,0.3363309352517986
1272.0,348.30000000074506,3.858,3.631,2101.5178571436554,2888.38,8000.38,0.2270000000000003,-0.000899281,1272.0,0.356115107913669
1334.81,386.43700000084937,3.858,3.777,2086.375,2982.03,8357.03,0.081,-0.000899281,1353.178,0.3327338129496403
1173.81,320.42149999924004,3.817,3.794,1610.3120000008494,2485.0,8173.47,0.023,-0.000899281,1200.4299999999998,0.3327338129496403
1175.25,331.1880000028759,3.865,3.797,1659.25,2506.0,8238.03,0.068,-0.000899281,1193.7739999999765,0.3327338129496403
1238.38,355.18700000084937,3.88,3.912,1827.0,2695.0,8071.0,-0.032,-0.000899281,1252.1239999999766,0.3300359712230216
1258.0,362.4070000015199,3.869,3.783,1876.530999999493,2730.03,8510.38,0.086,-0.000899281,1267.5999999999767,0.3381294964028777
1340.03,375.62450000084937,3.861,3.912,2051.343999998644,2961.34,8466.06,-0.051,-0.000899281,1080.793999999977,0.3327338129496403
1236.0,350.375,3.876,3.913,1799.0319999996573,2653.0,8358.03,-0.037,-0.000899281,1243.1059999999766,0.3327338129496403
1319.09,379.2180000003427,3.869,3.903,2100.406000001356,2989.44,8214.78,-0.034,-0.000899281,1342.1619999999998,0.3327338129496403
1159.97,330.0005000010133,3.846,3.793,1596.3290000017732,2429.03,8828.89,0.0529999999999999,-0.000899281,1174.1339999999884,0.3282374100719424
1362.44,396.0,3.879,3.777,2142.343999998644,3038.03,8529.72,0.1019999999999998,-0.000899281,1364.9559999999767,0.3327338129496403
1139.59,319.18799999915063,3.824,3.794,1463.281000001356,2303.0,8757.28,0.0299999999999998,-0.000899281,1156.9319999999766,0.3327338129496403
1272.0,347.5,3.859,3.631,2096.1870000008494,2888.19,7964.19,0.2280000000000002,-0.000899281,1272.0,0.3552158273381295
1350.44,366.5,3.859,3.905,2067.5129999984056,2960.31,8298.5,-0.046,-0.000899281,1081.5819999999767,0.3318345323741007
1281.09,355.19999999925494,3.888,3.626,2144.4069999996573,2924.41,7612.97,0.262,-0.000899281,1288.456,0.3363309352517986
1189.0,322.6666666660458,3.868,3.915,1640.375,2456.38,8059.12,-0.047,-0.000899281,1191.7239999999765,0.3318345323741006
1268.69,352.19999999925494,3.87,3.908,1880.375,2708.38,8357.25,-0.038,-0.000899281,1266.1819999999766,0.3372302158273381
1356.25,375.5999999996274,3.867,3.901,2102.3120000008494,2960.31,8143.69,-0.034,-0.000899281,1352.016,0.3318345323741007
1187.75,313.5238095223904,3.82,3.932,1544.3130000010133,2420.31,7998.25,-0.112,-0.000899281,1196.218,0.3318345323741007
1236.0,341.40000000037253,3.877,3.907,1814.375,2636.38,8252.38,-0.03,-0.000899281,1240.7059999999767,0.3318345323741006
1143.88,319.8095238097012,3.855,3.661,1777.4868571422994,2492.34,7542.78,0.1939999999999999,-0.000899281,1149.7139999999767,0.3354316546762589
1160.75,314.0952380951494,3.83,3.929,1478.3129999991506,2312.31,8428.75,-0.099,-0.000899281,1155.6999999999766,0.3318345323741007
1378.12,388.80000000074506,3.88,3.891,2180.375,3068.38,8418.38,-0.011,-0.000899281,1366.5859999999766,0.3318345323741007
1153.16,317.59999999962747,3.841,3.924,1562.3440000005066,2384.34,8635.5,-0.083,-0.000899281,1168.4379999999885,0.3273381294964029
1336.69,371.0999999996274,3.874,3.901,2078.3120000008494,2924.31,8026.19,-0.027,-0.000899281,1339.632,0.3318345323741006
1260.0,349.3333333339542,3.883,3.905,1838.312000000849,2672.31,7892.31,-0.022,-0.000899281,1252.1239999999766,0.3291366906474821
1142.88,319.59999999962747,3.855,3.662,1767.1701428554952,2492.31,7519.69,0.193,-0.000899281,1147.6899999999769,0.3345323741007194
1279.31,354.0,3.888,3.627,2132.343999998644,2924.31,7599.22,0.2610000000000001,-0.000899281,1285.168,0.3354316546762589
1190.69,323.4285714291036,3.871,3.636,1906.0272857137024,2636.31,7719.88,0.2349999999999998,-0.000899281,1190.1179999999767,0.3309352517985611
1266.31,350.5,3.871,3.618,2116.9464285708964,2888.38,8047.0,0.2530000000000001,-0.000899281,1265.5319999999767,0.3363309352517986
1346.19,364.80000000074506,3.86,3.618,2282.313,3104.31,8126.94,0.242,-0.000899281,1082.2959999999769,0.3309352517985611
1272.0,345.5,3.859,3.631,2091.2321428563446,2852.38,7964.38,0.2280000000000002,-0.000899281,1272.0,0.3543165467625899
1236.0,341.0,3.877,3.63,2050.089285714552,2816.38,7964.38,0.2469999999999999,-0.000899281,1238.3059999999766,0.3309352517985611
1360.5,375.9000000003725,3.87,3.615,2354.375,3140.38,7960.69,0.2549999999999999,-0.000899281,1351.754,0.3309352517985611
1344.31,371.4000000003725,3.877,3.615,2317.455857142806,3104.31,7809.88,0.2619999999999995,-0.000899281,1338.756,0.3309352517985611
1152.16,315.59999999962747,3.841,3.652,1798.0272857137024,2528.31,8290.94,0.189,-0.000899281,1163.6699999999885,0.3264388489208633
1374.38,387.9000000003725,3.88,3.594,2402.3120000008494,3212.31,8169.81,0.286,-0.000899281,1368.1939999999768,0.3309352517985611
1166.75,313.9047619048506,3.835,3.654,1808.3129999991504,2528.31,8095.69,0.181,-0.000899281,1155.7499999999768,0.3309352517985611
1188.5,313.5238095223904,3.82,3.662,1823.6155714280903,2564.19,7699.31,0.1579999999999999,-0.000899281,1192.456,0.3309352517985611
1248.0,348.30000000074506,3.882,3.627,2090.25,2852.25,7676.25,0.2550000000000003,-0.000899281,1249.1999999999766,0.3282374100719424
1260.0,348.5,3.884,3.627,2084.1870000008494,2852.19,7568.19,0.2570000000000001,-0.000899281,1251.5999999999767,0.3273381294964029
1165.5,312.5714285708964,3.836,3.652,1826.3129999991504,2564.31,8009.5,0.1839999999999997,-0.000899281,1156.4679999999769,0.3300359712230215
1363.0,378.51428571529686,3.88,3.594,2390.3120000008494,3212.31,8165.94,0.286,-0.000899281,1367.505999999977,0.3300359712230216
1144.97,314.40000000037253,3.839,3.653,1792.915428571403,2492.34,8231.78,0.1859999999999999,-0.000899281,1157.4759999999883,0.3255395683453237
1267.75,350.6666666660458,3.871,3.618,2111.678571429104,2888.25,8033.5,0.2530000000000001,-0.000899281,1265.2999999999768,0.3354316546762589
1349.69,372.3428571429104,3.88,3.613,2336.313,3140.31,7786.56,0.2669999999999999,-0.000899281,1338.806,0.3300359712230216
1260.0,346.5,3.857,3.632,2086.089285714552,2852.38,7928.38,0.2250000000000001,-0.000899281,1269.6,0.3534172661870504
1197.81,314.22857142984867,3.826,3.662,1832.3130000010133,2600.31,7664.38,0.1640000000000001,-0.000899281,1190.774,0.3300359712230215
1278.41,352.80000000074506,3.888,3.627,2132.3120000008494,2924.31,7595.19,0.2610000000000001,-0.000899281,1282.4060000000002,0.3345323741007194
1147.81,332.42149999924004,3.851,3.796,1505.375,2324.0,8065.66,0.055,-0.000899281,1146.7199999999768,0.3336330935251798
1360.94,375.9000000003725,3.87,3.614,2366.313,3176.31,7948.94,0.2560000000000002,-0.000899281,1352.318,0.3300359712230216
1195.62,324.0,3.874,3.635,1911.169142857194,2636.31,7616.5,0.2390000000000003,-0.000899281,1189.4799999999766,0.3300359712230216
1345.25,364.80000000074506,3.86,3.618,2270.3120000008494,3104.31,8040.69,0.242,-0.000899281,1344.6639999999768,0.3300359712230215
1236.0,340.0,3.877,3.628,2050.089285714552,2816.38,7856.38,0.2489999999999996,-0.000899281,1236.0,0.3300359712230216
1202.44,315.3333333339542,3.827,3.66,1859.7675714287907,2600.38,7626.25,0.1669999999999998,-0.000899281,1190.062,0.3291366906474821
1349.25,373.1999999992549,3.88,3.612,2348.3120000008494,3140.31,7790.56,0.2679999999999998,-0.000899281,1339.806,0.3291366906474821
1278.88,352.80000000074506,3.888,3.627,2127.200142856688,2924.34,7600.91,0.2610000000000001,-0.000899281,1280.382,0.3336330935251798
1260.0,345.59999999962747,3.857,3.633,2078.375,2852.38,7928.38,0.2240000000000002,-0.000899281,1267.2,0.3525179856115107
1266.38,350.0,3.871,3.618,2116.9464285708964,2888.38,8016.19,0.2530000000000001,-0.000899281,1265.4259999999767,0.3345323741007194
1136.47,319.59999999962747,3.849,3.923,1538.3129999991506,2348.31,8016.72,-0.074,-0.000899281,1143.6139999999768,0.3327338129496403
1366.94,384.5999999996274,3.88,3.595,2378.375,3176.38,8135.81,0.2849999999999997,-0.000899281,1368.9759999999767,0.329136691
1144.47,314.0,3.841,3.653,1776.7190000005066,2492.22,8186.53,0.1880000000000001,-0.000899281,1150.9459999999883,0.3246402877697841
1164.12,313.3333333339542,3.836,3.652,1823.803571429104,2564.38,7966.88,0.1839999999999997,-0.000899281,1159.341999999977,0.3291366906474821
1260.0,349.0,3.886,3.626,2096.375,2888.38,7568.38,0.2600000000000002,-0.000899281,1253.2759999999766,0.3264388489208633
1197.75,323.5,3.875,3.634,1926.660714285448,2672.38,7665.0,0.2410000000000001,-0.000899281,1189.6619999999766,0.3291366906474821
1341.69,363.9000000003725,3.86,3.619,2264.375,3068.38,8021.44,0.2409999999999996,-0.000899281,1344.7199999999766,0.3291366906474821
1236.0,340.5,3.877,3.628,2054.313,2816.31,7892.31,0.2489999999999996,-0.000899281,1236.0,0.3291366906474821
1360.94,376.11428571492434,3.871,3.614,2366.375,3176.38,7915.94,0.2570000000000001,-0.000899281,1354.688,0.329136691
1199.19,314.6666666660458,3.827,3.659,1874.1869999989867,2636.19,7632.88,0.1680000000000001,-0.000899281,1195.138,0.3282374100719424
1246.34,360.0,3.876,3.803,1897.405999999493,2779.0,7989.84,0.073,-0.000899281,1272.806,0.3327338129496403
1364.38,382.62857142835855,3.881,3.595,2372.3120000008494,3176.31,8159.44,0.2859999999999996,-0.000899281,1369.3639999999768,0.3282374100719424
1131.34,318.0,3.849,3.664,1741.5178571436554,2456.38,7599.56,0.185,-0.000899281,1140.4759999999767,0.3318345323741006
1260.0,347.0,3.886,3.625,2096.313,2888.31,7568.31,0.2610000000000001,-0.000899281,1257.5999999999767,0.3255395683453237
1347.75,373.1999999992549,3.88,3.612,2348.25,3140.25,7841.62,0.2679999999999998,-0.000899281,1345.538,0.3282374100719424
1260.0,343.5,3.856,3.633,2070.660714285448,2852.38,7892.38,0.2229999999999998,-0.000899281,1264.8,0.3516187050359712
1339.12,363.0,3.859,3.619,2246.313,3068.31,7964.62,0.2399999999999997,-0.000899281,1344.5379999999766,0.3282374100719424
1196.44,324.6666666660458,3.876,3.633,1931.740571429953,2672.31,7623.56,0.2429999999999998,-0.000899281,1193.899999999977,0.3282374100719424
1255.19,349.3333333339542,3.871,3.618,2114.188000002876,2888.19,7982.0,0.2530000000000001,-0.000899281,1264.8639999999768,0.3336330935251798
1359.75,375.0,3.871,3.613,2363.803571429104,3140.38,7940.88,0.258,-0.000899281,1359.6760000000002,0.3282374100719424
1224.0,338.6666666660458,3.877,3.627,2048.375,2780.38,7820.38,0.25,-0.000899281,1233.5999999999767,0.3282374100719424
1139.88,313.1428571436554,3.84,3.653,1772.2190000005066,2492.22,8144.22,0.1869999999999998,-0.000899281,1146.9279999999883,0.3237410071942446
1162.31,312.6666666660458,3.836,3.652,1818.660714285448,2528.38,8045.44,0.1839999999999997,-0.000899281,1163.8859999999768,0.3282374100719424
1136.78,312.6666666660458,3.839,3.654,1756.8214285708964,2456.25,8193.97,0.185,-0.000899281,1143.6519999999884,0.322841727
1255.62,350.09999999962747,3.877,3.909,1826.3440000005064,2708.34,7770.84,-0.032,-0.000899281,1267.712,0.3318345323741007
1194.44,322.6666666660458,3.876,3.633,1928.312000000849,2672.31,7658.19,0.2429999999999998,-0.000899281,1194.9879999999766,0.3273381294964029
1235.38,338.0,3.876,3.628,2029.517857143656,2780.38,7784.38,0.2479999999999997,-0.000899281,1233.4759999999767,0.3273381294964029
1248.0,344.0,3.855,3.634,2055.170142855495,2816.31,7892.31,0.221,-0.000899281,1260.0,0.3507194244604316
1336.31,362.0999999996274,3.859,3.619,2246.3120000008494,3068.31,7982.06,0.2399999999999997,-0.000899281,1341.7119999999768,0.3273381294964029
1260.19,348.6666666660458,3.87,3.619,2106.598714288324,2852.31,7943.62,0.2509999999999999,-0.000899281,1263.1639999999766,0.3327338129496403
1127.38,317.19999999925494,3.849,3.666,1733.5451428554952,2458.69,7525.09,0.1830000000000002,-0.000899281,1137.1759999999767,0.3309352517985611
1357.31,376.5,3.87,3.613,2354.1870000008494,3140.19,7932.5,0.2570000000000001,-0.000899281,1359.888,0.3273381294964029
1194.44,312.0,3.826,3.66,1864.883428569883,2636.31,7578.69,0.1659999999999999,-0.000899281,1196.476,0.3273381294964029
1248.0,348.0,3.886,3.625,2090.3120000008494,2852.31,7568.31,0.2610000000000001,-0.000899281,1255.1999999999766,0.3246402877697841
1345.88,372.30000000074506,3.88,3.611,2342.313,3140.31,7806.56,0.2689999999999997,-0.000899281,1347.376,0.3273381294964029
1158.81,312.0,3.835,3.652,1808.25,2528.25,7983.5,0.1829999999999998,-0.000899281,1163.4979999999766,0.3273381294964029
1365.06,383.6999999992549,3.88,3.595,2360.375,3176.38,8206.12,0.2849999999999997,-0.000899281,1366.7519999999768,0.3273381294964029
1188.25,311.19999999925494,3.826,3.66,1850.3130000010133,2600.31,7578.5,0.1659999999999999,-0.000899281,1196.426,0.3264388489208633
1364.81,382.62857142835855,3.881,3.594,2358.660714285448,3176.38,8180.38,0.2869999999999999,-0.000899281,1364.8379999999768,0.3264388489208633
1191.62,322.0,3.875,3.635,1911.2321428563448,2636.38,7634.31,0.2400000000000002,-0.000899281,1195.1739999999768,0.3264388489208633
1224.0,337.3333333339542,3.875,3.629,2024.375,2780.38,7784.38,0.246,-0.000899281,1231.0759999999768,0.3264388489208633
1342.12,370.9714285712689,3.879,3.612,2336.4370000008494,3104.44,7754.5,0.2669999999999999,-0.000899281,1346.938,0.3264388489208633
1354.19,374.0999999996274,3.87,3.613,2348.4370000008494,3140.44,7962.81,0.2570000000000001,-0.000899281,1358.6260000000002,0.3264388489208633
1248.0,346.5,3.886,3.627,2084.25,2852.25,7568.25,0.2590000000000003,-0.000899281,1255.1999999999766,0.3237410071942446
1256.94,349.0,3.88,3.634,2065.5178571436554,2852.38,7603.0,0.246,-0.000899281,1263.238,0.3309352517985611
1154.94,310.40000000037253,3.835,3.652,1803.169142857194,2528.31,8001.06,0.1829999999999998,-0.000899281,1161.1359999999768,0.3264388489208633
1134.5,310.80000000074506,3.839,3.655,1746.5977142862976,2456.31,8169.5,0.1840000000000001,-0.000899281,1140.1199999999883,0.3219424460431654
1248.0,343.3333333339542,3.855,3.635,2048.188,2816.19,7856.19,0.2200000000000002,-0.000899281,1255.2,0.3498201438848921
1257.0,348.0,3.87,3.62,2096.311999997124,2852.31,7908.25,0.25,-0.000899281,1261.3019999999767,0.3318345323741007
1124.12,316.11428571492434,3.848,3.665,1720.8214285708964,2420.25,7512.44,0.1829999999999998,-0.000899281,1133.4239999999768,0.3300359712230216
1333.88,362.6999999992549,3.858,3.62,2234.313,3068.31,7957.62,0.238,-0.000899281,1339.2499999999768,0.3264388489208633
1224.0,336.6666666660458,3.875,3.63,2014.089285714552,2744.38,7749.5,0.2450000000000001,-0.000899281,1228.6759999999767,0.3255395683453237
1254.81,348.5333333332092,3.868,3.62,2090.313000002876,2852.31,7968.62,0.2479999999999997,-0.000899281,1258.7139999999767,0.3309352517985611
1338.94,369.0,3.878,3.612,2324.3120000008494,3104.31,7826.06,0.266,-0.000899281,1344.788,0.3255395683453237
1364.31,383.0999999996274,3.882,3.595,2354.313,3140.31,8232.06,0.2869999999999999,-0.000899281,1365.0999999999767,0.3255395683453237
1190.31,322.0,3.875,3.633,1911.169142857194,2636.31,7658.06,0.242,-0.000899281,1194.111999999977,0.3255395683453237
1263.0,350.0,3.882,3.633,2070.660714285448,2852.38,7500.12,0.2490000000000001,-0.000899281,1260.1560000000002,0.3300359712230215
1183.06,310.40000000037253,3.825,3.661,1834.027285715565,2600.31,7591.62,0.1640000000000001,-0.000899281,1193.476,0.3255395683453237
1248.0,348.0,3.886,3.626,2078.4370000008494,2852.44,7532.44,0.2600000000000002,-0.000899281,1252.7999999999768,0.322841727
1353.56,374.0999999996274,3.87,3.614,2336.313,3140.31,7970.62,0.2560000000000002,-0.000899281,1357.15,0.3255395683453237
1132.31,310.2857142854482,3.838,3.655,1741.4868571422994,2456.34,8107.78,0.1830000000000002,-0.000899281,1137.5879999999884,0.3210431654676259
1333.12,360.30000000074506,3.858,3.621,2228.3120000008494,3032.31,7951.5,0.2370000000000001,-0.000899281,1336.8239999999766,0.3255395683453237
1248.0,342.0,3.854,3.635,2044.884428570047,2816.31,7892.31,0.2190000000000003,-0.000899281,1252.8,0.3489208633093525
1125.5,315.4285714291036,3.85,3.666,1710.5987142845988,2420.31,7529.56,0.1840000000000001,-0.000899281,1128.9619999999768,0.3291366906474821
1151.06,310.11428571492434,3.835,3.654,1787.7415714282542,2492.31,7982.69,0.181,-0.000899281,1158.2479999999766,0.3255395683453237
1187.62,321.3333333339542,3.875,3.634,1906.089285714552,2636.38,7655.06,0.2410000000000001,-0.000899281,1192.0859999999768,0.3246402877697841
1362.62,380.9142857138068,3.882,3.596,2348.3120000008494,3140.31,8234.25,0.286,-0.000899281,1364.235999999977,0.3246402877697841
1336.94,368.0999999996274,3.879,3.613,2312.375,3104.38,7779.56,0.266,-0.000899281,1342.326,0.3246402877697841
1180.12,309.59999999962747,3.825,3.662,1820.375,2564.38,7517.88,0.1630000000000002,-0.000899281,1189.012,0.3246402877697841
1131.22,310.0,3.838,3.654,1736.3120000008494,2456.31,8136.03,0.1840000000000001,-0.000899281,1134.9379999999885,0.3201438848920863
1269.31,351.59999999962747,3.885,3.631,2091.169142857194,2888.31,7531.88,0.254,-0.000899281,1258.2419999999995,0.3291366906474821
1248.0,346.6666666660458,3.886,3.626,2072.375,2852.38,7574.0,0.2600000000000002,-0.000899281,1250.399999999977,0.3219424460431654
1224.0,334.6666666660458,3.875,3.632,2003.7415714282545,2744.31,7748.31,0.2429999999999998,-0.000899281,1226.2759999999766,0.3246402877697841
1352.0,374.0999999996274,3.869,3.615,2336.188,3140.19,7944.19,0.254,-0.000899281,1355.362,0.3246402877697841
1121.5,315.19999999925494,3.85,3.665,1715.7415714282542,2420.31,7492.44,0.185,-0.000899281,1125.9679999999769,0.3282374100719424
1248.0,342.6666666660458,3.854,3.635,2042.3129999991504,2816.31,7892.31,0.2190000000000003,-0.000899281,1250.4,0.3480215827338129
1253.25,348.0,3.869,3.621,2084.313000002876,2852.31,7919.88,0.2480000000000002,-0.000899281,1256.0879999999768,0.3300359712230216
1333.31,360.30000000074506,3.857,3.621,2228.375,3032.38,8017.5,0.2360000000000002,-0.000899281,1335.1479999999767,0.3246402877697841
1140.0,308.40000000037253,3.835,3.654,1782.5977142862976,2492.31,7950.06,0.181,-0.000899281,1153.4239999999768,0.3246402877697841
1148.88,308.40000000037253,3.835,3.654,1777.5178571436554,2492.38,7982.56,0.181,-0.000899281,1150.7379999999766,0.3237410071942445
1212.0,334.6666666660458,3.876,3.631,1994.3129999991504,2744.31,7748.31,0.2450000000000001,-0.000899281,1223.8759999999768,0.3237410071942446
1129.97,310.0,3.837,3.655,1731.2011428568512,2420.34,8151.44,0.1820000000000003,-0.000899281,1132.9559999999883,0.3192446043165468
1253.81,348.0,3.869,3.621,2078.313000002876,2852.31,7922.94,0.2480000000000002,-0.000899281,1255.8119999999767,0.329136691
1248.0,345.5,3.885,3.627,2070.5977142862976,2852.31,7568.31,0.258,-0.000899281,1248.0,0.3210431654676259
1268.0,350.5,3.886,3.631,2108.375,2888.38,7505.88,0.2550000000000003,-0.000899281,1262.574,0.3282374100719424
1351.94,374.0999999996274,3.87,3.615,2330.375,3140.38,7957.31,0.2549999999999999,-0.000899281,1353.8,0.3237410071942446
1186.69,320.7619047630578,3.875,3.634,1900.884428570047,2636.31,7705.94,0.2410000000000001,-0.000899281,1190.1359999999763,0.3237410071942446
1359.44,382.1999999992549,3.882,3.595,2342.375,3140.38,8207.06,0.2869999999999999,-0.000899281,1363.2479999999766,0.3237410071942446
1335.12,368.0999999996274,3.879,3.613,2307.1071428563446,3104.25,7767.06,0.266,-0.000899281,1339.8,0.3237410071942446
1248.0,341.59999999962747,3.853,3.635,2039.803571429104,2816.38,7856.38,0.2180000000000004,-0.000899281,1248.0,0.3471223021582734
1177.38,309.9320571422577,3.823,3.662,1808.3130000010133,2564.31,7534.44,0.161,-0.000899281,1184.65,0.3237410071942445
1333.19,360.30000000074506,3.858,3.62,2228.3120000008494,3032.31,8008.12,0.238,-0.000899281,1333.9619999999768,0.3237410071942445
1126.06,314.80000000074506,3.851,3.666,1705.4548571445048,2420.31,7477.06,0.185,-0.000899281,1124.9119999999766,0.3273381294964029
1351.69,374.0999999996274,3.87,3.615,2330.3120000008494,3104.31,7951.94,0.2549999999999999,-0.000899281,1352.676,0.322841727
1185.62,319.3333333339542,3.875,3.635,1895.7415714282545,2636.31,7681.62,0.2400000000000002,-0.000899281,1188.3719999999769,0.322841727
1129.12,316.40000000037253,3.853,3.665,1715.740571429953,2420.31,7538.81,0.1880000000000001,-0.000899281,1125.2599999999766,0.3264388489208633
1356.06,378.9000000003725,3.882,3.595,2330.313,3140.31,8128.31,0.2869999999999999,-0.000899281,1361.447999999977,0.322841727
1248.0,339.73333333432674,3.851,3.635,2036.312000000849,2816.31,7892.31,0.2160000000000002,-0.000899281,1248.0,0.3462230215827338
1212.0,334.6666666660458,3.876,3.632,1993.455857142806,2744.31,7748.31,0.2439999999999997,-0.000899281,1219.1999999999766,0.322841727
1334.31,366.5,3.879,3.613,2306.3120000008494,3104.31,7748.12,0.266,-0.000899281,1337.486,0.322841727
1176.38,308.0,3.824,3.663,1798.0892857145518,2564.38,7514.75,0.161,-0.000899281,1181.038,0.322841727
1254.0,348.0,3.87,3.62,2080.8834285680205,2852.31,7944.69,0.25,-0.000899281,1254.5739999999766,0.3282374100719424
1334.0,361.5,3.858,3.62,2228.375,3032.38,7988.19,0.238,-0.000899281,1333.4999999999768,0.322841727
1268.62,351.3333333339542,3.886,3.631,2106.5977142862976,2888.31,7554.06,0.2550000000000003,-0.000899281,1265.174,0.3273381294964029
1127.62,309.19999999925494,3.838,3.655,1731.1701428554952,2420.31,8173.25,0.1830000000000002,-0.000899281,1131.1239999999884,0.3183453237410072
1148.25,308.40000000037253,3.835,3.654,1777.5178571436554,2492.38,7943.69,0.181,-0.000899281,1148.6259999999768,0.322841727
1248.0,345.47674999944866,3.885,3.626,2065.3928571436554,2852.25,7532.25,0.2589999999999999,-0.000899281,1248.0,0.3201438848920863
1265.31,350.69999999925494,3.885,3.63,2102.375,2888.38,7510.81,0.2549999999999999,-0.000899281,1266.848,0.3264388489208633
1334.44,366.5,3.879,3.613,2301.964285714552,3104.25,7759.5,0.266,-0.000899281,1335.95,0.3219424460431654
1147.94,308.40000000037253,3.835,3.654,1772.375,2492.38,7966.88,0.181,-0.000899281,1147.2259999999767,0.3219424460431654
1212.0,334.6666666660458,3.876,3.631,1993.517857143656,2744.38,7748.38,0.2450000000000001,-0.000899281,1216.7999999999768,0.3219424460431654
1353.56,378.8571428563446,3.881,3.596,2322.660714285448,3140.38,8165.06,0.2849999999999997,-0.000899281,1359.197999999977,0.3219424460431654
1239.81,339.3333333339542,3.849,3.637,2018.375,2780.38,7856.38,0.2120000000000002,-0.000899281,1246.362,0.3453237410071942
1123.75,308.7428571432829,3.837,3.656,1720.915428571403,2420.34,8148.19,0.181,-0.000899281,1128.9739999999883,0.3174460431654676
1254.75,347.69999999925494,3.87,3.62,2078.313000002876,2852.31,7971.94,0.25,-0.000899281,1254.1239999999766,0.3273381294964029
1350.69,373.0285714287311,3.871,3.614,2330.313,3104.31,7953.56,0.2570000000000001,-0.000899281,1351.976,0.3219424460431654
1248.0,345.5,3.885,3.627,2065.5178571436554,2816.38,7568.38,0.258,-0.000899281,1248.0,0.3192446043165468
1186.75,320.7619047630578,3.875,3.634,1895.7415714282545,2636.31,7717.0,0.2410000000000001,-0.000899281,1187.3979999999767,0.3219424460431654
1333.94,361.1999999992549,3.859,3.62,2228.25,3032.25,8011.25,0.2389999999999998,-0.000899281,1333.5119999999763,0.3219424460431654
1176.12,308.22857142984867,3.825,3.663,1790.3130000010133,2564.31,7513.75,0.1620000000000003,-0.000899281,1178.612,0.3219424460431654
1129.06,316.40000000037253,3.852,3.666,1724.25,2420.25,7552.81,0.1859999999999999,-0.000899281,1126.2479999999766,0.3255395683453237
1174.25,307.0285714287311,3.825,3.663,1790.375,2528.38,7506.62,0.1620000000000003,-0.000899281,1176.85,0.3210431654676259
1224.0,336.0,3.847,3.638,1983.044142857194,2744.19,7964.19,0.209,-0.000899281,1241.562,0.3444244604316546
1121.5,307.4285714291036,3.836,3.656,1710.6297142859548,2420.34,8173.81,0.1799999999999997,-0.000899281,1126.8119999999883,0.316546762589928
1332.69,367.1999999992549,3.879,3.614,2300.4163333345205,3104.44,7691.19,0.2650000000000001,-0.000899281,1334.7,0.3210431654676259
1332.81,361.1999999992549,3.859,3.619,2228.3120000008494,3032.31,8054.44,0.2399999999999997,-0.000899281,1333.4499999999766,0.3210431654676259
1349.69,378.5999999996274,3.88,3.598,2317.5178571436554,3140.38,8093.12,0.282,-0.000899281,1356.2739999999767,0.3210431654676259
1187.06,320.7619047630578,3.875,3.634,1900.8214285708964,2636.25,7688.19,0.2410000000000001,-0.000899281,1186.7479999999766,0.3210431654676259
1350.0,373.0285714287311,3.871,3.614,2324.3120000008494,3104.38,7995.81,0.2570000000000001,-0.000899281,1351.264,0.3210431654676259
1248.0,345.5,3.886,3.627,2060.313,2816.31,7604.31,0.2590000000000003,-0.000899281,1248.0,0.3183453237410072
1146.75,307.6190476194024,3.835,3.654,1772.375,2492.38,7942.56,0.181,-0.000899281,1146.3639999999768,0.3210431654676259
1212.0,334.6666666660458,3.876,3.631,1993.517857143656,2744.38,7712.38,0.2450000000000001,-0.000899281,1214.399999999977,0.3210431654676259
1254.19,348.0,3.871,3.62,2078.375,2852.38,7965.44,0.2509999999999999,-0.000899281,1253.9999999999768,0.3264388489208633
1128.69,315.3333333339542,3.852,3.665,1726.0892857145518,2420.38,7563.88,0.1869999999999998,-0.000899281,1126.8859999999763,0.3246402877697841
1261.19,349.0,3.885,3.63,2090.3120000008494,2888.31,7500.38,0.2549999999999999,-0.000899281,1266.486,0.3255395683453237
1212.0,334.6666666660458,3.876,3.631,1988.3129999991504,2744.31,7748.31,0.2450000000000001,-0.000899281,1212.0,0.3201438848920863
1347.12,371.6999999992549,3.871,3.614,2322.660714285448,3104.38,7961.31,0.2570000000000001,-0.000899281,1350.288,0.3201438848920863
1251.06,346.0,3.871,3.619,2078.311999997124,2816.31,8009.56,0.2519999999999998,-0.000899281,1253.5619999999767,0.3255395683453237
1186.31,320.6666666660458,3.874,3.634,1900.9464285708964,2636.38,7723.25,0.2400000000000002,-0.000899281,1186.485999999977,0.3201438848920863
1258.88,347.3333333339542,3.885,3.631,2075.803571429104,2852.38,7492.75,0.254,-0.000899281,1264.4,0.3246402877697841
1330.88,367.5,3.878,3.613,2300.375,3068.38,7709.38,0.2650000000000001,-0.000899281,1333.488,0.3201438848920863
1127.5,314.7428571432829,3.852,3.664,1725.9022857137024,2420.19,7591.19,0.1879999999999997,-0.000899281,1128.0859999999766,0.3237410071942446
1146.25,308.6666666660458,3.834,3.653,1767.1701428554952,2492.31,7943.81,0.181,-0.000899281,1147.6139999999768,0.3201438848920863
1330.44,360.30000000074506,3.859,3.62,2222.375,3032.38,8037.88,0.2389999999999998,-0.000899281,1332.8759999999768,0.3201438848920863
1120.06,308.22857142984867,3.837,3.657,1700.3430000003427,2420.34,8155.03,0.1800000000000001,-0.000899281,1124.5799999999886,0.3156474820143884
1243.19,352.81299999915063,3.848,3.926,1715.0629999991506,2583.06,8470.06,-0.078,-0.000899281,1240.6,0.3435251798561151
1248.0,343.5,3.886,3.627,2060.25,2816.25,7568.25,0.2590000000000003,-0.000899281,1248.0,0.3174460431654676
1174.69,308.7428571432829,3.826,3.663,1784.3130000010133,2528.31,7519.19,0.1630000000000002,-0.000899281,1175.764,0.3201438848920863
1347.25,377.6999999992549,3.879,3.598,2312.375,3104.38,8139.62,0.2810000000000001,-0.000899281,1353.1999999999766,0.3201438848920863
1328.75,359.40000000037253,3.858,3.622,2210.3120000008494,3032.31,8085.88,0.2360000000000002,-0.000899281,1331.9879999999766,0.3192446043165468
1329.81,366.30000000074506,3.878,3.613,2294.3120000008494,3068.31,7711.31,0.2650000000000001,-0.000899281,1332.426,0.3192446043165468
1247.75,345.3333333339542,3.87,3.62,2066.25,2816.25,7973.38,0.25,-0.000899281,1252.3499999999767,0.3246402877697841
1123.81,314.0,3.851,3.664,1720.884428570047,2420.31,7580.94,0.1869999999999998,-0.000899281,1127.6359999999768,0.322841727
1184.06,320.0,3.873,3.634,1900.9464285708964,2636.38,7730.81,0.2390000000000003,-0.000899281,1185.9599999999766,0.3192446043165468
1346.5,378.30000000074506,3.878,3.598,2300.3120000008494,3104.31,8108.31,0.2800000000000002,-0.000899281,1350.611999999977,0.3192446043165468
1260.0,344.80000000074506,3.853,3.917,1802.1879999991504,2672.19,8312.62,-0.064,-0.000899281,1243.0,0.3426258992805755
1119.59,306.80000000074506,3.836,3.658,1700.3440000005066,2384.34,8160.94,0.1779999999999999,-0.000899281,1122.5039999999883,0.3147482014388489
1248.0,345.0,3.885,3.627,2055.170142855495,2816.31,7568.31,0.258,-0.000899281,1248.0,0.316546762589928
1175.81,307.8095238097012,3.826,3.662,1784.375,2528.38,7575.81,0.1640000000000001,-0.000899281,1175.45,0.3192446043165468
1345.62,370.80000000074506,3.871,3.615,2317.455857142806,3104.31,7977.44,0.2559999999999998,-0.000899281,1349.024,0.3192446043165468
1255.38,346.5,3.884,3.632,2065.3928571436554,2852.25,7468.12,0.2519999999999998,-0.000899281,1261.876,0.3237410071942445
1143.94,308.0,3.834,3.655,1767.2321428563446,2492.38,7947.88,0.1790000000000002,-0.000899281,1146.6259999999768,0.3192446043165468
1212.0,336.0,3.876,3.631,1988.312000000849,2744.31,7784.31,0.2450000000000001,-0.000899281,1212.0,0.3192446043165468
1212.0,334.6666666660458,3.876,3.63,1988.25,2744.25,7820.25,0.246,-0.000899281,1212.0,0.3183453237410072
1141.5,307.19999999925494,3.833,3.653,1756.8214285708964,2492.25,7889.56,0.1800000000000001,-0.000899281,1145.2759999999766,0.3183453237410072
1183.19,319.6190476194024,3.873,3.634,1895.740571429953,2636.31,7693.31,0.2390000000000003,-0.000899281,1185.4739999999767,0.3183453237410072
1328.31,367.0,3.877,3.614,2288.25,3068.25,7716.94,0.2629999999999999,-0.000899281,1331.226,0.3183453237410072
1255.5,347.3333333339542,3.885,3.632,2055.169142857194,2816.31,7449.0,0.2529999999999996,-0.000899281,1259.252,0.322841727
1343.31,369.9000000003725,3.87,3.616,2312.313,3104.31,7983.44,0.254,-0.000899281,1347.348,0.3183453237410072
1339.94,377.4000000003725,3.877,3.598,2294.375,3104.38,8102.88,0.2789999999999999,-0.000899281,1347.3879999999767,0.3183453237410072
1326.25,358.5,3.857,3.62,2204.3120000008494,3032.31,8043.69,0.2370000000000001,-0.000899281,1330.437999999977,0.3183453237410072
1174.38,307.59999999962747,3.825,3.663,1784.25,2528.25,7592.31,0.1620000000000003,-0.000899281,1175.05,0.3183453237410072
1248.0,344.5,3.885,3.626,2055.170142855495,2816.31,7604.31,0.2589999999999999,-0.000899281,1248.0,0.3156474820143885
1118.38,312.40000000037253,3.85,3.665,1710.6607142854482,2420.38,7532.56,0.185,-0.000899281,1125.4879999999769,0.3219424460431654
1260.0,345.0,3.855,3.633,2075.6165714282542,2852.19,8072.19,0.2219999999999999,-0.000899281,1245.4,0.3417266187050359
1118.16,306.51428571529686,3.836,3.657,1695.1701428554952,2384.31,8172.16,0.1789999999999998,-0.000899281,1120.6119999999885,0.3138489208633094
1245.0,344.6666666660458,3.87,3.621,2060.375,2816.38,7991.0,0.2490000000000001,-0.000899281,1250.5499999999768,0.3237410071942446
1323.94,358.0,3.857,3.622,2198.5,2996.5,8035.62,0.2350000000000003,-0.000899281,1328.437999999977,0.3174460431654676
1236.0,344.6666666660458,3.884,3.626,2054.375,2816.38,7640.38,0.258,-0.000899281,1245.5999999999767,0.3147482014388488
1338.69,375.0,3.877,3.6,2276.375,3068.38,8098.62,0.2769999999999997,-0.000899281,1344.4139999999766,0.3174460431654676
1117.69,306.51428571529686,3.835,3.657,1691.281000001356,2384.28,8152.53,0.1779999999999999,-0.000899281,1119.3999999999885,0.3129496402877697
1139.12,306.6666666660458,3.831,3.655,1751.7415714282542,2456.31,7957.81,0.1760000000000001,-0.000899281,1143.5119999999763,0.3174460431654676
1241.69,343.0,3.869,3.621,2050.027285717428,2816.31,7975.38,0.2480000000000002,-0.000899281,1247.937999999977,0.322841727
1180.31,318.6666666660458,3.873,3.635,1895.7415714282545,2636.31,7693.31,0.2380000000000004,-0.000899281,1184.1859999999767,0.3174460431654676
1256.81,347.73333333432674,3.886,3.632,2055.169142857194,2816.31,7512.44,0.254,-0.000899281,1257.552,0.3219424460431654
1326.44,366.5,3.876,3.615,2282.375,3068.38,7745.31,0.2609999999999997,-0.000899281,1329.626,0.3174460431654676
1212.0,332.952381,3.876,3.632,1978.089285714552,2708.38,7820.38,0.2439999999999997,-0.000899281,1212.0,0.3174460431654676
1260.0,343.3333333339542,3.856,3.632,2075.740571429953,2852.31,8072.31,0.2239999999999997,-0.000899281,1249.438,0.3408273381294964
1341.62,369.5,3.87,3.616,2306.3120000008494,3104.31,7950.69,0.254,-0.000899281,1345.534,0.3174460431654676
1173.06,307.0285714287311,3.825,3.663,1778.3119999989867,2528.31,7602.69,0.1620000000000003,-0.000899281,1174.438,0.3174460431654676
1115.5,312.17142857052386,3.849,3.667,1705.4548571445048,2420.31,7515.31,0.1820000000000003,-0.000899281,1122.7759999999766,0.3210431654676259
1260.0,343.5,3.856,3.633,2072.25,2852.25,8072.25,0.2229999999999998,-0.000899281,1256.638,0.3399280575539568
1236.0,343.5,3.883,3.627,2044.884428570047,2816.31,7532.31,0.2560000000000002,-0.000899281,1243.1999999999766,0.3138489208633094
1340.94,369.0,3.87,3.617,2300.313,3104.31,7965.12,0.2530000000000001,-0.000899281,1343.7220000000002,0.316546762589928
1177.75,318.0,3.871,3.635,1885.3298571445048,2636.19,7702.06,0.2360000000000002,-0.000899281,1182.3239999999769,0.316546762589928
1322.88,364.0,3.876,3.614,2276.188,3068.19,7693.56,0.262,-0.000899281,1327.6640000000002,0.316546762589928
1321.81,359.09999999962747,3.855,3.622,2192.3120000008494,2996.31,8064.5,0.2330000000000001,-0.000899281,1326.2379999999766,0.316546762589928
1212.0,334.0,3.876,3.631,1972.8834285717453,2708.31,7892.31,0.2450000000000001,-0.000899281,1212.0,0.316546762589928
1256.69,347.40000000037253,3.886,3.631,2060.313,2816.31,7527.44,0.2550000000000003,-0.000899281,1256.652,0.3210431654676259
1116.31,306.0,3.835,3.656,1695.2321428563446,2384.38,8189.06,0.1789999999999998,-0.000899281,1118.3619999999885,0.3120503597122302
1238.81,342.5,3.869,3.622,2039.740571426228,2780.31,7979.38,0.2470000000000003,-0.000899281,1244.861999999977,0.3219424460431654
1337.5,376.5,3.877,3.599,2276.313,3068.31,8083.88,0.2779999999999996,-0.000899281,1341.9759999999767,0.316546762589928
1138.69,307.59999999962747,3.832,3.655,1746.6607142854482,2456.38,7855.25,0.177,-0.000899281,1141.899999999977,0.316546762589928
1171.44,305.59999999962747,3.826,3.663,1777.5178571436554,2528.38,7611.69,0.1630000000000002,-0.000899281,1173.8760000000002,0.316546762589928
1115.12,312.80000000074506,3.849,3.667,1695.169142857194,2384.31,7467.25,0.1820000000000003,-0.000899281,1120.0619999999767,0.3201438848920863
1169.62,306.51428571529686,3.825,3.663,1772.375,2528.38,7632.12,0.1620000000000003,-0.000899281,1172.862,0.3156474820143884
1111.94,311.19999999925494,3.848,3.666,1695.1701428554952,2384.31,7466.0,0.1819999999999999,-0.000899281,1116.9499999999766,0.3192446043165468
1138.44,307.0285714287311,3.832,3.656,1746.5987142845988,2456.31,7892.81,0.1759999999999997,-0.000899281,1140.3379999999763,0.3156474820143884
1113.88,305.48571428470314,3.835,3.656,1684.9784285705537,2384.41,8146.25,0.1789999999999998,-0.000899281,1117.1259999999884,0.3111510791366906
1260.0,344.6666666660458,3.856,3.633,2065.455857142806,2816.31,8072.31,0.2229999999999998,-0.000899281,1260.0,0.3390287769784172
1235.81,340.0,3.867,3.624,2034.660714285448,2780.38,7932.56,0.2429999999999998,-0.000899281,1241.8119999999767,0.3210431654676259
1339.75,375.5999999996274,3.875,3.6,2270.25,3068.25,8061.81,0.2749999999999999,-0.000899281,1340.4759999999767,0.3156474820143884
1236.0,344.6666666660458,3.883,3.627,2044.884428570047,2816.31,7604.31,0.2560000000000002,-0.000899281,1240.7999999999768,0.3129496402877698
1341.19,371.0,3.87,3.616,2294.375,3068.38,7963.94,0.254,-0.000899281,1342.5359999999998,0.3156474820143884
1257.56,348.0,3.886,3.631,2062.625,2818.62,7543.56,0.2550000000000003,-0.000899281,1256.388,0.3201438848920863
1175.25,319.19999999925494,3.871,3.637,1880.375,2600.38,7653.94,0.2339999999999999,-0.000899281,1180.111999999977,0.3156474820143885
1200.0,332.0,3.874,3.632,1962.535714285448,2708.25,7748.25,0.242,-0.000899281,1209.5999999999767,0.3156474820143885
1321.81,365.5,3.875,3.615,2270.375,3068.38,7663.25,0.2599999999999998,-0.000899281,1325.85,0.3156474820143885
1321.62,358.0,3.857,3.623,2186.25,2996.25,8033.62,0.2339999999999999,-0.000899281,1324.4739999999767,0.3156474820143884
1337.0,375.5999999996274,3.876,3.6,2282.375,3068.38,8064.0,0.2759999999999998,-0.000899281,1338.5759999999768,0.3147482014388489
1260.0,342.30000000074506,3.857,3.633,2060.3120000008494,2816.31,8072.31,0.2240000000000002,-0.000899281,1260.0,0.3381294964028777
1175.69,319.19999999925494,3.871,3.636,1875.1701428554952,2600.31,7653.0,0.2349999999999998,-0.000899281,1178.437999999977,0.3147482014388488
1236.0,343.0,3.882,3.626,2044.9464285708964,2816.38,7640.38,0.2560000000000002,-0.000899281,1238.399999999977,0.3120503597122302
1257.44,346.40000000037253,3.886,3.631,2060.25,2852.25,7546.38,0.2550000000000003,-0.000899281,1256.8,0.3192446043165468
1342.5,369.9000000003725,3.87,3.615,2294.375,3068.38,7988.06,0.2549999999999999,-0.000899281,1341.9119999999998,0.3147482014388489
1138.81,307.0285714287311,3.832,3.656,1745.375,2456.38,7892.38,0.1759999999999997,-0.000899281,1139.3119999999767,0.3147482014388489
1108.62,310.6285714283585,3.848,3.667,1684.8834285717458,2384.31,7421.44,0.181,-0.000899281,1113.9119999999766,0.3183453237410072
1110.94,304.2077922075987,3.835,3.657,1682.25,2384.25,8138.0,0.1779999999999999,-0.000899281,1115.3959999999884,0.3102517985611511
1166.88,306.0,3.824,3.663,1766.3130000010133,2528.31,7615.06,0.161,-0.000899281,1171.0760000000002,0.3147482014388489
1200.0,332.0,3.874,3.633,1947.2321428563448,2672.38,7748.38,0.2410000000000001,-0.000899281,1207.1999999999766,0.3147482014388488
1235.31,340.80000000074506,3.867,3.623,2024.375,2780.38,7921.19,0.2439999999999997,-0.000899281,1239.3239999999766,0.3201438848920863
1321.94,365.0999999996274,3.875,3.616,2266.026285715401,3068.31,7648.12,0.2589999999999999,-0.000899281,1324.276,0.3147482014388488
1321.31,358.0,3.857,3.622,2180.313,2996.31,8022.75,0.2350000000000003,-0.000899281,1322.985999999977,0.3147482014388489
1320.81,365.0999999996274,3.875,3.615,2266.026285715401,3068.31,7672.38,0.2599999999999998,-0.000899281,1322.7759999999998,0.3138489208633094
1109.28,304.40000000037253,3.835,3.658,1674.5987142845988,2384.31,8157.91,0.177,-0.000899281,1113.6199999999883,0.3093525179856115
1175.69,319.3333333339542,3.871,3.636,1880.375,2600.38,7650.44,0.2349999999999998,-0.000899281,1176.937999999977,0.3138489208633094
1236.81,342.0,3.868,3.624,2024.313000002876,2780.31,7957.69,0.2439999999999997,-0.000899281,1237.6859999999767,0.3192446043165468
1248.0,342.6666666660458,3.856,3.634,2048.3120000008494,2816.31,8036.31,0.2219999999999999,-0.000899281,1257.6,0.3372302158273381
1108.12,310.6285714283585,3.848,3.668,1679.7415714282542,2384.31,7413.12,0.1799999999999997,-0.000899281,1111.8599999999765,0.3174460431654676
1330.0,375.08571428619325,3.874,3.599,2266.026285715401,3068.31,8052.0,0.2749999999999999,-0.000899281,1336.5879999999763,0.3138489208633094
1236.0,342.0,3.882,3.627,2042.25,2816.25,7604.25,0.2550000000000003,-0.000899281,1236.0,0.3111510791366906
1333.0,366.5,3.869,3.616,2294.3120000008494,3068.31,7946.12,0.2530000000000001,-0.000899281,1339.85,0.3138489208633094
1255.44,347.0,3.886,3.631,2060.375,2816.38,7580.56,0.2550000000000003,-0.000899281,1256.788,0.3183453237410072
1138.19,305.59999999962747,3.831,3.655,1746.5987142845988,2456.31,7871.94,0.1760000000000001,-0.000899281,1138.649999999977,0.3138489208633093
1166.44,305.48571428470314,3.824,3.663,1760.3130000010133,2492.31,7619.75,0.161,-0.000899281,1169.4879999999998,0.3138489208633093
1322.62,357.0,3.858,3.621,2180.25,2996.25,8040.44,0.2370000000000001,-0.000899281,1322.2599999999768,0.3138489208633093
1200.0,331.3333333339542,3.873,3.633,1947.1701428554952,2672.31,7820.31,0.2400000000000002,-0.000899281,1204.7999999999768,0.3138489208633094
1248.0,341.0,3.856,3.634,2039.678571429104,2816.25,8066.06,0.2219999999999999,-0.000899281,1255.2,0.3363309352517986
1165.25,305.19999999925494,3.824,3.664,1760.375,2492.38,7588.62,0.1599999999999997,-0.000899281,1167.926,0.3129496402877698
1320.31,365.0,3.875,3.616,2264.1870000008494,3032.19,7685.94,0.2589999999999999,-0.000899281,1321.55,0.3129496402877698
1328.5,372.9000000003725,3.874,3.602,2246.25,3032.25,8058.0,0.2720000000000002,-0.000899281,1334.5499999999768,0.3129496402877697
1224.0,342.0,3.882,3.627,2029.455857142806,2780.31,7604.31,0.2550000000000003,-0.000899281,1233.5999999999767,0.3102517985611511
1107.84,304.1904761902988,3.835,3.658,1669.486857144162,2348.34,8141.97,0.177,-0.000899281,1111.6499999999885,0.3084532374100719
1175.69,318.40000000037253,3.87,3.636,1875.169142857194,2600.31,7615.88,0.2339999999999999,-0.000899281,1176.013999999977,0.3129496402877698
1239.12,341.3333333339542,3.869,3.623,2024.375,2780.38,7983.5,0.246,-0.000899281,1237.1719999999766,0.3183453237410072
1325.62,364.5,3.866,3.618,2258.3120000008494,3032.31,7923.31,0.2480000000000002,-0.000899281,1336.65,0.3129496402877697
1255.19,346.5,3.886,3.632,2054.3120000008494,2816.31,7573.19,0.254,-0.000899281,1256.464,0.3174460431654676
1313.31,357.2606250010431,3.855,3.622,2180.3120000008494,2996.31,8056.81,0.2330000000000001,-0.000899281,1320.1339999999766,0.3129496402877698
1130.31,304.9714285712689,3.828,3.655,1742.3129999991506,2456.31,7911.69,0.173,-0.000899281,1136.8879999999767,0.3129496402877698
1212.0,332.0,3.873,3.633,1947.2321428563448,2672.38,7748.38,0.2400000000000002,-0.000899281,1204.7999999999768,0.3129496402877698
1106.56,309.19999999925494,3.848,3.668,1674.5977142862976,2384.31,7439.06,0.1799999999999997,-0.000899281,1110.0719999999767,0.316546762589928
1224.0,339.0,3.88,3.629,2003.7769999988377,2780.31,7640.31,0.2509999999999999,-0.000899281,1231.1999999999766,0.3093525179856115
1107.19,303.2571428567171,3.835,3.658,1664.343999998644,2348.34,8150.28,0.177,-0.000899281,1109.8259999999884,0.3075539568345323
1326.88,374.0,3.873,3.602,2240.1870000008494,3032.19,8080.5,0.2710000000000003,-0.000899281,1332.4259999999767,0.3120503597122302
1316.06,363.9000000003725,3.862,3.622,2240.3120000008494,3032.31,7886.5,0.2400000000000002,-0.000899281,1331.6739999999998,0.3120503597122302
1165.12,305.19999999925494,3.824,3.664,1760.3130000010133,2492.31,7631.31,0.1599999999999997,-0.000899281,1166.662,0.3120503597122302
1248.0,340.5,3.856,3.636,2030.3645000010729,2780.31,8000.38,0.2199999999999997,-0.000899281,1252.8,0.3354316546762589
1175.25,318.0,3.868,3.636,1880.25,2600.25,7605.81,0.2319999999999997,-0.000899281,1175.5139999999767,0.3120503597122302
1313.06,363.9000000003725,3.872,3.615,2258.375,3032.38,7701.31,0.2569999999999997,-0.000899281,1319.586,0.3120503597122302
1200.0,330.6666666660458,3.873,3.633,1957.455857142806,2708.31,7748.31,0.2400000000000002,-0.000899281,1202.399999999977,0.3120503597122302
1252.31,346.6666666660458,3.885,3.632,2054.375,2816.38,7599.12,0.2529999999999996,-0.000899281,1255.5880000000002,0.316546762589928
1308.81,353.5,3.853,3.624,2156.313,2960.31,8025.88,0.2290000000000001,-0.000899281,1317.533999999977,0.3120503597122302
1229.5,340.6666666660458,3.867,3.622,2030.313000002876,2780.31,7982.06,0.2450000000000001,-0.000899281,1235.3099999999768,0.3174460431654676
1120.56,302.0,3.826,3.656,1720.9464285708964,2420.38,7895.06,0.1699999999999999,-0.000899281,1133.2619999999763,0.3120503597122302
1106.06,308.0,3.849,3.668,1664.3120000008494,2384.31,7476.06,0.181,-0.000899281,1108.2599999999766,0.3156474820143885
1212.0,349.21900000050664,3.876,3.914,1750.0,2611.0,8085.0,-0.038,-0.000899281,1226.399999999977,0.3084532374100719
1202.38,341.99950000084937,3.871,3.916,1694.0,2534.0,8372.0,-0.045,-0.000899281,1202.8759999999768,0.3111510791366906
1248.0,340.0,3.855,3.635,2024.3129999991504,2780.31,8000.31,0.2200000000000002,-0.000899281,1250.4,0.3345323741007194
1226.81,352.8119999971241,3.864,3.792,1764.25,2611.0,8470.5,0.072,-0.000899281,1233.5099999999766,0.316546762589928
1104.31,308.0,3.849,3.668,1664.3129999991506,2348.31,7442.94,0.181,-0.000899281,1106.7339999999767,0.3147482014388488
1118.0,313.21900000050664,3.822,3.807,1393.25,2219.0,8720.25,0.0150000000000001,-0.000899281,1129.1739999999768,0.3111510791366906
1296.19,374.375,3.864,3.908,2002.312000000849,2884.31,8188.38,-0.044,-0.000899281,1314.462,0.3111510791366906
1250.38,345.5,3.884,3.632,2044.8214285708964,2816.25,7579.56,0.2519999999999998,-0.000899281,1254.152,0.3156474820143884
1307.69,367.1879999991506,3.856,3.917,1939.375,2842.0,8375.38,-0.061,-0.000899281,1314.7479999999766,0.3111510791366906
1150.12,324.0,3.86,3.797,1596.375,2436.0,8217.69,0.063,-0.000899281,1170.4879999999766,0.3111510791366906
1107.06,314.43700000084937,3.833,3.937,1372.0,2191.03,8880.88,-0.104,-0.000899281,1108.4619999999882,0.3066546762589928
1312.19,377.9685,3.857,3.781,1991.875,2877.0,8247.06,0.076,-0.000899281,1325.874,0.3111510791366906
1140.69,309.59349999949336,3.812,3.805,1491.375,2345.0,8015.56,0.007,-0.000899281,1160.8760000000002,0.3111510791366906
1339.75,369.9000000003725,3.868,3.902,2024.375,2888.38,8274.0,-0.034,-0.000899281,1325.324,0.3102517985611511
194118.84,173958.49200015143,4.24,3.356,57209.98100000247,68460.0,68460.0,0.8840000000000003,-0.000899281,39802.96799999998,0.3075539568345323
1248.0,340.0,3.853,3.636,2014.089285714552,2780.38,7964.38,0.217,-0.000899281,1248.0,0.3336330935251798
1325.25,359.40000000037253,3.856,3.909,1966.712000001222,2852.31,8345.56,-0.053,-0.000899281,1315.5359999999766,0.3102517985611511
1316.5,363.5,3.872,3.904,2006.375,2852.38,8014.56,-0.032,-0.000899281,1313.374,0.3102517985611511
1141.31,308.7428571432829,3.829,3.929,1424.375,2240.38,8504.0,-0.1,-0.000899281,1129.6739999999768,0.3102517985611511
1102.94,308.40000000037253,3.848,3.668,1659.2321428563446,2348.38,7459.94,0.1799999999999997,-0.000899281,1105.5979999999768,0.3138489208633094
1200.0,332.6666666660458,3.871,3.91,1706.3120000008494,2528.31,8252.31,-0.039,-0.000899281,1202.8759999999768,0.3102517985611511
1165.5,316.0,3.863,3.918,1556.3129999991506,2384.31,8084.69,-0.055,-0.000899281,1168.4499999999766,0.3102517985611511
1345.94,378.30000000074506,3.875,3.896,2096.375,2960.38,8404.38,-0.021,-0.001798561,1333.6639999999768,0.3109712230215827
1143.38,303.09090909175575,3.811,3.935,1441.1119999997318,2276.31,7961.62,-0.124,-0.000899281,1156.176,0.3102517985611511
1104.0,306.17142857052386,3.831,3.93,1400.25,2204.25,8684.25,-0.099,-0.000899281,1107.0739999999882,0.3057553956834532
1242.69,344.6666666660458,3.865,3.911,1784.25,2600.25,8367.38,-0.046,-0.000899281,1234.985999999977,0.3156474820143884
1247.12,345.0,3.883,3.633,2039.740571429953,2816.31,7553.06,0.25,-0.000899281,1252.0880000000002,0.3147482014388489
1224.0,343.19999999925494,3.869,3.59,3086.320000000298,4220.32,11168.32,0.2790000000000003,-0.000899281,39800.56799999998,0.3066546762589928
1320.12,356.5,3.856,3.623,2192.375,2996.38,8117.56,0.2329999999999996,-0.000899281,1315.0359999999766,0.3093525179856115
1245.31,344.0,3.884,3.633,2034.660714285448,2816.38,7595.19,0.2509999999999999,-0.000899281,1250.062,0.3138489208633093
1147.69,310.0,3.833,3.656,1756.7584285717458,2456.19,8088.25,0.177,-0.000899281,1131.5739999999766,0.3093525179856115
1099.75,307.88571428507566,3.847,3.668,1658.3120000008494,2348.31,7466.94,0.1789999999999998,-0.000899281,1103.9239999999768,0.3129496402877698
1315.75,364.2857142854482,3.873,3.618,2258.313,3032.31,7774.62,0.2550000000000003,-0.000899281,1312.362,0.3093525179856115
1236.0,339.3333333339542,3.853,3.636,2012.25,2780.25,7928.25,0.217,-0.000899281,1245.6,0.3327338129496403
1348.38,379.1999999992549,3.876,3.6,2300.3120000008494,3104.31,8182.12,0.2759999999999998,-0.000899281,1335.9399999999769,0.3098920863309352
1149.44,303.11688311584294,3.816,3.669,1700.3130000010133,2456.31,7622.94,0.1469999999999998,-0.000899281,1152.776,0.3093525179856115
1237.81,342.65966666676104,3.867,3.623,2044.8834285680205,2780.31,8068.81,0.2439999999999997,-0.000899281,1235.1859999999765,0.3147482014388489
1104.0,303.9428571444005,3.832,3.658,1679.740571429953,2384.31,8241.19,0.1739999999999999,-0.000899281,1106.0179999999884,0.3048561151079136
1338.56,368.4000000003725,3.87,3.443,2288.8834285717458,3060.0,8045.56,0.427,-0.000899281,1326.436,0.3093525179856115
1168.56,317.19999999925494,3.866,3.642,1849.517857143656,2564.38,7674.5,0.2240000000000002,-0.000899281,1167.0239999999765,0.3093525179856115
1200.0,331.3333333339542,3.872,3.636,1947.2321428563448,2672.38,7892.38,0.2359999999999997,-0.000899281,1202.8759999999768,0.3093525179856115
1321.75,364.0,3.875,3.619,2258.3120000008494,3032.31,7745.19,0.2559999999999998,-0.000899281,1312.65,0.3084532374100719
1105.44,302.80000000074506,3.832,3.658,1669.4548571445048,2348.31,8142.44,0.1739999999999999,-0.000899281,1105.5379999999884,0.3039568345323741
1200.0,331.3333333339542,3.873,3.635,1952.3129999991504,2672.31,7820.31,0.2380000000000004,-0.000899281,1200.4759999999767,0.3084532374100719
1336.69,367.5,3.87,3.618,2282.3120000008494,3068.31,7964.62,0.2520000000000002,-0.000899281,1328.65,0.3084532374100719
1347.5,377.4857142847032,3.878,3.598,2312.3120000008494,3104.31,8151.56,0.2800000000000002,-0.000899281,1339.4399999999769,0.3088129496402877
1236.25,342.6666666660458,3.867,3.624,2032.688000002876,2782.69,8016.88,0.2429999999999998,-0.000899281,1234.611999999977,0.3138489208633094
1155.06,302.91428571380675,3.82,3.668,1720.8844285719097,2456.31,7583.75,0.1519999999999997,-0.000899281,1150.738,0.3084532374100719
1317.44,356.51033333316445,3.857,3.623,2180.25,2996.25,8062.31,0.2339999999999999,-0.000899281,1315.861999999977,0.3084532374100719
1236.0,338.40000000037253,3.852,3.637,2006.375,2780.38,7928.38,0.2149999999999998,-0.000899281,1243.2,0.3318345323741007
1169.75,316.6666666660458,3.867,3.639,1864.884428570047,2600.31,7640.31,0.2280000000000002,-0.000899281,1165.8359999999768,0.3084532374100719
1224.0,339.3333333339542,3.871,3.645,1993.334857141599,2744.19,7928.19,0.2259999999999999,-0.000899281,39800.56799999998,0.3057553956834532
1149.31,309.3333333339542,3.834,3.653,1777.3928571436554,2492.25,8087.44,0.181,-0.000899281,1135.3739999999766,0.3084532374100719
1106.81,318.00049999915063,3.843,3.799,1386.375,2191.0,8035.88,0.044,-0.000899281,1103.9739999999767,0.3120503597122302
1243.94,344.0,3.883,3.635,2029.455857142806,2780.31,7558.62,0.2480000000000002,-0.000899281,1247.812,0.3129496402877698
1149.38,308.40000000037253,3.836,3.652,1777.5178571436554,2492.38,8105.69,0.1839999999999997,-0.000899281,1141.1379999999767,0.3075539568345323
1160.44,304.80000000074506,3.821,3.666,1730.25,2456.25,7632.38,0.1550000000000002,-0.000899281,1149.802,0.3075539568345323
1315.5,356.0,3.856,3.624,2174.375,2996.38,8031.75,0.2319999999999997,-0.000899281,1317.1999999999766,0.3075539568345323
1104.44,302.22857142984867,3.833,3.658,1664.3129999991506,2348.31,8123.81,0.1750000000000002,-0.000899281,1104.9879999999882,0.3030575539568345
1173.69,317.59999999962747,3.869,3.64,1870.089285714552,2600.38,7630.5,0.2290000000000001,-0.000899281,1165.5239999999767,0.3075539568345323
1224.0,340.6666666660458,3.873,3.645,1994.3540000002831,2744.35,7748.35,0.2280000000000002,-0.000899281,39800.56799999998,0.3048561151079136
1236.0,337.3333333339542,3.852,3.638,2000.3129999991504,2744.31,7892.31,0.2139999999999999,-0.000899281,1240.8,0.3309352517985611
1322.88,364.5,3.876,3.616,2276.25,3068.25,7757.62,0.2599999999999998,-0.000899281,1314.614,0.3075539568345323
1333.69,366.5999999996274,3.868,3.619,2276.375,3068.38,7906.06,0.2489999999999996,-0.000899281,1332.1760000000002,0.3075539568345323
1243.62,343.80000000074506,3.884,3.636,2024.25,2780.25,7550.25,0.2479999999999997,-0.000899281,1246.074,0.3120503597122302
1105.0,310.2857142854482,3.843,3.926,1418.375,2204.38,7929.12,-0.083,-0.000899281,1103.7619999999768,0.3111510791366906
1345.88,376.2378000002354,3.879,3.6,2306.25,3104.25,8144.25,0.2789999999999999,-0.000899281,1342.915999999977,0.3077338129496403
1224.0,341.9690000023693,3.867,3.624,2024.311999997124,2780.31,7958.31,0.2429999999999998,-0.000899281,1233.5119999999763,0.3129496402877697
1200.0,331.3333333339542,3.873,3.635,1947.2321428563448,2672.38,7784.38,0.2380000000000004,-0.000899281,1200.4759999999767,0.3075539568345323
1220.44,352.81200000084937,3.873,3.798,1799.375,2667.0,7919.06,0.075,-0.000899281,1240.0859999999998,0.3111510791366906
1235.38,340.0,3.869,3.625,2029.517857143656,2780.38,7982.0,0.2440000000000002,-0.000899281,1235.2259999999767,0.3120503597122302
1322.38,365.4285714291036,3.877,3.616,2276.375,3068.38,7769.69,0.2609999999999997,-0.000899281,1319.852,0.3066546762589928
1330.5,367.1999999992549,3.868,3.618,2270.375,3068.38,7922.0,0.25,-0.000899281,1335.8380000000002,0.3066546762589928
1098.62,309.09090909175575,3.843,3.668,1664.4379999991506,2348.44,7592.81,0.1749999999999998,-0.000899281,1102.6239999999766,0.3102517985611511
1343.06,377.4857142847032,3.879,3.599,2300.375,3104.38,8176.0,0.2799999999999998,-0.000899281,1346.1519999999769,0.3066546762589928
1212.0,330.6666666660458,3.874,3.634,1952.375,2672.38,7820.38,0.2400000000000002,-0.000899281,1202.399999999977,0.3066546762589928
1173.12,316.6666666660458,3.869,3.637,1885.642857143656,2600.5,7568.5,0.2320000000000002,-0.000899281,1170.1239999999766,0.3066546762589928
1146.56,309.3333333339542,3.835,3.652,1777.5178571436554,2492.38,8074.06,0.1829999999999998,-0.000899281,1146.8499999999767,0.3066546762589928
1310.62,354.0,3.857,3.625,2168.313,2960.31,7989.88,0.2320000000000002,-0.000899281,1317.7859999999769,0.3066546762589928
1224.0,338.5,3.873,3.644,2003.780571429059,2744.35,7676.35,0.2290000000000001,-0.000899281,39802.96799999998,0.3039568345323741
1167.44,306.0,3.824,3.664,1748.375,2492.38,7629.75,0.1599999999999997,-0.000899281,1155.152,0.3066546762589928
1092.0,302.0,3.831,3.659,1659.2321428563446,2348.38,8101.94,0.1720000000000001,-0.000899281,1101.9759999999883,0.302158273
1236.0,336.6666666660458,3.851,3.638,1993.4548571445048,2744.31,7892.31,0.213,-0.000899281,1238.4,0.3300359712230215
1308.5,354.30000000074506,3.856,3.626,2161.175000000745,2960.38,7968.25,0.2299999999999999,-0.000899281,1314.4359999999767,0.3057553956834532
1168.38,305.48571428470314,3.824,3.663,1767.1691428553313,2528.31,7627.5,0.161,-0.000899281,1160.152,0.3057553956834532
1340.12,375.9000000003725,3.878,3.6,2294.438,3104.44,8124.75,0.278,-0.000899281,1344.9879999999766,0.3057553956834532
1236.06,339.5,3.87,3.624,2029.392857143656,2780.25,7951.5,0.246,-0.000899281,1233.899999999977,0.3111510791366906
1224.0,334.0,3.85,3.638,1988.25,2744.25,7856.25,0.2120000000000002,-0.000899281,1233.6,0.3291366906474821
1173.44,316.6666666660458,3.869,3.638,1885.392857143656,2600.25,7569.31,0.2310000000000003,-0.000899281,1171.7119999999766,0.3057553956834532
1224.0,340.0,3.874,3.644,2006.254000000656,2780.25,7676.25,0.2299999999999999,-0.000899281,1224.0,0.3030575539568345
1097.38,307.32467532530427,3.842,3.67,1643.6165714282542,2348.19,7502.44,0.1720000000000001,-0.000899281,1101.5119999999768,0.3093525179856115
1144.94,309.3333333339542,3.836,3.653,1767.2321428563446,2492.38,8083.62,0.1829999999999998,-0.000899281,1147.5759999999768,0.3057553956834532
1100.38,301.7142857145518,3.832,3.66,1654.0892857145518,2348.38,8098.31,0.1719999999999997,-0.000899281,1101.2519999999884,0.3012589928057554
1328.25,366.30000000074506,3.868,3.62,2264.3120000008494,3068.31,7858.81,0.2479999999999997,-0.000899281,1333.538,0.3057553956834532
1221.0,340.0,3.872,3.912,1743.5120000001043,2600.31,7779.5,-0.04,-0.000899281,1234.862,0.3102517985611511
1211.94,331.9793333336711,3.876,3.633,1962.535714285448,2708.25,7856.25,0.2429999999999998,-0.000899281,1204.7879999999768,0.3057553956834532
1320.5,364.5,3.876,3.615,2276.313,3068.31,7751.25,0.2609999999999997,-0.000899281,1320.652,0.3057553956834532
1224.0,339.0,3.874,3.643,2006.320000000298,2780.32,7640.32,0.2310000000000003,-0.000899281,1224.0,0.302158273
1165.88,304.40000000037253,3.823,3.662,1772.25,2528.25,7642.31,0.161,-0.000899281,1163.44,0.3048561151079136
1335.5,374.0999999996274,3.877,3.6,2286.535714285448,3068.25,8079.19,0.2769999999999997,-0.000899281,1342.4119999999766,0.3048561151079136
1170.56,315.6190476194024,3.869,3.637,1880.1879999991504,2600.19,7513.81,0.2320000000000002,-0.000899281,1172.111999999977,0.3048561151079136
1307.5,353.5,3.856,3.625,2150.375,2960.38,7967.06,0.2309999999999998,-0.000899281,1311.9119999999768,0.3048561151079136
1143.31,308.40000000037253,3.835,3.654,1762.0892857145518,2456.38,8093.38,0.181,-0.000899281,1146.6999999999766,0.3048561151079136
1235.62,340.0,3.87,3.624,2024.375,2780.38,7970.69,0.246,-0.000899281,1233.4619999999768,0.3102517985611511
1235.56,335.3333333339542,3.85,3.638,1988.25,2744.25,7892.25,0.2120000000000002,-0.000899281,1233.512,0.3282374100719424
1100.69,301.7142857145518,3.832,3.66,1648.8834285717458,2348.31,8103.0,0.1719999999999997,-0.000899281,1100.5899999999883,0.3003597122302158
1320.5,364.5,3.876,3.616,2271.2321428563446,3032.38,7767.94,0.2599999999999998,-0.000899281,1321.602,0.3048561151079136
1093.81,306.18181818164885,3.843,3.67,1643.740571429953,2348.31,7482.69,0.173,-0.000899281,1100.3239999999766,0.3084532374100719
1227.19,340.0,3.876,3.641,1962.5987142845988,2744.31,7494.12,0.2349999999999998,-0.000899281,1231.238,0.3093525179856115
1326.88,363.9000000003725,3.867,3.621,2260.8214285708964,3032.25,7855.38,0.246,-0.000899281,1331.202,0.3048561151079136
1212.0,332.6666666660458,3.875,3.633,1967.7415714282545,2708.31,7820.31,0.242,-0.000899281,1207.187999999977,0.3048561151079136
1159.56,302.80000000074506,3.822,3.663,1766.3119999989867,2492.31,7613.88,0.1590000000000002,-0.000899281,1164.34,0.3039568345323741
1212.5,330.0,3.874,3.632,1972.9464285708964,2708.38,7820.38,0.242,-0.000899281,1209.687999999977,0.3039568345323741
1331.75,373.1999999992549,3.876,3.601,2276.188,3068.19,8042.06,0.2749999999999999,-0.000899281,1339.2619999999763,0.3039568345323741
1098.75,301.09090909175575,3.832,3.66,1633.0084285717458,2332.44,8145.19,0.1719999999999997,-0.000899281,1099.2519999999884,0.2994604316546762
1224.0,339.0,3.874,3.642,2006.320000000298,2744.32,7604.32,0.2320000000000002,-0.000899281,1224.0,0.3012589928057554
1169.31,315.6190476194024,3.868,3.638,1870.089285714552,2600.38,7563.44,0.2299999999999999,-0.000899281,1172.0239999999765,0.3039568345323741
1325.88,365.0,3.867,3.621,2258.3120000008494,3032.31,7872.44,0.246,-0.000899281,1329.0400000000002,0.3039568345323741
1235.12,334.5,3.85,3.638,1988.4379999991504,2744.44,7892.44,0.2120000000000002,-0.000899281,1233.3359999999998,0.3273381294964029
1308.0,351.90000000037253,3.856,3.626,2150.4370000008494,2960.44,7962.5,0.2299999999999999,-0.000899281,1310.0239999999767,0.3039568345323741
1320.31,363.3333333339542,3.877,3.616,2270.375,3032.38,7812.94,0.2609999999999997,-0.000899281,1321.314,0.3039568345323741
1089.75,305.3142857141793,3.842,3.671,1628.3120000008494,2312.31,7429.88,0.1710000000000002,-0.000899281,1096.9119999999766,0.3075539568345323
1140.38,307.3333333339542,3.835,3.653,1756.9464285708964,2456.38,8080.94,0.1819999999999999,-0.000899281,1144.9139999999766,0.3039568345323741
1233.81,341.0,3.87,3.624,2019.1691428534689,2780.31,7935.19,0.246,-0.000899281,1232.9739999999767,0.3093525179856115
1234.19,342.0,3.878,3.639,1982.375,2744.38,7490.19,0.2390000000000003,-0.000899281,1229.288,0.3084532374100719
1224.0,339.0,3.873,3.643,2003.818571,2744.39,7640.39,0.2300000000000004,-0.000899281,1224.0,0.3003597122302158
1212.0,332.0,3.874,3.633,1962.535714285448,2708.25,7784.25,0.2410000000000001,-0.000899281,1212.0879999999768,0.3030575539568345
1232.12,339.3333333339542,3.87,3.625,2014.026285711676,2780.31,7965.75,0.2450000000000001,-0.000899281,1234.5979999999768,0.3084532374100719
1137.25,306.6666666660458,3.835,3.654,1746.4727142862976,2456.19,8011.12,0.181,-0.000899281,1142.4879999999766,0.3030575539568345
1238.62,343.19999999925494,3.878,3.637,2000.3129999991504,2780.31,7536.06,0.2410000000000001,-0.000899281,1228.288,0.3075539568345323
1308.19,351.90000000037253,3.856,3.626,2150.313,2960.31,7971.56,0.2299999999999999,-0.000899281,1308.5619999999767,0.3030575539568345
1224.0,334.6666666660458,3.849,3.639,1978.089285714552,2744.38,7928.38,0.2100000000000004,-0.000899281,1230.936,0.3264388489208633
1156.0,302.0,3.822,3.664,1751.741571430117,2492.31,7610.56,0.1579999999999999,-0.000899281,1163.452,0.3030575539568345
1090.44,304.9870129879564,3.842,3.671,1618.0892857145518,2312.38,7439.0,0.1710000000000002,-0.000899281,1093.9999999999768,0.3066546762589928
1318.5,363.5999999996274,3.877,3.615,2264.25,3032.25,7785.19,0.2619999999999995,-0.000899281,1320.438,0.3030575539568345
1326.06,364.5,3.867,3.62,2255.7415714282542,3032.31,7839.12,0.2469999999999999,-0.000899281,1327.514,0.3030575539568345
1331.06,373.1999999992549,3.875,3.601,2270.375,3068.38,8059.0,0.274,-0.000899281,1336.2979999999766,0.3030575539568345
1167.69,315.6190476194024,3.868,3.638,1864.884428570047,2600.31,7537.62,0.2299999999999999,-0.000899281,1170.8239999999766,0.3030575539568345
1096.12,300.6857142858207,3.831,3.659,1641.75,2348.25,8087.62,0.1720000000000001,-0.000899281,1097.5879999999884,0.2985611510791366
1330.62,373.5,3.875,3.601,2264.25,3068.25,8048.81,0.274,-0.000899281,1333.8099999999768,0.302158273
1327.88,364.5,3.866,3.62,2258.3120000008494,3032.31,7873.94,0.246,-0.000899281,1326.99,0.302158273
1212.0,331.5,3.875,3.654,1958.3129999991504,2708.31,7784.31,0.221,-0.000899281,1212.0879999999768,0.302158273
1224.0,337.98966666683555,3.874,3.642,2000.3829999994489,2744.38,7640.38,0.2320000000000002,-0.000899281,1224.0,0.2994604316546762
1212.0,332.6666666660458,3.847,3.64,1957.4548571445048,2708.31,7928.31,0.2069999999999998,-0.000899281,1226.136,0.3255395683453237
1169.31,317.3333333339542,3.869,3.639,1859.7415714282545,2600.31,7579.44,0.2300000000000004,-0.000899281,1170.0619999999767,0.302158273
1233.38,340.6666666660458,3.868,3.624,2012.313000002876,2744.31,7916.75,0.2439999999999997,-0.000899281,1234.197999999977,0.3075539568345323
1135.69,304.80000000074506,3.835,3.654,1741.5089999996126,2456.38,8004.94,0.181,-0.000899281,1140.3139999999769,0.302158273
1153.19,301.19999999925494,3.821,3.665,1742.25,2492.25,7562.62,0.1560000000000001,-0.000899281,1160.602,0.302158273
1242.12,343.3333333339542,3.88,3.635,2013.964285714552,2780.25,7503.75,0.2450000000000001,-0.000899281,1232.624,0.3066546762589928
1315.38,362.0,3.877,3.616,2258.375,3032.38,7770.06,0.2609999999999997,-0.000899281,1319.038,0.302158273
1090.62,305.3142857141793,3.843,3.671,1623.2321428563446,2312.38,7468.5,0.1720000000000001,-0.000899281,1092.399999999977,0.3057553956834532
1309.25,354.30000000074506,3.857,3.625,2150.25,2960.25,7979.44,0.2320000000000002,-0.000899281,1308.2879999999766,0.302158273
1228.38,340.0,3.866,3.625,2018.311999997124,2780.31,7884.56,0.2410000000000001,-0.000899281,1232.6619999999766,0.3066546762589928
1096.94,299.48571428470314,3.831,4.075,432.0,1116.0,6924.69,-0.244,-0.001798561,1098.5759999999884,0.2974820143884892
1212.0,330.47619047760963,3.846,3.642,1934.25,2672.25,7928.25,0.2040000000000001,-0.000899281,1223.736,0.3246402877697841
1089.88,305.3142857141793,3.843,3.671,1628.5,2312.5,7429.0,0.1720000000000001,-0.000899281,1090.899999999977,0.3048561151079136
1239.88,342.0,3.881,3.634,2030.375,2780.38,7496.38,0.2469999999999999,-0.000899281,1236.4,0.3057553956834532
1308.12,353.40000000037253,3.856,3.626,2156.313,2960.31,8002.31,0.2299999999999999,-0.000899281,1308.2119999999766,0.3012589928057553
1314.81,362.9333333335817,3.876,3.617,2250.660714285448,3032.38,7762.88,0.2589999999999999,-0.000899281,1317.9,0.3012589928057554
1212.0,331.3333333339542,3.875,3.633,1962.660714285448,2708.38,7820.38,0.242,-0.000899281,1212.0999999999767,0.3012589928057554
1168.81,316.0,3.868,3.638,1859.803571429104,2600.38,7559.5,0.2299999999999999,-0.000899281,1169.1359999999763,0.3012589928057554
1133.5,304.0,3.835,3.656,1736.375,2456.38,7976.62,0.1789999999999998,-0.000899281,1138.0259999999766,0.3012589928057553
1331.88,372.30000000074506,3.875,3.601,2258.313,3068.31,8040.5,0.274,-0.000899281,1332.1619999999768,0.3012589928057554
1327.81,366.5,3.866,3.619,2260.9464285708964,3032.38,7880.94,0.2469999999999999,-0.000899281,1326.902,0.3012589928057554
1212.0,337.5,3.872,3.642,1993.494857141748,2744.35,7676.35,0.2299999999999999,-0.000899281,1221.5999999999767,0.2985611510791367
1148.94,300.46753246709704,3.821,3.665,1736.3130000010133,2492.31,7547.94,0.1560000000000001,-0.000899281,1156.7140000000002,0.3012589928057553
1224.19,338.0,3.866,3.625,2008.8214285708964,2744.25,7850.12,0.2410000000000001,-0.000899281,1230.3759999999768,0.3057553956834532
1327.12,371.4000000003725,3.874,3.601,2258.375,3068.38,8109.81,0.2730000000000001,-0.000899281,1330.485999999977,0.3003597122302158
1313.06,360.5,3.877,3.617,2246.3120000008494,3032.31,7768.88,0.2599999999999998,-0.000899281,1316.4119999999998,0.3003597122302158
1145.56,299.48571428470314,3.821,3.666,1724.3119999989867,2456.31,7553.38,0.1550000000000002,-0.000899281,1152.65,0.3003597122302158
1212.0,337.5,3.872,3.643,1978.0342857148496,2744.32,7640.32,0.2290000000000001,-0.000899281,1219.1999999999766,0.2976618705035971
1096.31,299.37662337720394,3.833,3.66,1637.3129999991506,2312.31,8113.44,0.173,-0.000899281,1097.7619999999883,0.2964028776978417
1168.62,316.0,3.869,3.639,1859.803571429104,2600.38,7534.19,0.2300000000000004,-0.000899281,1168.7479999999766,0.3003597122302158
1328.75,365.4000000003725,3.866,3.62,2260.8834285717458,3032.31,7929.38,0.246,-0.000899281,1327.2759999999998,0.3003597122302158
1212.0,333.3333333339542,3.876,3.632,1967.8665714282545,2708.44,7892.44,0.2439999999999997,-0.000899281,1212.0999999999767,0.3003597122302158
1200.0,329.3333333339542,3.844,3.644,1910.25,2672.25,7892.25,0.1999999999999997,-0.000899281,1216.624,0.3237410071942445
1089.44,305.3142857141793,3.843,3.672,1623.2321428563446,2312.38,7442.19,0.1709999999999998,-0.000899281,1090.0259999999766,0.3039568345323741
1238.25,343.0,3.88,3.635,2024.187000000849,2780.19,7454.69,0.2450000000000001,-0.000899281,1238.612,0.3048561151079136
1303.12,351.3333333339542,3.855,3.625,2150.313,2960.31,8019.69,0.2299999999999999,-0.000899281,1307.3359999999766,0.3003597122302158
1130.69,303.19999999925494,3.834,3.656,1731.1701428554952,2420.31,7924.06,0.1779999999999999,-0.000899281,1135.5019999999768,0.3003597122302158
1325.81,371.4000000003725,3.874,3.602,2240.375,3032.38,8101.0,0.2720000000000002,-0.000899281,1329.2979999999766,0.2994604316546762
1326.81,365.4000000003725,3.867,3.619,2260.8834285717458,3032.31,7900.44,0.2479999999999997,-0.000899281,1327.462,0.2994604316546762
1094.94,299.48571428470314,3.832,3.66,1633.5178571436554,2312.38,8108.38,0.1719999999999997,-0.000899281,1096.6119999999885,0.2953237410071942
1128.0,304.11428571492434,3.834,3.655,1725.9642857145518,2420.25,7920.94,0.1790000000000002,-0.000899281,1133.0259999999766,0.2994604316546763
1092.88,304.40000000037253,3.844,3.671,1623.2321428563446,2312.38,7445.94,0.173,-0.000899281,1090.6519999999769,0.3030575539568345
